BAN-002 0 0 28.493 4.164
BAN-003 0 0 40.633 8.492
BAN-010 0 0 51.231 6.916
BAN-011 0 0 21.667 4.83
BAN-015 0 0 26.79 12.046
BAN-019 0 0 39.543 10.207
BAN-021 0 0 7.876 4.294
BAN-022 0 0 24.514 6.296
BAN-026 0 0 39.303 8.157
BAN-028 0 0 41.681 6.694
BAN-030 0 0 22.869 6.339
BAN-043 0 0 29.254 9.743
BAN-045 0 0 32.807 10.056
BAN-048 0 0 34.567 14.995
BAN-059 0 0 28.856 3.952
BAN-071 0 0 28.298 10.111
BAN-17 0 0 23.453 7.489
BAN-24 0 0 23.376 6.276
BAN-32 0 0 19.636 8.042
BAN-42 0 0 49.955 5.181
BAN-49 0 0 24.778 5.389
BAN-50 0 0 40.531 15.995
BAN-51 0 0 43.217 4.625
BAN-60 0 0 53.53 10.44
BAN-61 0 0 35.307 9.576
BAN-72 0 0 36.53 12.744
BAN-95 0 0 16.309 7.164
BAN-96 0 0 28.288 4.038
ElandCave 16.2 19 16.022 3.969
HGDP00993 0 0 40.107 8.03
HGDP00994 0 0 36.999 6.283
HGDP01030 0 0 18.991 5.927
HGDP01034 0 0 34.884 6.33
Mfongosi 11 16 14.83 3.651
Newcastle 11.7 18.14 11.652 6.973
Zulu_EGAN00001068937 0 0 25.974 3.078
Zulu_EGAN00001068938 0 0 27.697 9.842
Zulu_EGAN00001068943 0 0 18.798 3.98
Zulu_EGAN00001068947 0 0 34.413 5.656
Zulu_EGAN00001068950 0 0 41.218 7.619
Zulu_EGAN00001068954 0 0 36.381 9.483
Zulu_EGAN00001068957 0 0 41.404 7.145
Zulu_EGAN00001068959 0 0 28.452 4.394
Zulu_EGAN00001068962 0 0 25.006 5.431
Zulu_EGAN00001068963 0 0 26.28 6.856
Zulu_EGAN00001068964 0 0 37.573 4.226
Zulu_EGAN00001068965 0 0 28.476 7.172
Zulu_EGAN00001068966 0 0 21.228 8.429
Zulu_EGAN00001068967 0 0 21.126 6.264
Zulu_EGAN00001068968 0 0 52.959 8.543
Zulu_EGAN00001068969 0 0 11.964 3.278
Zulu_EGAN00001068970 0 0 20.961 5.879
Zulu_EGAN00001068971 0 0 27.488 7.787
Zulu_EGAN00001068972 0 0 28.973 7.768
Zulu_EGAN00001068973 0 0 33.947 5.707
Zulu_EGAN00001068974 0 0 20.692 10.039
Zulu_EGAN00001068975 0 0 26.026 7.015
Zulu_EGAN00001069124 0 0 14.998 4.499
Zulu_EGAN00001069125 0 0 15.682 5.983
Zulu_EGAN00001069126 0 0 26.809 7.045
Zulu_EGAN00001069127 0 0 26.082 6.162
Zulu_EGAN00001069128 0 0 34.991 13.864
Zulu_EGAN00001069129 0 0 26.003 13.863
Zulu_EGAN00001069131 0 0 27.036 12.142
Zulu_EGAN00001069133 0 0 28.587 7.67
Zulu_EGAN00001069134 0 0 28.349 3.718
Zulu_EGAN00001069135 0 0 30.72 4.438
Zulu_EGAN00001069136 0 0 30.757 5.536
Zulu_EGAN00001069137 0 0 22.14 5.322
Zulu_EGAN00001069138 0 0 23.481 7.774
Zulu_EGAN00001069139 0 0 29.67 11.46
Zulu_EGAN00001069140 0 0 37.999 10.563
Zulu_EGAN00001069141 0 0 14.849 6.503
Zulu_EGAN00001069142 0 0 20.596 10.724
Zulu_EGAN00001069143 0 0 27.009 5.557
Zulu_EGAN00001069144 0 0 44.63 4.838
Zulu_EGAN00001069145 0 0 30.757 9.111
Zulu_EGAN00001069146 0 0 24.461 4.818
Zulu_EGAN00001069147 0 0 30.974 7.251
Zulu_EGAN00001069148 0 0 39.809 10.933
Zulu_EGAN00001069149 0 0 14.699 3.736
Zulu_EGAN00001069150 0 0 33.548 15.886
Zulu_EGAN00001069151 0 0 24.662 11.869
Zulu_EGAN00001069152 0 0 24.235 4.661
Zulu_EGAN00001069153 0 0 20.17 5.641
Zulu_EGAN00001069154 0 0 27.058 7.44
Zulu_EGAN00001069155 0 0 32.791 5.565
Zulu_EGAN00001069156 0 0 18.383 6.765
Zulu_EGAN00001069157 0 0 20.412 4.462
Zulu_EGAN00001069158 0 0 29.112 6.544
Zulu_EGAN00001069159 0 0 25.616 5.605
Zulu_EGAN00001069160 0 0 45.964 13.665
Zulu_EGAN00001069161 0 0 33.503 6.762
Zulu_EGAN00001069162 0 0 47.329 16.698
Zulu_EGAN00001069163 0 0 40.313 7.853
Zulu_EGAN00001069164 0 0 49.578 10.905
Zulu_EGAN00001069165 0 0 32.451 4.543
Zulu_EGAN00001069166 0 0 33.809 6.503
Zulu_EGAN00001069167 0 0 40.61 7.09
Zulu_EGAN00001069168 0 0 13.853 7.033
Zulu_EGAN00001069169 0 0 19.448 3.639
Zulu_EGAN00001069170 0 0 26.222 8.004
Zulu_EGAN00001069171 0 0 23.086 6.95
Zulu_EGAN00001069172 0 0 33.29 7.557
Zulu_EGAN00001069173 0 0 30.442 5.544
Zulu_EGAN00001069174 0 0 28.384 7.657
Zulu_EGAN00001069175 0 0 25.786 12.038
Zulu_EGAN00001069176 0 0 0.339 12.022
Zulu_EGAN00001069177 0 0 36.393 4.104
Zulu_EGAN00001069178 0 0 40.112 10.929
Zulu_EGAN00001069179 0 0 39.77 6.507
Zulu_EGAN00001069180 0 0 36.046 8.723
Zulu_EGAN00001069181 0 0 26.312 4.429
Zulu_EGAN00001069182 0 0 40.355 20.612
Zulu_EGAN00001069183 0 0 10.578 6.767
Zulu_EGAN00001069184 0 0 38.08 10.37
Zulu_EGAN00001069185 0 0 23.131 7.292
Zulu_EGAN00001069186 0 0 24.645 6.174
Zulu_EGAN00001069187 0 0 33.981 6.999
Zulu_EGAN00001069188 0 0 28.516 15
Zulu_EGAN00001069189 0 0 10.009 10.427
Zulu_EGAN00001069190 0 0 12.292 8.84
Zulu_EGAN00001069192 0 0 21.384 8.727
Zulu_EGAN00001069193 0 0 35.108 9.305
Zulu_EGAN00001069194 0 0 32.582 7.374
Zulu_EGAN00001069195 0 0 23.09 5.938
Zulu_EGAN00001069196 0 0 29.482 4.778
Zulu_EGAN00001069197 0 0 19.888 8.744
Zulu_EGAN00001069198 0 0 23.333 3.925
Zulu_EGAN00001069199 0 0 17.354 6.496
Zulu_EGAN00001069200 0 0 23.214 5.294
Zulu_EGAN00001069201 0 0 34.035 7.415
Zulu_EGAN00001069202 0 0 38.943 9.103
