# CLUSTERING STRENGTH + LIKELIHOOD K SELECTION RESULTS (GLOBETROTTER)
# Recommended K: 2
# Method: GLOBETROTTER
# Clustering strength threshold: 0.78
# Likelihood thresholds: k1 to k2(k=2):0.69 k1 to k2(k=3):0.9 k2 to k3:0.43 k3 to k4:0.31
#
model_k	pop	cluster	joint_date_est_best	joint_date_lowerci	joint_date_upperci	likelihood_mean	likelihood_per_ind	recommended_k	is_recommended	ind_date_est	sample_age_est_best	sample_age_lowerci_mean	sample_age_upperci_mean
1	Zulu_EGAN00001068937	1	26.160861673247	24.4821094512474	27.8396138952467	-1199.7800202876	-7.95350366617953	2	FALSE	26.503395854693	0	NA	NA
1	Zulu_EGAN00001068938	1	26.160861673247	24.4821094512474	27.8396138952467	-1199.7800202876	-10.3211086839078	2	FALSE	34.1477543146923	0	NA	NA
1	Zulu_EGAN00001068943	1	26.160861673247	24.4821094512474	27.8396138952467	-1199.7800202876	-8.58945416557612	2	FALSE	24.3967049678575	0	NA	NA
1	Zulu_EGAN00001068947	1	26.160861673247	24.4821094512474	27.8396138952467	-1199.7800202876	-7.99536717544999	2	FALSE	27.9659058452459	0	NA	NA
1	Zulu_EGAN00001068950	1	26.160861673247	24.4821094512474	27.8396138952467	-1199.7800202876	-16.7262930577208	2	FALSE	47.025358446811	0	NA	NA
1	Zulu_EGAN00001068954	1	26.160861673247	24.4821094512474	27.8396138952467	-1199.7800202876	-8.98192641011038	2	FALSE	26.2599280753059	0	NA	NA
1	Zulu_EGAN00001068957	1	26.160861673247	24.4821094512474	27.8396138952467	-1199.7800202876	-8.7011080888453	2	FALSE	31.6179707885799	0	NA	NA
1	Zulu_EGAN00001068959	1	26.160861673247	24.4821094512474	27.8396138952467	-1199.7800202876	-6.95982614665925	2	FALSE	28.401109868994	0	NA	NA
1	Zulu_EGAN00001068962	1	26.160861673247	24.4821094512474	27.8396138952467	-1199.7800202876	-13.4506387324238	2	FALSE	19.1037640911334	0	NA	NA
1	Zulu_EGAN00001068963	1	26.160861673247	24.4821094512474	27.8396138952467	-1199.7800202876	-7.15922932248198	2	FALSE	28.7471528719221	0	NA	NA
1	Zulu_EGAN00001068964	1	26.160861673247	24.4821094512474	27.8396138952467	-1199.7800202876	-16.0484290300265	2	FALSE	37.6237892114556	0	NA	NA
1	Zulu_EGAN00001068965	1	26.160861673247	24.4821094512474	27.8396138952467	-1199.7800202876	-22.8336135011512	2	FALSE	46.3127184971694	0	NA	NA
1	Zulu_EGAN00001068966	1	26.160861673247	24.4821094512474	27.8396138952467	-1199.7800202876	-8.21276442157766	2	FALSE	23.8894743959018	0	NA	NA
1	Zulu_EGAN00001068967	1	26.160861673247	24.4821094512474	27.8396138952467	-1199.7800202876	-7.6994406984828	2	FALSE	22.5783526312157	0	NA	NA
1	Zulu_EGAN00001068968	1	26.160861673247	24.4821094512474	27.8396138952467	-1199.7800202876	-14.6243000802954	2	FALSE	36.9884771297777	0	NA	NA
1	Zulu_EGAN00001068969	1	26.160861673247	24.4821094512474	27.8396138952467	-1199.7800202876	-14.2820810457795	2	FALSE	13.8480687375312	0	NA	NA
1	Zulu_EGAN00001068970	1	26.160861673247	24.4821094512474	27.8396138952467	-1199.7800202876	-42.6472445474316	2	FALSE	15.0808058014594	0	NA	NA
1	Zulu_EGAN00001068971	1	26.160861673247	24.4821094512474	27.8396138952467	-1199.7800202876	-22.3702304272013	2	FALSE	17.7965784002319	0	NA	NA
1	Zulu_EGAN00001068972	1	26.160861673247	24.4821094512474	27.8396138952467	-1199.7800202876	-12.732332358933	2	FALSE	36.3326046460155	0	NA	NA
1	Zulu_EGAN00001068973	1	26.160861673247	24.4821094512474	27.8396138952467	-1199.7800202876	-6.8416710474574	2	FALSE	27.7382504192102	0	NA	NA
1	Zulu_EGAN00001068974	1	26.160861673247	24.4821094512474	27.8396138952467	-1199.7800202876	-6.91863060286476	2	FALSE	26.5255871922161	0	NA	NA
1	Zulu_EGAN00001068975	1	26.160861673247	24.4821094512474	27.8396138952467	-1199.7800202876	-17.5116916155527	2	FALSE	48.1449613537757	0	NA	NA
1	Zulu_EGAN00001069124	1	26.160861673247	24.4821094512474	27.8396138952467	-1199.7800202876	-7.83837240461368	2	FALSE	22.1216808405822	0	NA	NA
1	Zulu_EGAN00001069125	1	26.160861673247	24.4821094512474	27.8396138952467	-1199.7800202876	-8.98976080542878	2	FALSE	21.9177720018741	0	NA	NA
1	Zulu_EGAN00001069126	1	26.160861673247	24.4821094512474	27.8396138952467	-1199.7800202876	-10.2416850827605	2	FALSE	33.9709329266661	0	NA	NA
1	Zulu_EGAN00001069127	1	26.160861673247	24.4821094512474	27.8396138952467	-1199.7800202876	-9.8584219931274	2	FALSE	19.1739200575435	0	NA	NA
1	Zulu_EGAN00001069128	1	26.160861673247	24.4821094512474	27.8396138952467	-1199.7800202876	-18.1091339218387	2	FALSE	41.9169082872724	0	NA	NA
1	Zulu_EGAN00001069129	1	26.160861673247	24.4821094512474	27.8396138952467	-1199.7800202876	-6.61270604926493	2	FALSE	26.7703288383364	0	NA	NA
1	Zulu_EGAN00001069131	1	26.160861673247	24.4821094512474	27.8396138952467	-1199.7800202876	-14.7185921987372	2	FALSE	21.8650681970172	0	NA	NA
1	Zulu_EGAN00001069132	1	26.160861673247	24.4821094512474	27.8396138952467	-1199.7800202876	-12.9774757257512	2	FALSE	38.3988743903351	0	NA	NA
1	Zulu_EGAN00001069133	1	26.160861673247	24.4821094512474	27.8396138952467	-1199.7800202876	-9.37905484926635	2	FALSE	31.7152864865936	0	NA	NA
1	Zulu_EGAN00001069134	1	26.160861673247	24.4821094512474	27.8396138952467	-1199.7800202876	-7.2095574535877	2	FALSE	24.7807757879239	0	NA	NA
1	Zulu_EGAN00001069135	1	26.160861673247	24.4821094512474	27.8396138952467	-1199.7800202876	-11.9514074267636	2	FALSE	34.8342092505574	0	NA	NA
1	Zulu_EGAN00001069136	1	26.160861673247	24.4821094512474	27.8396138952467	-1199.7800202876	-14.0082576887203	2	FALSE	18.2177502678894	0	NA	NA
1	Zulu_EGAN00001069137	1	26.160861673247	24.4821094512474	27.8396138952467	-1199.7800202876	-8.58097122192347	2	FALSE	22.7623889207459	0	NA	NA
1	Zulu_EGAN00001069138	1	26.160861673247	24.4821094512474	27.8396138952467	-1199.7800202876	-8.23180071848005	2	FALSE	27.061074444436	0	NA	NA
1	Zulu_EGAN00001069139	1	26.160861673247	24.4821094512474	27.8396138952467	-1199.7800202876	-9.18742997222532	2	FALSE	31.2544121180699	0	NA	NA
1	Zulu_EGAN00001069140	1	26.160861673247	24.4821094512474	27.8396138952467	-1199.7800202876	-10.8905840536864	2	FALSE	34.9621025754212	0	NA	NA
1	Zulu_EGAN00001069141	1	26.160861673247	24.4821094512474	27.8396138952467	-1199.7800202876	-12.4240177489743	2	FALSE	16.0104842857543	0	NA	NA
1	Zulu_EGAN00001069142	1	26.160861673247	24.4821094512474	27.8396138952467	-1199.7800202876	-10.5808381266285	2	FALSE	33.794584413412	0	NA	NA
1	Zulu_EGAN00001069143	1	26.160861673247	24.4821094512474	27.8396138952467	-1199.7800202876	-12.466713772064	2	FALSE	31.9592512670167	0	NA	NA
1	Zulu_EGAN00001069144	1	26.160861673247	24.4821094512474	27.8396138952467	-1199.7800202876	-12.0489829752441	2	FALSE	36.9621264243605	0	NA	NA
1	Zulu_EGAN00001069145	1	26.160861673247	24.4821094512474	27.8396138952467	-1199.7800202876	-12.6728119665577	2	FALSE	38.2914835645223	0	NA	NA
1	Zulu_EGAN00001069146	1	26.160861673247	24.4821094512474	27.8396138952467	-1199.7800202876	-49.1068072286708	2	FALSE	14.5421121754886	0	NA	NA
1	Zulu_EGAN00001069147	1	26.160861673247	24.4821094512474	27.8396138952467	-1199.7800202876	-7.15861158456684	2	FALSE	28.9790545204019	0	NA	NA
1	Zulu_EGAN00001069148	1	26.160861673247	24.4821094512474	27.8396138952467	-1199.7800202876	-16.6568022783669	2	FALSE	40.3858797072811	0	NA	NA
1	Zulu_EGAN00001069149	1	26.160861673247	24.4821094512474	27.8396138952467	-1199.7800202876	-18.1190414431984	2	FALSE	17.5946578339812	0	NA	NA
1	Zulu_EGAN00001069150	1	26.160861673247	24.4821094512474	27.8396138952467	-1199.7800202876	-9.93853807889059	2	FALSE	24.1423948454797	0	NA	NA
1	Zulu_EGAN00001069151	1	26.160861673247	24.4821094512474	27.8396138952467	-1199.7800202876	-10.2980376565645	2	FALSE	19.6972908932487	0	NA	NA
1	Zulu_EGAN00001069152	1	26.160861673247	24.4821094512474	27.8396138952467	-1199.7800202876	-7.28940673561285	2	FALSE	27.7837043003729	0	NA	NA
1	Zulu_EGAN00001069153	1	26.160861673247	24.4821094512474	27.8396138952467	-1199.7800202876	-9.6067934340554	2	FALSE	30.9050360717858	0	NA	NA
1	Zulu_EGAN00001069154	1	26.160861673247	24.4821094512474	27.8396138952467	-1199.7800202876	-17.8721427798988	2	FALSE	34.8597686145191	0	NA	NA
1	Zulu_EGAN00001069155	1	26.160861673247	24.4821094512474	27.8396138952467	-1199.7800202876	-8.70736033177167	2	FALSE	30.7251204904161	0	NA	NA
1	Zulu_EGAN00001069156	1	26.160861673247	24.4821094512474	27.8396138952467	-1199.7800202876	-7.30032954194098	2	FALSE	23.288068893075	0	NA	NA
1	Zulu_EGAN00001069157	1	26.160861673247	24.4821094512474	27.8396138952467	-1199.7800202876	-10.6917680752371	2	FALSE	19.3852019884863	0	NA	NA
1	Zulu_EGAN00001069158	1	26.160861673247	24.4821094512474	27.8396138952467	-1199.7800202876	-8.05188728121432	2	FALSE	21.610023921218	0	NA	NA
1	Zulu_EGAN00001069159	1	26.160861673247	24.4821094512474	27.8396138952467	-1199.7800202876	-6.55589526606204	2	FALSE	25.1463803656115	0	NA	NA
1	Zulu_EGAN00001069160	1	26.160861673247	24.4821094512474	27.8396138952467	-1199.7800202876	-7.92925830724402	2	FALSE	30.3193215570932	0	NA	NA
1	Zulu_EGAN00001069161	1	26.160861673247	24.4821094512474	27.8396138952467	-1199.7800202876	-7.70141608018111	2	FALSE	25.6891006717447	0	NA	NA
1	Zulu_EGAN00001069162	1	26.160861673247	24.4821094512474	27.8396138952467	-1199.7800202876	-16.6594875254755	2	FALSE	45.8799535323261	0	NA	NA
1	Zulu_EGAN00001069163	1	26.160861673247	24.4821094512474	27.8396138952467	-1199.7800202876	-8.08776818598942	2	FALSE	26.5699988187789	0	NA	NA
1	Zulu_EGAN00001069164	1	26.160861673247	24.4821094512474	27.8396138952467	-1199.7800202876	-22.7957598908403	2	FALSE	45.70351181961	0	NA	NA
1	Zulu_EGAN00001069165	1	26.160861673247	24.4821094512474	27.8396138952467	-1199.7800202876	-18.9691380159241	2	FALSE	35.1672337214922	0	NA	NA
1	Zulu_EGAN00001069166	1	26.160861673247	24.4821094512474	27.8396138952467	-1199.7800202876	-11.4409480697356	2	FALSE	34.0466556185011	0	NA	NA
1	Zulu_EGAN00001069167	1	26.160861673247	24.4821094512474	27.8396138952467	-1199.7800202876	-15.4607686801104	2	FALSE	43.7855890509348	0	NA	NA
1	Zulu_EGAN00001069168	1	26.160861673247	24.4821094512474	27.8396138952467	-1199.7800202876	-11.0505854178846	2	FALSE	17.0225861943647	0	NA	NA
1	Zulu_EGAN00001069169	1	26.160861673247	24.4821094512474	27.8396138952467	-1199.7800202876	-17.2896351262812	2	FALSE	14.9697637355765	0	NA	NA
1	Zulu_EGAN00001069170	1	26.160861673247	24.4821094512474	27.8396138952467	-1199.7800202876	-7.77413908777706	2	FALSE	27.51156004373	0	NA	NA
1	Zulu_EGAN00001069171	1	26.160861673247	24.4821094512474	27.8396138952467	-1199.7800202876	-8.19959392656506	2	FALSE	21.3565480131845	0	NA	NA
1	Zulu_EGAN00001069172	1	26.160861673247	24.4821094512474	27.8396138952467	-1199.7800202876	-10.3152290258038	2	FALSE	34.3250485774908	0	NA	NA
1	Zulu_EGAN00001069173	1	26.160861673247	24.4821094512474	27.8396138952467	-1199.7800202876	-7.52692882549749	2	FALSE	22.5630515484624	0	NA	NA
1	Zulu_EGAN00001069174	1	26.160861673247	24.4821094512474	27.8396138952467	-1199.7800202876	-24.1473264191611	2	FALSE	16.3700041049568	0	NA	NA
1	Zulu_EGAN00001069175	1	26.160861673247	24.4821094512474	27.8396138952467	-1199.7800202876	-8.27889652296153	2	FALSE	21.6399477269643	0	NA	NA
1	Zulu_EGAN00001069176	1	26.160861673247	24.4821094512474	27.8396138952467	-1199.7800202876	-19.0469364844529	2	FALSE	43.0985880765079	0	NA	NA
1	Zulu_EGAN00001069177	1	26.160861673247	24.4821094512474	27.8396138952467	-1199.7800202876	-22.4566748534929	2	FALSE	40.2481428667514	0	NA	NA
1	Zulu_EGAN00001069178	1	26.160861673247	24.4821094512474	27.8396138952467	-1199.7800202876	-8.36118622738758	2	FALSE	21.8049166803519	0	NA	NA
1	Zulu_EGAN00001069179	1	26.160861673247	24.4821094512474	27.8396138952467	-1199.7800202876	-8.27024551002035	2	FALSE	30.8210079136077	0	NA	NA
1	Zulu_EGAN00001069180	1	26.160861673247	24.4821094512474	27.8396138952467	-1199.7800202876	-10.6260161120373	2	FALSE	33.8449214503854	0	NA	NA
1	Zulu_EGAN00001069181	1	26.160861673247	24.4821094512474	27.8396138952467	-1199.7800202876	-7.83723124474992	2	FALSE	28.5392665065153	0	NA	NA
1	Zulu_EGAN00001069182	1	26.160861673247	24.4821094512474	27.8396138952467	-1199.7800202876	-10.142731335874	2	FALSE	33.9961641734389	0	NA	NA
1	Zulu_EGAN00001069183	1	26.160861673247	24.4821094512474	27.8396138952467	-1199.7800202876	-8.30765980653473	2	FALSE	31.1578298584784	0	NA	NA
1	Zulu_EGAN00001069184	1	26.160861673247	24.4821094512474	27.8396138952467	-1199.7800202876	-16.3075872701163	2	FALSE	44.3237672723083	0	NA	NA
1	Zulu_EGAN00001069185	1	26.160861673247	24.4821094512474	27.8396138952467	-1199.7800202876	-7.77363098384983	2	FALSE	25.5147739394043	0	NA	NA
1	Zulu_EGAN00001069186	1	26.160861673247	24.4821094512474	27.8396138952467	-1199.7800202876	-6.73863659833236	2	FALSE	27.1059492952654	0	NA	NA
1	Zulu_EGAN00001069187	1	26.160861673247	24.4821094512474	27.8396138952467	-1199.7800202876	-11.9078173162655	2	FALSE	18.9917967425374	0	NA	NA
1	Zulu_EGAN00001069188	1	26.160861673247	24.4821094512474	27.8396138952467	-1199.7800202876	-8.90712861997019	2	FALSE	22.6089710773566	0	NA	NA
1	Zulu_EGAN00001069189	1	26.160861673247	24.4821094512474	27.8396138952467	-1199.7800202876	-11.0272933340742	2	FALSE	18.6441373653841	0	NA	NA
1	Zulu_EGAN00001069190	1	26.160861673247	24.4821094512474	27.8396138952467	-1199.7800202876	-10.1860281160393	2	FALSE	34.0466556185011	0	NA	NA
1	Zulu_EGAN00001069192	1	26.160861673247	24.4821094512474	27.8396138952467	-1199.7800202876	-9.72892906283856	2	FALSE	21.8951765166183	0	NA	NA
1	Zulu_EGAN00001069193	1	26.160861673247	24.4821094512474	27.8396138952467	-1199.7800202876	-11.4932030009764	2	FALSE	35.4245161995809	0	NA	NA
1	Zulu_EGAN00001069194	1	26.160861673247	24.4821094512474	27.8396138952467	-1199.7800202876	-7.21224347592278	2	FALSE	26.6589378779711	0	NA	NA
1	Zulu_EGAN00001069195	1	26.160861673247	24.4821094512474	27.8396138952467	-1199.7800202876	-9.84241797404285	2	FALSE	33.3183078380231	0	NA	NA
1	Zulu_EGAN00001069196	1	26.160861673247	24.4821094512474	27.8396138952467	-1199.7800202876	-7.00113891225946	2	FALSE	28.1029623251339	0	NA	NA
1	Zulu_EGAN00001069197	1	26.160861673247	24.4821094512474	27.8396138952467	-1199.7800202876	-10.3467143242311	2	FALSE	32.696935911619	0	NA	NA
1	Zulu_EGAN00001069198	1	26.160861673247	24.4821094512474	27.8396138952467	-1199.7800202876	-12.4841698517876	2	FALSE	20.2136474890323	0	NA	NA
1	Zulu_EGAN00001069199	1	26.160861673247	24.4821094512474	27.8396138952467	-1199.7800202876	-7.73445199040919	2	FALSE	30.0819191204473	0	NA	NA
1	Zulu_EGAN00001069200	1	26.160861673247	24.4821094512474	27.8396138952467	-1199.7800202876	-12.5333628192519	2	FALSE	38.023682035379	0	NA	NA
1	Zulu_EGAN00001069201	1	26.160861673247	24.4821094512474	27.8396138952467	-1199.7800202876	-17.7522759356038	2	FALSE	38.6680269902561	0	NA	NA
1	Zulu_EGAN00001069202	1	26.160861673247	24.4821094512474	27.8396138952467	-1199.7800202876	-16.2345473218406	2	FALSE	42.0575402794685	0	NA	NA
2	Zulu_EGAN00001068937	2	32.9465067135565	30.5726572325924	35.3203561945206	-871.250017312635	-9.18211012356138	2	TRUE	26.503395854693	0	0	0
2	Zulu_EGAN00001068938	2	32.9465067135565	30.5726572325924	35.3203561945206	-871.250017312635	-7.08063602637002	2	TRUE	34.1477543146923	0	0	0
2	Zulu_EGAN00001068943	1	19.3721894482208	16.9978105201998	21.7465683762418	-871.250017312635	-9.75972280867437	2	TRUE	24.3967049678575	0	0	0
2	Zulu_EGAN00001068947	2	32.9465067135565	30.5726572325924	35.3203561945206	-871.250017312635	-8.54394784574677	2	TRUE	27.9659058452459	0	0	0
2	Zulu_EGAN00001068950	2	32.9465067135565	30.5726572325924	35.3203561945206	-871.250017312635	-14.1662845041038	2	TRUE	47.025358446811	0	0	0
2	Zulu_EGAN00001068954	2	32.9465067135565	30.5726572325924	35.3203561945206	-871.250017312635	-9.82908310630478	2	TRUE	26.2599280753059	0	0	0
2	Zulu_EGAN00001068957	2	32.9465067135565	30.5726572325924	35.3203561945206	-871.250017312635	-7.26146509998649	2	TRUE	31.6179707885799	0	0	0
2	Zulu_EGAN00001068959	2	32.9465067135565	30.5726572325924	35.3203561945206	-871.250017312635	-8.97145605844255	2	TRUE	28.401109868994	0	0	0
2	Zulu_EGAN00001068962	1	19.3721894482208	16.9978105201998	21.7465683762418	-871.250017312635	-5.9710815712644	2	TRUE	19.1037640911334	0	0	0
2	Zulu_EGAN00001068963	2	32.9465067135565	30.5726572325924	35.3203561945206	-871.250017312635	-7.85258751859275	2	TRUE	28.7471528719221	0	0	0
2	Zulu_EGAN00001068964	2	32.9465067135565	30.5726572325924	35.3203561945206	-871.250017312635	-8.26896360931316	2	TRUE	37.6237892114556	0	0	0
2	Zulu_EGAN00001068965	2	32.9465067135565	30.5726572325924	35.3203561945206	-871.250017312635	-14.2063999241328	2	TRUE	46.3127184971694	0	0	0
2	Zulu_EGAN00001068966	1	19.3721894482208	16.9978105201998	21.7465683762418	-871.250017312635	-9.35129739915392	2	TRUE	23.8894743959018	0	0	0
2	Zulu_EGAN00001068967	1	19.3721894482208	16.9978105201998	21.7465683762418	-871.250017312635	-7.89327844040919	2	TRUE	22.5783526312157	0	0	0
2	Zulu_EGAN00001068968	2	32.9465067135565	30.5726572325924	35.3203561945206	-871.250017312635	-7.8161380465552	2	TRUE	36.9884771297777	0	0	0
2	Zulu_EGAN00001068969	1	19.3721894482208	16.9978105201998	21.7465683762418	-871.250017312635	-9.12073126562381	2	TRUE	13.8480687375312	0	0	0
2	Zulu_EGAN00001068970	1	19.3721894482208	16.9978105201998	21.7465683762418	-871.250017312635	-11.8294882970374	2	TRUE	15.0808058014594	0	0	0
2	Zulu_EGAN00001068971	1	19.3721894482208	16.9978105201998	21.7465683762418	-871.250017312635	-6.74774035324687	2	TRUE	17.7965784002319	0	0	0
2	Zulu_EGAN00001068972	2	32.9465067135565	30.5726572325924	35.3203561945206	-871.250017312635	-7.49012708566045	2	TRUE	36.3326046460155	0	0	0
2	Zulu_EGAN00001068973	2	32.9465067135565	30.5726572325924	35.3203561945206	-871.250017312635	-8.50223783999732	2	TRUE	27.7382504192102	0	0	0
2	Zulu_EGAN00001068974	2	32.9465067135565	30.5726572325924	35.3203561945206	-871.250017312635	-9.16596820286962	2	TRUE	26.5255871922161	0	0	0
2	Zulu_EGAN00001068975	2	32.9465067135565	30.5726572325924	35.3203561945206	-871.250017312635	-14.2000048319662	2	TRUE	48.1449613537757	0	0	0
2	Zulu_EGAN00001069124	1	19.3721894482208	16.9978105201998	21.7465683762418	-871.250017312635	-7.0408791756776	2	TRUE	22.1216808405822	0	0	0
2	Zulu_EGAN00001069125	1	19.3721894482208	16.9978105201998	21.7465683762418	-871.250017312635	-6.7976506241943	2	TRUE	21.9177720018741	0	0	0
2	Zulu_EGAN00001069126	2	32.9465067135565	30.5726572325924	35.3203561945206	-871.250017312635	-6.98692888082028	2	TRUE	33.9709329266661	0	0	0
2	Zulu_EGAN00001069127	1	19.3721894482208	16.9978105201998	21.7465683762418	-871.250017312635	-8.86030530387507	2	TRUE	19.1739200575435	0	0	0
2	Zulu_EGAN00001069128	2	32.9465067135565	30.5726572325924	35.3203561945206	-871.250017312635	-10.7281780158167	2	TRUE	41.9169082872724	0	0	0
2	Zulu_EGAN00001069129	2	32.9465067135565	30.5726572325924	35.3203561945206	-871.250017312635	-9.41498193743081	2	TRUE	26.7703288383364	0	0	0
2	Zulu_EGAN00001069131	1	19.3721894482208	16.9978105201998	21.7465683762418	-871.250017312635	-14.8443819074924	2	TRUE	21.8650681970172	0	0	0
2	Zulu_EGAN00001069132	2	32.9465067135565	30.5726572325924	35.3203561945206	-871.250017312635	-9.00766679293596	2	TRUE	38.3988743903351	0	0	0
2	Zulu_EGAN00001069133	2	32.9465067135565	30.5726572325924	35.3203561945206	-871.250017312635	-8.23205527518866	2	TRUE	31.7152864865936	0	0	0
2	Zulu_EGAN00001069134	1	19.3721894482208	16.9978105201998	21.7465683762418	-871.250017312635	-8.9489880531584	2	TRUE	24.7807757879239	0	0	0
2	Zulu_EGAN00001069135	2	32.9465067135565	30.5726572325924	35.3203561945206	-871.250017312635	-6.94697695179504	2	TRUE	34.8342092505574	0	0	0
2	Zulu_EGAN00001069136	1	19.3721894482208	16.9978105201998	21.7465683762418	-871.250017312635	-6.17306710055558	2	TRUE	18.2177502678894	0	0	0
2	Zulu_EGAN00001069137	1	19.3721894482208	16.9978105201998	21.7465683762418	-871.250017312635	-7.58732338483104	2	TRUE	22.7623889207459	0	0	0
2	Zulu_EGAN00001069138	2	32.9465067135565	30.5726572325924	35.3203561945206	-871.250017312635	-9.06965936712893	2	TRUE	27.061074444436	0	0	0
2	Zulu_EGAN00001069139	2	32.9465067135565	30.5726572325924	35.3203561945206	-871.250017312635	-8.21479698147068	2	TRUE	31.2544121180699	0	0	0
2	Zulu_EGAN00001069140	2	32.9465067135565	30.5726572325924	35.3203561945206	-871.250017312635	-8.68911004251671	2	TRUE	34.9621025754212	0	0	0
2	Zulu_EGAN00001069141	1	19.3721894482208	16.9978105201998	21.7465683762418	-871.250017312635	-7.98205604433228	2	TRUE	16.0104842857543	0	0	0
2	Zulu_EGAN00001069142	2	32.9465067135565	30.5726572325924	35.3203561945206	-871.250017312635	-8.9468826210995	2	TRUE	33.794584413412	0	0	0
2	Zulu_EGAN00001069143	2	32.9465067135565	30.5726572325924	35.3203561945206	-871.250017312635	-8.71733173210736	2	TRUE	31.9592512670167	0	0	0
2	Zulu_EGAN00001069144	2	32.9465067135565	30.5726572325924	35.3203561945206	-871.250017312635	-8.36333532229586	2	TRUE	36.9621264243605	0	0	0
2	Zulu_EGAN00001069145	2	32.9465067135565	30.5726572325924	35.3203561945206	-871.250017312635	-9.79985263963919	2	TRUE	38.2914835645223	0	0	0
2	Zulu_EGAN00001069146	1	19.3721894482208	16.9978105201998	21.7465683762418	-871.250017312635	-13.8453197802601	2	TRUE	14.5421121754886	0	0	0
2	Zulu_EGAN00001069147	2	32.9465067135565	30.5726572325924	35.3203561945206	-871.250017312635	-7.80400255653539	2	TRUE	28.9790545204019	0	0	0
2	Zulu_EGAN00001069148	2	32.9465067135565	30.5726572325924	35.3203561945206	-871.250017312635	-9.69366644851904	2	TRUE	40.3858797072811	0	0	0
2	Zulu_EGAN00001069149	1	19.3721894482208	16.9978105201998	21.7465683762418	-871.250017312635	-6.4400098071633	2	TRUE	17.5946578339812	0	0	0
2	Zulu_EGAN00001069150	2	32.9465067135565	30.5726572325924	35.3203561945206	-871.250017312635	-11.0995828035904	2	TRUE	24.1423948454797	0	0	0
2	Zulu_EGAN00001069151	1	19.3721894482208	16.9978105201998	21.7465683762418	-871.250017312635	-6.2764125570609	2	TRUE	19.6972908932487	0	0	0
2	Zulu_EGAN00001069152	2	32.9465067135565	30.5726572325924	35.3203561945206	-871.250017312635	-8.33895349063743	2	TRUE	27.7837043003729	0	0	0
2	Zulu_EGAN00001069153	2	32.9465067135565	30.5726572325924	35.3203561945206	-871.250017312635	-8.16884918369159	2	TRUE	30.9050360717858	0	0	0
2	Zulu_EGAN00001069154	2	32.9465067135565	30.5726572325924	35.3203561945206	-871.250017312635	-8.66282183788362	2	TRUE	34.8597686145191	0	0	0
2	Zulu_EGAN00001069155	2	32.9465067135565	30.5726572325924	35.3203561945206	-871.250017312635	-7.60169911466226	2	TRUE	30.7251204904161	0	0	0
2	Zulu_EGAN00001069156	1	19.3721894482208	16.9978105201998	21.7465683762418	-871.250017312635	-7.97413694961205	2	TRUE	23.288068893075	0	0	0
2	Zulu_EGAN00001069157	1	19.3721894482208	16.9978105201998	21.7465683762418	-871.250017312635	-6.26232078283542	2	TRUE	19.3852019884863	0	0	0
2	Zulu_EGAN00001069158	1	19.3721894482208	16.9978105201998	21.7465683762418	-871.250017312635	-7.36586715992238	2	TRUE	21.610023921218	0	0	0
2	Zulu_EGAN00001069159	1	19.3721894482208	16.9978105201998	21.7465683762418	-871.250017312635	-9.39875468291839	2	TRUE	25.1463803656115	0	0	0
2	Zulu_EGAN00001069160	2	32.9465067135565	30.5726572325924	35.3203561945206	-871.250017312635	-7.27587644510629	2	TRUE	30.3193215570932	0	0	0
2	Zulu_EGAN00001069161	2	32.9465067135565	30.5726572325924	35.3203561945206	-871.250017312635	-9.53752535923133	2	TRUE	25.6891006717447	0	0	0
2	Zulu_EGAN00001069162	2	32.9465067135565	30.5726572325924	35.3203561945206	-871.250017312635	-15.2454045581836	2	TRUE	45.8799535323261	0	0	0
2	Zulu_EGAN00001069163	2	32.9465067135565	30.5726572325924	35.3203561945206	-871.250017312635	-9.20756503229458	2	TRUE	26.5699988187789	0	0	0
2	Zulu_EGAN00001069164	2	32.9465067135565	30.5726572325924	35.3203561945206	-871.250017312635	-13.8952781807166	2	TRUE	45.70351181961	0	0	0
2	Zulu_EGAN00001069165	2	32.9465067135565	30.5726572325924	35.3203561945206	-871.250017312635	-8.96793218332971	2	TRUE	35.1672337214922	0	0	0
2	Zulu_EGAN00001069166	2	32.9465067135565	30.5726572325924	35.3203561945206	-871.250017312635	-6.80599817043892	2	TRUE	34.0466556185011	0	0	0
2	Zulu_EGAN00001069167	2	32.9465067135565	30.5726572325924	35.3203561945206	-871.250017312635	-12.3326703547581	2	TRUE	43.7855890509348	0	0	0
2	Zulu_EGAN00001069168	1	19.3721894482208	16.9978105201998	21.7465683762418	-871.250017312635	-8.15305105249787	2	TRUE	17.0225861943647	0	0	0
2	Zulu_EGAN00001069169	1	19.3721894482208	16.9978105201998	21.7465683762418	-871.250017312635	-8.03217310854899	2	TRUE	14.9697637355765	0	0	0
2	Zulu_EGAN00001069170	2	32.9465067135565	30.5726572325924	35.3203561945206	-871.250017312635	-8.63408416594523	2	TRUE	27.51156004373	0	0	0
2	Zulu_EGAN00001069171	1	19.3721894482208	16.9978105201998	21.7465683762418	-871.250017312635	-7.35496005777739	2	TRUE	21.3565480131845	0	0	0
2	Zulu_EGAN00001069172	2	32.9465067135565	30.5726572325924	35.3203561945206	-871.250017312635	-7.45787497534971	2	TRUE	34.3250485774908	0	0	0
2	Zulu_EGAN00001069173	1	19.3721894482208	16.9978105201998	21.7465683762418	-871.250017312635	-7.30588204408448	2	TRUE	22.5630515484624	0	0	0
2	Zulu_EGAN00001069174	1	19.3721894482208	16.9978105201998	21.7465683762418	-871.250017312635	-7.60675714197633	2	TRUE	16.3700041049568	0	0	0
2	Zulu_EGAN00001069175	1	19.3721894482208	16.9978105201998	21.7465683762418	-871.250017312635	-7.99995937282215	2	TRUE	21.6399477269643	0	0	0
2	Zulu_EGAN00001069176	2	32.9465067135565	30.5726572325924	35.3203561945206	-871.250017312635	-11.5348341597132	2	TRUE	43.0985880765079	0	0	0
2	Zulu_EGAN00001069177	2	32.9465067135565	30.5726572325924	35.3203561945206	-871.250017312635	-11.004334472328	2	TRUE	40.2481428667514	0	0	0
2	Zulu_EGAN00001069178	1	19.3721894482208	16.9978105201998	21.7465683762418	-871.250017312635	-8.27324975729367	2	TRUE	21.8049166803519	0	0	0
2	Zulu_EGAN00001069179	2	32.9465067135565	30.5726572325924	35.3203561945206	-871.250017312635	-7.29632628228888	2	TRUE	30.8210079136077	0	0	0
2	Zulu_EGAN00001069180	2	32.9465067135565	30.5726572325924	35.3203561945206	-871.250017312635	-6.76142513370563	2	TRUE	33.8449214503854	0	0	0
2	Zulu_EGAN00001069181	2	32.9465067135565	30.5726572325924	35.3203561945206	-871.250017312635	-8.18341756302563	2	TRUE	28.5392665065153	0	0	0
2	Zulu_EGAN00001069182	2	32.9465067135565	30.5726572325924	35.3203561945206	-871.250017312635	-7.77349772841531	2	TRUE	33.9961641734389	0	0	0
2	Zulu_EGAN00001069183	2	32.9465067135565	30.5726572325924	35.3203561945206	-871.250017312635	-6.98399832549432	2	TRUE	31.1578298584784	0	0	0
2	Zulu_EGAN00001069184	2	32.9465067135565	30.5726572325924	35.3203561945206	-871.250017312635	-12.0983443808301	2	TRUE	44.3237672723083	0	0	0
2	Zulu_EGAN00001069185	1	19.3721894482208	16.9978105201998	21.7465683762418	-871.250017312635	-9.67045822633256	2	TRUE	25.5147739394043	0	0	0
2	Zulu_EGAN00001069186	2	32.9465067135565	30.5726572325924	35.3203561945206	-871.250017312635	-11.5270176929178	2	TRUE	27.1059492952654	0	0	0
2	Zulu_EGAN00001069187	1	19.3721894482208	16.9978105201998	21.7465683762418	-871.250017312635	-6.12210227673715	2	TRUE	18.9917967425374	0	0	0
2	Zulu_EGAN00001069188	1	19.3721894482208	16.9978105201998	21.7465683762418	-871.250017312635	-7.50825157073167	2	TRUE	22.6089710773566	0	0	0
2	Zulu_EGAN00001069189	1	19.3721894482208	16.9978105201998	21.7465683762418	-871.250017312635	-6.51965334220292	2	TRUE	18.6441373653841	0	0	0
2	Zulu_EGAN00001069190	2	32.9465067135565	30.5726572325924	35.3203561945206	-871.250017312635	-7.84136014112184	2	TRUE	34.0466556185011	0	0	0
2	Zulu_EGAN00001069192	1	19.3721894482208	16.9978105201998	21.7465683762418	-871.250017312635	-9.98659596520806	2	TRUE	21.8951765166183	0	0	0
2	Zulu_EGAN00001069193	2	32.9465067135565	30.5726572325924	35.3203561945206	-871.250017312635	-7.27657658775145	2	TRUE	35.4245161995809	0	0	0
2	Zulu_EGAN00001069194	2	32.9465067135565	30.5726572325924	35.3203561945206	-871.250017312635	-8.96933885596396	2	TRUE	26.6589378779711	0	0	0
2	Zulu_EGAN00001069195	2	32.9465067135565	30.5726572325924	35.3203561945206	-871.250017312635	-6.81364851180984	2	TRUE	33.3183078380231	0	0	0
2	Zulu_EGAN00001069196	2	32.9465067135565	30.5726572325924	35.3203561945206	-871.250017312635	-8.20347475337977	2	TRUE	28.1029623251339	0	0	0
2	Zulu_EGAN00001069197	2	32.9465067135565	30.5726572325924	35.3203561945206	-871.250017312635	-9.11968312134968	2	TRUE	32.696935911619	0	0	0
2	Zulu_EGAN00001069198	1	19.3721894482208	16.9978105201998	21.7465683762418	-871.250017312635	-6.07537012958314	2	TRUE	20.2136474890323	0	0	0
2	Zulu_EGAN00001069199	2	32.9465067135565	30.5726572325924	35.3203561945206	-871.250017312635	-7.38414619375966	2	TRUE	30.0819191204473	0	0	0
2	Zulu_EGAN00001069200	2	32.9465067135565	30.5726572325924	35.3203561945206	-871.250017312635	-9.33848285504369	2	TRUE	38.023682035379	0	0	0
2	Zulu_EGAN00001069201	2	32.9465067135565	30.5726572325924	35.3203561945206	-871.250017312635	-9.02952528897275	2	TRUE	38.6680269902561	0	0	0
2	Zulu_EGAN00001069202	2	32.9465067135565	30.5726572325924	35.3203561945206	-871.250017312635	-10.6463565249451	2	TRUE	42.0575402794685	0	0	0
3	Zulu_EGAN00001068937	2	27.9603137465278	24.9327579547335	30.9878695383222	-808.760423904988	-7.97613177075498	2	FALSE	26.503395854693	0	0	0
3	Zulu_EGAN00001068938	3	36.954468519691	33.6024630422122	40.3064739971697	-808.760423904988	-7.45114710475519	2	FALSE	34.1477543146923	0	0	0
3	Zulu_EGAN00001068943	2	27.9603137465278	24.9327579547335	30.9878695383222	-808.760423904988	-8.80801067475384	2	FALSE	24.3967049678575	0	0	0
3	Zulu_EGAN00001068947	2	27.9603137465278	24.9327579547335	30.9878695383222	-808.760423904988	-7.82964487281173	2	FALSE	27.9659058452459	0	0	0
3	Zulu_EGAN00001068950	3	36.954468519691	33.6024630422122	40.3064739971697	-808.760423904988	-12.7009816873543	2	FALSE	47.025358446811	0	0	0
3	Zulu_EGAN00001068954	2	27.9603137465278	24.9327579547335	30.9878695383222	-808.760423904988	-8.98015806913536	2	FALSE	26.2599280753059	0	0	0
3	Zulu_EGAN00001068957	3	36.954468519691	33.6024630422122	40.3064739971697	-808.760423904988	-8.46265955968436	2	FALSE	31.6179707885799	0	0	0
3	Zulu_EGAN00001068959	2	27.9603137465278	24.9327579547335	30.9878695383222	-808.760423904988	-6.56653698116392	2	FALSE	28.401109868994	0	0	0
3	Zulu_EGAN00001068962	1	18.7794197595227	16.2535345154855	21.30530500356	-808.760423904988	-5.49866386277019	2	FALSE	19.1037640911334	0	0	0
3	Zulu_EGAN00001068963	2	27.9603137465278	24.9327579547335	30.9878695383222	-808.760423904988	-6.78831793652397	2	FALSE	28.7471528719221	0	0	0
3	Zulu_EGAN00001068964	3	36.954468519691	33.6024630422122	40.3064739971697	-808.760423904988	-7.00888850831674	2	FALSE	37.6237892114556	0	0	0
3	Zulu_EGAN00001068965	3	36.954468519691	33.6024630422122	40.3064739971697	-808.760423904988	-10.750246075951	2	FALSE	46.3127184971694	0	0	0
3	Zulu_EGAN00001068966	1	18.7794197595227	16.2535345154855	21.30530500356	-808.760423904988	-9.83316009137063	2	FALSE	23.8894743959018	0	0	0
3	Zulu_EGAN00001068967	2	27.9603137465278	24.9327579547335	30.9878695383222	-808.760423904988	-8.54616824145059	2	FALSE	22.5783526312157	0	0	0
3	Zulu_EGAN00001068968	3	36.954468519691	33.6024630422122	40.3064739971697	-808.760423904988	-6.94710069865834	2	FALSE	36.9884771297777	0	0	0
3	Zulu_EGAN00001068969	1	18.7794197595227	16.2535345154855	21.30530500356	-808.760423904988	-9.38285785614409	2	FALSE	13.8480687375312	0	0	0
3	Zulu_EGAN00001068970	1	18.7794197595227	16.2535345154855	21.30530500356	-808.760423904988	-10.6591503915437	2	FALSE	15.0808058014594	0	0	0
3	Zulu_EGAN00001068971	1	18.7794197595227	16.2535345154855	21.30530500356	-808.760423904988	-6.12503219039689	2	FALSE	17.7965784002319	0	0	0
3	Zulu_EGAN00001068972	3	36.954468519691	33.6024630422122	40.3064739971697	-808.760423904988	-6.98628679912122	2	FALSE	36.3326046460155	0	0	0
3	Zulu_EGAN00001068973	2	27.9603137465278	24.9327579547335	30.9878695383222	-808.760423904988	-6.69802334049801	2	FALSE	27.7382504192102	0	0	0
3	Zulu_EGAN00001068974	2	27.9603137465278	24.9327579547335	30.9878695383222	-808.760423904988	-7.02422295712902	2	FALSE	26.5255871922161	0	0	0
3	Zulu_EGAN00001068975	3	36.954468519691	33.6024630422122	40.3064739971697	-808.760423904988	-12.4550850428804	2	FALSE	48.1449613537757	0	0	0
3	Zulu_EGAN00001069124	1	18.7794197595227	16.2535345154855	21.30530500356	-808.760423904988	-7.12887586133046	2	FALSE	22.1216808405822	0	0	0
3	Zulu_EGAN00001069125	1	18.7794197595227	16.2535345154855	21.30530500356	-808.760423904988	-6.75704884709914	2	FALSE	21.9177720018741	0	0	0
3	Zulu_EGAN00001069126	3	36.954468519691	33.6024630422122	40.3064739971697	-808.760423904988	-7.47811129219588	2	FALSE	33.9709329266661	0	0	0
3	Zulu_EGAN00001069127	1	18.7794197595227	16.2535345154855	21.30530500356	-808.760423904988	-10.0720720111175	2	FALSE	19.1739200575435	0	0	0
3	Zulu_EGAN00001069128	3	36.954468519691	33.6024630422122	40.3064739971697	-808.760423904988	-8.30860668213465	2	FALSE	41.9169082872724	0	0	0
3	Zulu_EGAN00001069129	2	27.9603137465278	24.9327579547335	30.9878695383222	-808.760423904988	-6.71544540560427	2	FALSE	26.7703288383364	0	0	0
3	Zulu_EGAN00001069131	2	27.9603137465278	24.9327579547335	30.9878695383222	-808.760423904988	-14.684650799596	2	FALSE	21.8650681970172	0	0	0
3	Zulu_EGAN00001069132	3	36.954468519691	33.6024630422122	40.3064739971697	-808.760423904988	-7.98555583136316	2	FALSE	38.3988743903351	0	0	0
3	Zulu_EGAN00001069133	2	27.9603137465278	24.9327579547335	30.9878695383222	-808.760423904988	-8.81669407434289	2	FALSE	31.7152864865936	0	0	0
3	Zulu_EGAN00001069134	2	27.9603137465278	24.9327579547335	30.9878695383222	-808.760423904988	-7.60911447437756	2	FALSE	24.7807757879239	0	0	0
3	Zulu_EGAN00001069135	3	36.954468519691	33.6024630422122	40.3064739971697	-808.760423904988	-7.29016357840412	2	FALSE	34.8342092505574	0	0	0
3	Zulu_EGAN00001069136	1	18.7794197595227	16.2535345154855	21.30530500356	-808.760423904988	-5.60997424395762	2	FALSE	18.2177502678894	0	0	0
3	Zulu_EGAN00001069137	1	18.7794197595227	16.2535345154855	21.30530500356	-808.760423904988	-7.72703370934667	2	FALSE	22.7623889207459	0	0	0
3	Zulu_EGAN00001069138	2	27.9603137465278	24.9327579547335	30.9878695383222	-808.760423904988	-8.17554543551237	2	FALSE	27.061074444436	0	0	0
3	Zulu_EGAN00001069139	2	27.9603137465278	24.9327579547335	30.9878695383222	-808.760423904988	-8.6667501184831	2	FALSE	31.2544121180699	0	0	0
3	Zulu_EGAN00001069140	3	36.954468519691	33.6024630422122	40.3064739971697	-808.760423904988	-8.45763091333281	2	FALSE	34.9621025754212	0	0	0
3	Zulu_EGAN00001069141	1	18.7794197595227	16.2535345154855	21.30530500356	-808.760423904988	-8.15069252480873	2	FALSE	16.0104842857543	0	0	0
3	Zulu_EGAN00001069142	3	36.954468519691	33.6024630422122	40.3064739971697	-808.760423904988	-8.90048122127995	2	FALSE	33.794584413412	0	0	0
3	Zulu_EGAN00001069143	2	27.9603137465278	24.9327579547335	30.9878695383222	-808.760423904988	-9.90145694749185	2	FALSE	31.9592512670167	0	0	0
3	Zulu_EGAN00001069144	3	36.954468519691	33.6024630422122	40.3064739971697	-808.760423904988	-7.68342473284966	2	FALSE	36.9621264243605	0	0	0
3	Zulu_EGAN00001069145	3	36.954468519691	33.6024630422122	40.3064739971697	-808.760423904988	-8.9266386506796	2	FALSE	38.2914835645223	0	0	0
3	Zulu_EGAN00001069146	1	18.7794197595227	16.2535345154855	21.30530500356	-808.760423904988	-12.5538501802512	2	FALSE	14.5421121754886	0	0	0
3	Zulu_EGAN00001069147	2	27.9603137465278	24.9327579547335	30.9878695383222	-808.760423904988	-6.69835914057146	2	FALSE	28.9790545204019	0	0	0
3	Zulu_EGAN00001069148	3	36.954468519691	33.6024630422122	40.3064739971697	-808.760423904988	-7.68955164055924	2	FALSE	40.3858797072811	0	0	0
3	Zulu_EGAN00001069149	1	18.7794197595227	16.2535345154855	21.30530500356	-808.760423904988	-5.70008117798107	2	FALSE	17.5946578339812	0	0	0
3	Zulu_EGAN00001069150	2	27.9603137465278	24.9327579547335	30.9878695383222	-808.760423904988	-10.0525317228755	2	FALSE	24.1423948454797	0	0	0
3	Zulu_EGAN00001069151	1	18.7794197595227	16.2535345154855	21.30530500356	-808.760423904988	-6.04736069084008	2	FALSE	19.6972908932487	0	0	0
3	Zulu_EGAN00001069152	2	27.9603137465278	24.9327579547335	30.9878695383222	-808.760423904988	-7.1430963520329	2	FALSE	27.7837043003729	0	0	0
3	Zulu_EGAN00001069153	2	27.9603137465278	24.9327579547335	30.9878695383222	-808.760423904988	-7.97467806428399	2	FALSE	30.9050360717858	0	0	0
3	Zulu_EGAN00001069154	3	36.954468519691	33.6024630422122	40.3064739971697	-808.760423904988	-9.7516534831901	2	FALSE	34.8597686145191	0	0	0
3	Zulu_EGAN00001069155	2	27.9603137465278	24.9327579547335	30.9878695383222	-808.760423904988	-7.40698164341433	2	FALSE	30.7251204904161	0	0	0
3	Zulu_EGAN00001069156	2	27.9603137465278	24.9327579547335	30.9878695383222	-808.760423904988	-8.1224036005857	2	FALSE	23.288068893075	0	0	0
3	Zulu_EGAN00001069157	1	18.7794197595227	16.2535345154855	21.30530500356	-808.760423904988	-5.99677901759928	2	FALSE	19.3852019884863	0	0	0
3	Zulu_EGAN00001069158	1	18.7794197595227	16.2535345154855	21.30530500356	-808.760423904988	-7.71405862500709	2	FALSE	21.610023921218	0	0	0
3	Zulu_EGAN00001069159	2	27.9603137465278	24.9327579547335	30.9878695383222	-808.760423904988	-7.28867554720512	2	FALSE	25.1463803656115	0	0	0
3	Zulu_EGAN00001069160	2	27.9603137465278	24.9327579547335	30.9878695383222	-808.760423904988	-7.2930627446716	2	FALSE	30.3193215570932	0	0	0
3	Zulu_EGAN00001069161	2	27.9603137465278	24.9327579547335	30.9878695383222	-808.760423904988	-7.85479736271077	2	FALSE	25.6891006717447	0	0	0
3	Zulu_EGAN00001069162	3	36.954468519691	33.6024630422122	40.3064739971697	-808.760423904988	-14.1189076606027	2	FALSE	45.8799535323261	0	0	0
3	Zulu_EGAN00001069163	2	27.9603137465278	24.9327579547335	30.9878695383222	-808.760423904988	-8.09496493022663	2	FALSE	26.5699988187789	0	0	0
3	Zulu_EGAN00001069164	3	36.954468519691	33.6024630422122	40.3064739971697	-808.760423904988	-10.4164588965568	2	FALSE	45.70351181961	0	0	0
3	Zulu_EGAN00001069165	3	36.954468519691	33.6024630422122	40.3064739971697	-808.760423904988	-9.72621280780774	2	FALSE	35.1672337214922	0	0	0
3	Zulu_EGAN00001069166	3	36.954468519691	33.6024630422122	40.3064739971697	-808.760423904988	-7.74115197912072	2	FALSE	34.0466556185011	0	0	0
3	Zulu_EGAN00001069167	3	36.954468519691	33.6024630422122	40.3064739971697	-808.760423904988	-10.8793605621115	2	FALSE	43.7855890509348	0	0	0
3	Zulu_EGAN00001069168	1	18.7794197595227	16.2535345154855	21.30530500356	-808.760423904988	-8.71137316842398	2	FALSE	17.0225861943647	0	0	0
3	Zulu_EGAN00001069169	1	18.7794197595227	16.2535345154855	21.30530500356	-808.760423904988	-7.36707518962956	2	FALSE	14.9697637355765	0	0	0
3	Zulu_EGAN00001069170	2	27.9603137465278	24.9327579547335	30.9878695383222	-808.760423904988	-7.66998121107255	2	FALSE	27.51156004373	0	0	0
3	Zulu_EGAN00001069171	1	18.7794197595227	16.2535345154855	21.30530500356	-808.760423904988	-7.71537135302179	2	FALSE	21.3565480131845	0	0	0
3	Zulu_EGAN00001069172	3	36.954468519691	33.6024630422122	40.3064739971697	-808.760423904988	-7.61239402557165	2	FALSE	34.3250485774908	0	0	0
3	Zulu_EGAN00001069173	1	18.7794197595227	16.2535345154855	21.30530500356	-808.760423904988	-7.47227358537971	2	FALSE	22.5630515484624	0	0	0
3	Zulu_EGAN00001069174	1	18.7794197595227	16.2535345154855	21.30530500356	-808.760423904988	-6.62165350489435	2	FALSE	16.3700041049568	0	0	0
3	Zulu_EGAN00001069175	1	18.7794197595227	16.2535345154855	21.30530500356	-808.760423904988	-8.71276190314347	2	FALSE	21.6399477269643	0	0	0
3	Zulu_EGAN00001069176	3	36.954468519691	33.6024630422122	40.3064739971697	-808.760423904988	-8.87943657634252	2	FALSE	43.0985880765079	0	0	0
3	Zulu_EGAN00001069177	3	36.954468519691	33.6024630422122	40.3064739971697	-808.760423904988	-7.95769886795721	2	FALSE	40.2481428667514	0	0	0
3	Zulu_EGAN00001069178	2	27.9603137465278	24.9327579547335	30.9878695383222	-808.760423904988	-9.10031618815785	2	FALSE	21.8049166803519	0	0	0
3	Zulu_EGAN00001069179	2	27.9603137465278	24.9327579547335	30.9878695383222	-808.760423904988	-7.60351674419819	2	FALSE	30.8210079136077	0	0	0
3	Zulu_EGAN00001069180	3	36.954468519691	33.6024630422122	40.3064739971697	-808.760423904988	-7.59414848163419	2	FALSE	33.8449214503854	0	0	0
3	Zulu_EGAN00001069181	2	27.9603137465278	24.9327579547335	30.9878695383222	-808.760423904988	-7.58390797905516	2	FALSE	28.5392665065153	0	0	0
3	Zulu_EGAN00001069182	3	36.954468519691	33.6024630422122	40.3064739971697	-808.760423904988	-7.92566674975847	2	FALSE	33.9961641734389	0	0	0
3	Zulu_EGAN00001069183	2	27.9603137465278	24.9327579547335	30.9878695383222	-808.760423904988	-7.44012652302635	2	FALSE	31.1578298584784	0	0	0
3	Zulu_EGAN00001069184	3	36.954468519691	33.6024630422122	40.3064739971697	-808.760423904988	-10.3024866704462	2	FALSE	44.3237672723083	0	0	0
3	Zulu_EGAN00001069185	2	27.9603137465278	24.9327579547335	30.9878695383222	-808.760423904988	-7.94394723235854	2	FALSE	25.5147739394043	0	0	0
3	Zulu_EGAN00001069186	2	27.9603137465278	24.9327579547335	30.9878695383222	-808.760423904988	-6.84266886092618	2	FALSE	27.1059492952654	0	0	0
3	Zulu_EGAN00001069187	1	18.7794197595227	16.2535345154855	21.30530500356	-808.760423904988	-5.72122156568617	2	FALSE	18.9917967425374	0	0	0
3	Zulu_EGAN00001069188	1	18.7794197595227	16.2535345154855	21.30530500356	-808.760423904988	-7.64859095614543	2	FALSE	22.6089710773566	0	0	0
3	Zulu_EGAN00001069189	1	18.7794197595227	16.2535345154855	21.30530500356	-808.760423904988	-6.30448889336922	2	FALSE	18.6441373653841	0	0	0
3	Zulu_EGAN00001069190	3	36.954468519691	33.6024630422122	40.3064739971697	-808.760423904988	-7.96244394728935	2	FALSE	34.0466556185011	0	0	0
3	Zulu_EGAN00001069192	2	27.9603137465278	24.9327579547335	30.9878695383222	-808.760423904988	-10.0719067658147	2	FALSE	21.8951765166183	0	0	0
3	Zulu_EGAN00001069193	3	36.954468519691	33.6024630422122	40.3064739971697	-808.760423904988	-7.14859730480421	2	FALSE	35.4245161995809	0	0	0
3	Zulu_EGAN00001069194	2	27.9603137465278	24.9327579547335	30.9878695383222	-808.760423904988	-7.26250803165316	2	FALSE	26.6589378779711	0	0	0
3	Zulu_EGAN00001069195	3	36.954468519691	33.6024630422122	40.3064739971697	-808.760423904988	-7.71965419381643	2	FALSE	33.3183078380231	0	0	0
3	Zulu_EGAN00001069196	2	27.9603137465278	24.9327579547335	30.9878695383222	-808.760423904988	-6.77823562333797	2	FALSE	28.1029623251339	0	0	0
3	Zulu_EGAN00001069197	3	36.954468519691	33.6024630422122	40.3064739971697	-808.760423904988	-9.23976413595838	2	FALSE	32.696935911619	0	0	0
3	Zulu_EGAN00001069198	1	18.7794197595227	16.2535345154855	21.30530500356	-808.760423904988	-5.80541152569662	2	FALSE	20.2136474890323	0	0	0
3	Zulu_EGAN00001069199	2	27.9603137465278	24.9327579547335	30.9878695383222	-808.760423904988	-6.90109439451806	2	FALSE	30.0819191204473	0	0	0
3	Zulu_EGAN00001069200	3	36.954468519691	33.6024630422122	40.3064739971697	-808.760423904988	-8.47398327564168	2	FALSE	38.023682035379	0	0	0
3	Zulu_EGAN00001069201	3	36.954468519691	33.6024630422122	40.3064739971697	-808.760423904988	-7.17981744543035	2	FALSE	38.6680269902561	0	0	0
3	Zulu_EGAN00001069202	3	36.954468519691	33.6024630422122	40.3064739971697	-808.760423904988	-8.69648113214639	2	FALSE	42.0575402794685	0	0	0
4	Zulu_EGAN00001068937	2	24.5860003011532	21.6362892920289	27.5357113102774	-779.029745729406	-8.08217436686715	2	FALSE	26.503395854693	0	0	0
4	Zulu_EGAN00001068938	3	33.307242616842	30.2048580010609	36.4096272326232	-779.029745729406	-6.9087143249528	2	FALSE	34.1477543146923	0	0	0
4	Zulu_EGAN00001068943	2	24.5860003011532	21.6362892920289	27.5357113102774	-779.029745729406	-8.49057250169085	2	FALSE	24.3967049678575	0	0	0
4	Zulu_EGAN00001068947	2	24.5860003011532	21.6362892920289	27.5357113102774	-779.029745729406	-8.29737953974475	2	FALSE	27.9659058452459	0	0	0
4	Zulu_EGAN00001068950	4	40.8696239123686	34.8992536173738	46.8399942073634	-779.029745729406	-11.1933736975734	2	FALSE	47.025358446811	0	0	0
4	Zulu_EGAN00001068954	2	24.5860003011532	21.6362892920289	27.5357113102774	-779.029745729406	-9.034552821233	2	FALSE	26.2599280753059	0	0	0
4	Zulu_EGAN00001068957	3	33.307242616842	30.2048580010609	36.4096272326232	-779.029745729406	-7.33757201495668	2	FALSE	31.6179707885799	0	0	0
4	Zulu_EGAN00001068959	2	24.5860003011532	21.6362892920289	27.5357113102774	-779.029745729406	-7.91025799080935	2	FALSE	28.401109868994	0	0	0
4	Zulu_EGAN00001068962	1	17.1369526722882	14.0933550828495	20.1805502617269	-779.029745729406	-5.88798555837415	2	FALSE	19.1037640911334	0	0	0
4	Zulu_EGAN00001068963	3	33.307242616842	30.2048580010609	36.4096272326232	-779.029745729406	-7.61494186508875	2	FALSE	28.7471528719221	0	0	0
4	Zulu_EGAN00001068964	3	33.307242616842	30.2048580010609	36.4096272326232	-779.029745729406	-7.47953486327611	2	FALSE	37.6237892114556	0	0	0
4	Zulu_EGAN00001068965	4	40.8696239123686	34.8992536173738	46.8399942073634	-779.029745729406	-8.63052716646719	2	FALSE	46.3127184971694	0	0	0
4	Zulu_EGAN00001068966	2	24.5860003011532	21.6362892920289	27.5357113102774	-779.029745729406	-7.4107360507529	2	FALSE	23.8894743959018	0	0	0
4	Zulu_EGAN00001068967	2	24.5860003011532	21.6362892920289	27.5357113102774	-779.029745729406	-7.24847991159835	2	FALSE	22.5783526312157	0	0	0
4	Zulu_EGAN00001068968	3	33.307242616842	30.2048580010609	36.4096272326232	-779.029745729406	-7.11426589925742	2	FALSE	36.9884771297777	0	0	0
4	Zulu_EGAN00001068969	1	17.1369526722882	14.0933550828495	20.1805502617269	-779.029745729406	-9.13054291160058	2	FALSE	13.8480687375312	0	0	0
4	Zulu_EGAN00001068970	1	17.1369526722882	14.0933550828495	20.1805502617269	-779.029745729406	-7.44337771142457	2	FALSE	15.0808058014594	0	0	0
4	Zulu_EGAN00001068971	1	17.1369526722882	14.0933550828495	20.1805502617269	-779.029745729406	-5.58729878133545	2	FALSE	17.7965784002319	0	0	0
4	Zulu_EGAN00001068972	3	33.307242616842	30.2048580010609	36.4096272326232	-779.029745729406	-7.05435455612772	2	FALSE	36.3326046460155	0	0	0
4	Zulu_EGAN00001068973	2	24.5860003011532	21.6362892920289	27.5357113102774	-779.029745729406	-7.35115510694382	2	FALSE	27.7382504192102	0	0	0
4	Zulu_EGAN00001068974	2	24.5860003011532	21.6362892920289	27.5357113102774	-779.029745729406	-7.14074134208303	2	FALSE	26.5255871922161	0	0	0
4	Zulu_EGAN00001068975	4	40.8696239123686	34.8992536173738	46.8399942073634	-779.029745729406	-10.7239945307238	2	FALSE	48.1449613537757	0	0	0
4	Zulu_EGAN00001069124	2	24.5860003011532	21.6362892920289	27.5357113102774	-779.029745729406	-6.99883093114915	2	FALSE	22.1216808405822	0	0	0
4	Zulu_EGAN00001069125	2	24.5860003011532	21.6362892920289	27.5357113102774	-779.029745729406	-7.60562735666449	2	FALSE	21.9177720018741	0	0	0
4	Zulu_EGAN00001069126	3	33.307242616842	30.2048580010609	36.4096272326232	-779.029745729406	-6.74261153489961	2	FALSE	33.9709329266661	0	0	0
4	Zulu_EGAN00001069127	2	24.5860003011532	21.6362892920289	27.5357113102774	-779.029745729406	-9.24825887473307	2	FALSE	19.1739200575435	0	0	0
4	Zulu_EGAN00001069128	4	40.8696239123686	34.8992536173738	46.8399942073634	-779.029745729406	-7.58919130163624	2	FALSE	41.9169082872724	0	0	0
4	Zulu_EGAN00001069129	2	24.5860003011532	21.6362892920289	27.5357113102774	-779.029745729406	-6.94589132527621	2	FALSE	26.7703288383364	0	0	0
4	Zulu_EGAN00001069131	2	24.5860003011532	21.6362892920289	27.5357113102774	-779.029745729406	-14.5147146196265	2	FALSE	21.8650681970172	0	0	0
4	Zulu_EGAN00001069132	4	40.8696239123686	34.8992536173738	46.8399942073634	-779.029745729406	-7.86653574699928	2	FALSE	38.3988743903351	0	0	0
4	Zulu_EGAN00001069133	3	33.307242616842	30.2048580010609	36.4096272326232	-779.029745729406	-9.11848500361929	2	FALSE	31.7152864865936	0	0	0
4	Zulu_EGAN00001069134	2	24.5860003011532	21.6362892920289	27.5357113102774	-779.029745729406	-7.13047865114702	2	FALSE	24.7807757879239	0	0	0
4	Zulu_EGAN00001069135	3	33.307242616842	30.2048580010609	36.4096272326232	-779.029745729406	-6.31130531710412	2	FALSE	34.8342092505574	0	0	0
4	Zulu_EGAN00001069136	1	17.1369526722882	14.0933550828495	20.1805502617269	-779.029745729406	-5.67617007969925	2	FALSE	18.2177502678894	0	0	0
4	Zulu_EGAN00001069137	2	24.5860003011532	21.6362892920289	27.5357113102774	-779.029745729406	-7.3968535262652	2	FALSE	22.7623889207459	0	0	0
4	Zulu_EGAN00001069138	2	24.5860003011532	21.6362892920289	27.5357113102774	-779.029745729406	-8.4018200923757	2	FALSE	27.061074444436	0	0	0
4	Zulu_EGAN00001069139	3	33.307242616842	30.2048580010609	36.4096272326232	-779.029745729406	-9.06569931116715	2	FALSE	31.2544121180699	0	0	0
4	Zulu_EGAN00001069140	3	33.307242616842	30.2048580010609	36.4096272326232	-779.029745729406	-9.81557190860495	2	FALSE	34.9621025754212	0	0	0
4	Zulu_EGAN00001069141	1	17.1369526722882	14.0933550828495	20.1805502617269	-779.029745729406	-8.14441379242884	2	FALSE	16.0104842857543	0	0	0
4	Zulu_EGAN00001069142	4	40.8696239123686	34.8992536173738	46.8399942073634	-779.029745729406	-9.31547484990022	2	FALSE	33.794584413412	0	0	0
4	Zulu_EGAN00001069143	3	33.307242616842	30.2048580010609	36.4096272326232	-779.029745729406	-8.81211021599294	2	FALSE	31.9592512670167	0	0	0
4	Zulu_EGAN00001069144	3	33.307242616842	30.2048580010609	36.4096272326232	-779.029745729406	-8.82891598057502	2	FALSE	36.9621264243605	0	0	0
4	Zulu_EGAN00001069145	4	40.8696239123686	34.8992536173738	46.8399942073634	-779.029745729406	-8.44780911953051	2	FALSE	38.2914835645223	0	0	0
4	Zulu_EGAN00001069146	1	17.1369526722882	14.0933550828495	20.1805502617269	-779.029745729406	-8.56957251808586	2	FALSE	14.5421121754886	0	0	0
4	Zulu_EGAN00001069147	3	33.307242616842	30.2048580010609	36.4096272326232	-779.029745729406	-7.47573877471361	2	FALSE	28.9790545204019	0	0	0
4	Zulu_EGAN00001069148	4	40.8696239123686	34.8992536173738	46.8399942073634	-779.029745729406	-7.60431991620209	2	FALSE	40.3858797072811	0	0	0
4	Zulu_EGAN00001069149	1	17.1369526722882	14.0933550828495	20.1805502617269	-779.029745729406	-5.32695427808402	2	FALSE	17.5946578339812	0	0	0
4	Zulu_EGAN00001069150	2	24.5860003011532	21.6362892920289	27.5357113102774	-779.029745729406	-9.82731827003385	2	FALSE	24.1423948454797	0	0	0
4	Zulu_EGAN00001069151	1	17.1369526722882	14.0933550828495	20.1805502617269	-779.029745729406	-6.66986694328866	2	FALSE	19.6972908932487	0	0	0
4	Zulu_EGAN00001069152	2	24.5860003011532	21.6362892920289	27.5357113102774	-779.029745729406	-7.67929592283072	2	FALSE	27.7837043003729	0	0	0
4	Zulu_EGAN00001069153	3	33.307242616842	30.2048580010609	36.4096272326232	-779.029745729406	-7.95758231436841	2	FALSE	30.9050360717858	0	0	0
4	Zulu_EGAN00001069154	3	33.307242616842	30.2048580010609	36.4096272326232	-779.029745729406	-8.26397340877905	2	FALSE	34.8597686145191	0	0	0
4	Zulu_EGAN00001069155	3	33.307242616842	30.2048580010609	36.4096272326232	-779.029745729406	-7.1876028371351	2	FALSE	30.7251204904161	0	0	0
4	Zulu_EGAN00001069156	2	24.5860003011532	21.6362892920289	27.5357113102774	-779.029745729406	-6.92374334786616	2	FALSE	23.288068893075	0	0	0
4	Zulu_EGAN00001069157	1	17.1369526722882	14.0933550828495	20.1805502617269	-779.029745729406	-6.52478711190405	2	FALSE	19.3852019884863	0	0	0
4	Zulu_EGAN00001069158	2	24.5860003011532	21.6362892920289	27.5357113102774	-779.029745729406	-7.36191405714973	2	FALSE	21.610023921218	0	0	0
4	Zulu_EGAN00001069159	2	24.5860003011532	21.6362892920289	27.5357113102774	-779.029745729406	-6.50030870385935	2	FALSE	25.1463803656115	0	0	0
4	Zulu_EGAN00001069160	3	33.307242616842	30.2048580010609	36.4096272326232	-779.029745729406	-7.1456392083574	2	FALSE	30.3193215570932	0	0	0
4	Zulu_EGAN00001069161	2	24.5860003011532	21.6362892920289	27.5357113102774	-779.029745729406	-7.74684053193909	2	FALSE	25.6891006717447	0	0	0
4	Zulu_EGAN00001069162	4	40.8696239123686	34.8992536173738	46.8399942073634	-779.029745729406	-12.9400760367098	2	FALSE	45.8799535323261	0	0	0
4	Zulu_EGAN00001069163	2	24.5860003011532	21.6362892920289	27.5357113102774	-779.029745729406	-8.21521982775638	2	FALSE	26.5699988187789	0	0	0
4	Zulu_EGAN00001069164	4	40.8696239123686	34.8992536173738	46.8399942073634	-779.029745729406	-8.4503565889188	2	FALSE	45.70351181961	0	0	0
4	Zulu_EGAN00001069165	3	33.307242616842	30.2048580010609	36.4096272326232	-779.029745729406	-8.57678681377215	2	FALSE	35.1672337214922	0	0	0
4	Zulu_EGAN00001069166	3	33.307242616842	30.2048580010609	36.4096272326232	-779.029745729406	-6.14287225631769	2	FALSE	34.0466556185011	0	0	0
4	Zulu_EGAN00001069167	4	40.8696239123686	34.8992536173738	46.8399942073634	-779.029745729406	-9.52056561733664	2	FALSE	43.7855890509348	0	0	0
4	Zulu_EGAN00001069168	1	17.1369526722882	14.0933550828495	20.1805502617269	-779.029745729406	-8.97069030325767	2	FALSE	17.0225861943647	0	0	0
4	Zulu_EGAN00001069169	1	17.1369526722882	14.0933550828495	20.1805502617269	-779.029745729406	-6.64517070726987	2	FALSE	14.9697637355765	0	0	0
4	Zulu_EGAN00001069170	2	24.5860003011532	21.6362892920289	27.5357113102774	-779.029745729406	-8.04364908441059	2	FALSE	27.51156004373	0	0	0
4	Zulu_EGAN00001069171	2	24.5860003011532	21.6362892920289	27.5357113102774	-779.029745729406	-7.48073710781447	2	FALSE	21.3565480131845	0	0	0
4	Zulu_EGAN00001069172	3	33.307242616842	30.2048580010609	36.4096272326232	-779.029745729406	-7.62400185246112	2	FALSE	34.3250485774908	0	0	0
4	Zulu_EGAN00001069173	2	24.5860003011532	21.6362892920289	27.5357113102774	-779.029745729406	-6.84404972863544	2	FALSE	22.5630515484624	0	0	0
4	Zulu_EGAN00001069174	1	17.1369526722882	14.0933550828495	20.1805502617269	-779.029745729406	-5.41912086241014	2	FALSE	16.3700041049568	0	0	0
4	Zulu_EGAN00001069175	2	24.5860003011532	21.6362892920289	27.5357113102774	-779.029745729406	-7.760244604512	2	FALSE	21.6399477269643	0	0	0
4	Zulu_EGAN00001069176	4	40.8696239123686	34.8992536173738	46.8399942073634	-779.029745729406	-7.72203224143325	2	FALSE	43.0985880765079	0	0	0
4	Zulu_EGAN00001069177	4	40.8696239123686	34.8992536173738	46.8399942073634	-779.029745729406	-9.29073702498655	2	FALSE	40.2481428667514	0	0	0
4	Zulu_EGAN00001069178	2	24.5860003011532	21.6362892920289	27.5357113102774	-779.029745729406	-7.90859079180395	2	FALSE	21.8049166803519	0	0	0
4	Zulu_EGAN00001069179	3	33.307242616842	30.2048580010609	36.4096272326232	-779.029745729406	-7.30960056974215	2	FALSE	30.8210079136077	0	0	0
4	Zulu_EGAN00001069180	3	33.307242616842	30.2048580010609	36.4096272326232	-779.029745729406	-6.22457743213125	2	FALSE	33.8449214503854	0	0	0
4	Zulu_EGAN00001069181	2	24.5860003011532	21.6362892920289	27.5357113102774	-779.029745729406	-8.24989223505822	2	FALSE	28.5392665065153	0	0	0
4	Zulu_EGAN00001069182	3	33.307242616842	30.2048580010609	36.4096272326232	-779.029745729406	-8.24821686058316	2	FALSE	33.9961641734389	0	0	0
4	Zulu_EGAN00001069183	3	33.307242616842	30.2048580010609	36.4096272326232	-779.029745729406	-6.70221682425505	2	FALSE	31.1578298584784	0	0	0
4	Zulu_EGAN00001069184	4	40.8696239123686	34.8992536173738	46.8399942073634	-779.029745729406	-8.81086476288559	2	FALSE	44.3237672723083	0	0	0
4	Zulu_EGAN00001069185	2	24.5860003011532	21.6362892920289	27.5357113102774	-779.029745729406	-7.79595612871652	2	FALSE	25.5147739394043	0	0	0
4	Zulu_EGAN00001069186	2	24.5860003011532	21.6362892920289	27.5357113102774	-779.029745729406	-7.3938103656655	2	FALSE	27.1059492952654	0	0	0
4	Zulu_EGAN00001069187	1	17.1369526722882	14.0933550828495	20.1805502617269	-779.029745729406	-6.10627891971532	2	FALSE	18.9917967425374	0	0	0
4	Zulu_EGAN00001069188	2	24.5860003011532	21.6362892920289	27.5357113102774	-779.029745729406	-7.59952405183239	2	FALSE	22.6089710773566	0	0	0
4	Zulu_EGAN00001069189	1	17.1369526722882	14.0933550828495	20.1805502617269	-779.029745729406	-6.64602018205697	2	FALSE	18.6441373653841	0	0	0
4	Zulu_EGAN00001069190	4	40.8696239123686	34.8992536173738	46.8399942073634	-779.029745729406	-9.17380021986945	2	FALSE	34.0466556185011	0	0	0
4	Zulu_EGAN00001069192	2	24.5860003011532	21.6362892920289	27.5357113102774	-779.029745729406	-9.4545864795801	2	FALSE	21.8951765166183	0	0	0
4	Zulu_EGAN00001069193	3	33.307242616842	30.2048580010609	36.4096272326232	-779.029745729406	-7.00842084618868	2	FALSE	35.4245161995809	0	0	0
4	Zulu_EGAN00001069194	2	24.5860003011532	21.6362892920289	27.5357113102774	-779.029745729406	-7.42257543682298	2	FALSE	26.6589378779711	0	0	0
4	Zulu_EGAN00001069195	3	33.307242616842	30.2048580010609	36.4096272326232	-779.029745729406	-6.45288031168325	2	FALSE	33.3183078380231	0	0	0
4	Zulu_EGAN00001069196	2	24.5860003011532	21.6362892920289	27.5357113102774	-779.029745729406	-7.54942764169693	2	FALSE	28.1029623251339	0	0	0
4	Zulu_EGAN00001069197	4	40.8696239123686	34.8992536173738	46.8399942073634	-779.029745729406	-9.74992394745782	2	FALSE	32.696935911619	0	0	0
4	Zulu_EGAN00001069198	1	17.1369526722882	14.0933550828495	20.1805502617269	-779.029745729406	-6.72887805643341	2	FALSE	20.2136474890323	0	0	0
4	Zulu_EGAN00001069199	3	33.307242616842	30.2048580010609	36.4096272326232	-779.029745729406	-6.944049436691	2	FALSE	30.0819191204473	0	0	0
4	Zulu_EGAN00001069200	4	40.8696239123686	34.8992536173738	46.8399942073634	-779.029745729406	-8.18986946070614	2	FALSE	38.023682035379	0	0	0
4	Zulu_EGAN00001069201	3	33.307242616842	30.2048580010609	36.4096272326232	-779.029745729406	-8.19558386199361	2	FALSE	38.6680269902561	0	0	0
4	Zulu_EGAN00001069202	4	40.8696239123686	34.8992536173738	46.8399942073634	-779.029745729406	-7.70312905096051	2	FALSE	42.0575402794685	0	0	0
