ElandCave 16.2 19 28.3321618320584 14.8762690156051
Mfongosi 11 16 25.2111883356642 7.80800364994694
Newcastle 11.7 18.14 23.8515090831015 8.45916895932984
BAN-011 0 0 28.080095452222 8.61814306579243
BAN-022 0 0 32.2287271588738 11.8963415982672
BAN-045 0 0 48.1449613537757 13.5671505977289
BAN-60 0 0 44.9817913995799 11.8677034959397
BAN-010 0 0 41.3009937217595 11.3656543727621
BAN-028 0 0 50.0135175112883 12.7053878905912
BAN-043 0 0 25.2328102933595 9.22948393969278
BAN-17 0 0 37.6503811795116 12.2267644757657
BAN-24 0 0 31.3511487857504 8.44262915144771
BAN-32 0 0 34.1477543146923 8.79075900133277
BAN-42 0 0 55.4040863082302 19.3706896520551
BAN-49 0 0 23.0089862608099 16.1566120890111
BAN-50 0 0 37.8634643421596 13.4884716457974
BAN-51 0 0 28.1945263218371 9.13621385941526
BAN-95 0 0 44.9817913995799 18.116385099192
BAN-071 0 0 29.8454817343568 6.9509716308734
HGDP00993 0 0 39.2092273417644 9.82660928553823
HGDP00994 0 0 31.1095966317159 10.969605985704
HGDP01030 0 0 28.5162162739979 5.20265118534887
HGDP01034 0 0 32.1551179277552 6.94473968372856
BAN-72 0 0 39.9733929736088 17.1846193543678
BAN-96 0 0 39.1006784552849 10.091610422548
BAN-015 0 0 37.0148374857004 16.3538760145458
BAN-059 0 0 23.7256923416393 10.2486178922708
BAN-026 0 0 28.5623263895383 15.203056627538
BAN-61 0 0 32.9199349687245 14.316225436744
BAN-002 0 0 36.6991501479946 17.4156525761702
BAN-003 0 0 30.7251204904161 9.81581614985029
BAN-019 0 0 32.524032628848 12.2683979203405
BAN-021 0 0 22.7009566608532 12.0358528618347
BAN-030 0 0 38.3988743903351 13.6805664556117
BAN-048 0 0 32.8207277716221 10.7305646125252
MAL-011 0 0 66.7434121938358 99.613050596472
MAL-012 0 0 23.7571139657364 21.4204029639628
MAL-014 0 0 51.751304598429 59.072518023921
MAL-018 0 0 78.935791015625 65.113854142044
MAL-019 0 0 18.8941102236153 24.452904503179
MAL-023 0 0 112.56640625 114.717055884639
MAL-028 0 0 51.4179635980476 24.3508289896559
MAL-043 0 0 21.0751074023925 28.1980855354547
MAL-045 0 0 14.8101456839781 37.4383077712024
MAL-112 0 0 15.8069546501522 111.19415570062
MAL-122 0 0 20.6055304956791 47.6626639440259
MAL-025 0 0 12.025 21.1399438517101
MAL-026 0 0 82 80.1983599505929
MAL-074 0 0 27.150862748117 19.728194832305
MAL-124 0 0 21.5502414322623 21.4245055965102
MAL-047 0 0 36.6991501479946 49.2046075186076
MAL-058 0 0 40.5791166052559 49.905642721146
MAL-059 0 0 55.8370657892651 101.429001182191
MAL-065 0 0 40.8005378047032 33.4450974148929
MAL-073 0 0 29.1652706755856 11.1515899157746
MAL-079 0 0 17.154730675671 70.6705891932599
MAL-097 0 0 58.6487724152169 82.8875988451912
MAL-099 0 0 36.0719444909827 30.9057723764584
MAL-197 0 0 67.5056482869649 169.969233251994
MAL-206 0 0 39.6996081310215 26.2387695513664
MAL-005 0 0 144.042086645992 260.954936988237
MAL-009 0 0 53.0956518289622 95.3060229005387
MAL-015 0 0 117.91015625 170.741753932371
MAL-024 0 0 50.424530534308 28.0584086706267
MAL-032 0 0 54.8007981323958 81.7945878482661
MAL-050 0 0 41.6923989260476 41.9200259985908
MAL-101 0 0 82 109.930737152342
MAL-136 0 0 22.517180861471 31.9647670504547
MAL-196 0 0 43.4413935312607 80.8250628382098
BOT6-413 0 0 38.2646599843329 8.28480527810612
BOT6-417 0 0 31.9837008228396 13.6874839439331
BOT6-460 0 0 30.0582319545632 13.5983755846437
BOT6-475 0 0 40.7451246018081 7.28888812925255
BOT6-476 0 0 32.2778482321472 11.5554414723757
ZIM05 0 0 45.605638807213 37.4264071747075
ZIM07 0 0 69.430459170551 72.0339183423621
ZIM02 0 0 84.8369140625 50.6045573216872
ZIM10 0 0 56.1846849873564 72.7405612874776
ZIM21 0 0 28.7934559975737 15.2462324206569
ZIM28 0 0 34.6300817570641 32.5827203010286
ZIM54 0 0 52.7579175369777 69.0863675281678
ZIM55 0 0 52.25337545444 58.0303841083402
Zulu_EGAN00001068937 0 0 26.4368797451572 7.94119781323685
Zulu_EGAN00001068938 0 0 27.061074444436 10.9729397207351
Zulu_EGAN00001068943 0 0 33.4182870755699 16.345862021241
Zulu_EGAN00001068947 0 0 29.2586103653108 15.7221852283353
Zulu_EGAN00001068950 0 0 54.7148886880018 11.6521505419973
Zulu_EGAN00001068954 0 0 27.9659058452459 13.3861321174905
Zulu_EGAN00001068957 0 0 38.9922839768944 16.6469440228804
Zulu_EGAN00001068959 0 0 27.1059492952654 10.3987279067247
Zulu_EGAN00001068962 0 0 24.2693761975686 6.50645690246221
Zulu_EGAN00001068963 0 0 29.1652706755856 10.4551219032627
Zulu_EGAN00001068964 0 0 37.7035940671403 10.3985209075113
Zulu_EGAN00001068965 0 0 43.2888639384173 16.5538820002789
Zulu_EGAN00001068966 0 0 27.4211541076934 8.30264537991691
Zulu_EGAN00001068967 0 0 27.150862748117 8.76516485591783
Zulu_EGAN00001068968 0 0 29.4457529690278 7.60975955032729
Zulu_EGAN00001068969 0 0 33.118812587196 10.8410939292051
Zulu_EGAN00001068970 0 0 13.7090393066406 6.37756741095597
Zulu_EGAN00001068971 0 0 17.7965784002319 6.38915239035668
Zulu_EGAN00001068972 0 0 34.9365046094374 11.1113605968399
Zulu_EGAN00001068973 0 0 31.9837008228396 10.8466927590558
Zulu_EGAN00001068974 0 0 29.9163116198756 12.4236583978804
Zulu_EGAN00001068975 0 0 44.6715151801146 16.6374096075835
Zulu_EGAN00001069124 0 0 35.2957543292171 15.4550360992855
Zulu_EGAN00001069125 0 0 22.3950978121294 7.17956500728493
Zulu_EGAN00001069126 0 0 32.7711820761042 8.32608846593432
Zulu_EGAN00001069127 0 0 30.6293874753134 20.3957211764096
Zulu_EGAN00001069128 0 0 40.9114800165602 15.6341365771355
Zulu_EGAN00001069129 0 0 26.5699988187789 7.66927656089967
Zulu_EGAN00001069130 0 0 25.9517488309217 8.30745445508222
Zulu_EGAN00001069131 0 0 36.9621264243605 19.8030520319583
Zulu_EGAN00001069132 0 0 37.3054383342167 9.06354176193298
Zulu_EGAN00001069133 0 0 43.9006297941419 10.7604176762414
Zulu_EGAN00001069134 0 0 26.7034653106005 13.6672413378611
Zulu_EGAN00001069135 0 0 33.6689107048258 11.8431104737376
Zulu_EGAN00001069136 0 0 18.1767637711721 7.67841734513369
Zulu_EGAN00001069137 0 0 26.7926359819261 8.26758017192557
Zulu_EGAN00001069138 0 0 32.7711820761042 11.3736070896689
Zulu_EGAN00001069139 0 0 34.5791463887464 11.9342809217267
Zulu_EGAN00001069140 0 0 44.8265159994847 16.6109276549873
Zulu_EGAN00001069141 0 0 17.7426135245806 15.9897010812522
Zulu_EGAN00001069142 0 0 32.4747185454634 13.6639756693688
Zulu_EGAN00001069143 0 0 29.7276249352699 4.49917149349613
Zulu_EGAN00001069144 0 0 37.4909741287588 9.65404185126754
Zulu_EGAN00001069145 0 0 36.4371389221841 15.6892116916472
Zulu_EGAN00001069146 0 0 19.6261309543933 11.1114116780736
Zulu_EGAN00001069147 0 0 25.7327788598853 10.0828430781105
Zulu_EGAN00001069148 0 0 41.2452331006644 8.40224361050807
Zulu_EGAN00001069149 0 0 22.7009566608532 12.7209084435112
Zulu_EGAN00001069150 0 0 40.1381271034277 12.503073075901
Zulu_EGAN00001069151 0 0 32.6227766016838 12.0516018565788
Zulu_EGAN00001069152 0 0 29.6335132051003 10.1782759407467
Zulu_EGAN00001069153 0 0 32.4993707619029 11.3311949338333
Zulu_EGAN00001069154 0 0 28.5623263895383 6.71936554507294
Zulu_EGAN00001069155 0 0 28.7008883482928 8.47661058106612
Zulu_EGAN00001069156 0 0 25.8640450364405 7.30304487561355
Zulu_EGAN00001069157 0 0 21.6698932402229 8.6425555808848
Zulu_EGAN00001069158 0 0 31.2544121180699 14.2484058899832
Zulu_EGAN00001069159 0 0 30.0108865743118 9.00391666021848
Zulu_EGAN00001069160 0 0 35.7604261716765 10.4968724983807
Zulu_EGAN00001069161 0 0 29.7276249352699 7.34012446481964
Zulu_EGAN00001069162 0 0 52.9266473926074 17.8139911592014
Zulu_EGAN00001069163 0 0 30.0582319545632 11.3548209774631
Zulu_EGAN00001069164 0 0 32.7216749826085 10.1763440436844
Zulu_EGAN00001069165 0 0 28.7471528719221 7.07453906994646
Zulu_EGAN00001069166 0 0 36.9621264243605 11.7975424646952
Zulu_EGAN00001069167 0 0 53.6043126223778 19.3917172957468
Zulu_EGAN00001069168 0 0 24.4179602063417 12.9580658792075
Zulu_EGAN00001069169 0 0 26.7034653106005 14.3894839024686
Zulu_EGAN00001069170 0 0 38.2378460546492 12.9923213899296
Zulu_EGAN00001069171 0 0 25.0816592501088 9.79825305882277
Zulu_EGAN00001069172 0 0 28.6084751071009 11.2412264530924
Zulu_EGAN00001069173 0 0 26.2157866628987 12.7584479032509
Zulu_EGAN00001069174 0 0 21.7898923683808 11.9887941169951
Zulu_EGAN00001069175 0 0 29.0255506561645 8.43854315043616
Zulu_EGAN00001069176 0 0 43.4413935312607 16.0421005735821
Zulu_EGAN00001069177 0 0 39.6996081310215 7.06547558040438
Zulu_EGAN00001069178 0 0 24.9524775827534 10.0849385339972
Zulu_EGAN00001069179 0 0 33.4683345973766 9.28007147705727
Zulu_EGAN00001069180 0 0 38.023682035379 10.359817239824
Zulu_EGAN00001069181 0 0 29.1186587337564 11.0073960785811
Zulu_EGAN00001069182 0 0 33.8701044446305 14.4496657704077
Zulu_EGAN00001069183 0 0 33.0192965739158 13.759757727911
Zulu_EGAN00001069184 0 0 46.8665134972882 18.6046257984865
Zulu_EGAN00001069185 0 0 42.1984135343034 9.70520771645072
Zulu_EGAN00001069186 0 0 20.9277676624555 6.42935661756647
Zulu_EGAN00001069187 0 0 21.910238816736 9.23326740437448
Zulu_EGAN00001069188 0 0 23.2569728816629 7.44825008444562
Zulu_EGAN00001069189 0 0 29.1186587337564 8.75848872949289
Zulu_EGAN00001069190 0 0 44.1311746355301 6.47959531654301
Zulu_EGAN00001069192 0 0 34.0214050707172 13.0863408947806
Zulu_EGAN00001069193 0 0 35.8641112033564 8.822273561911
Zulu_EGAN00001069194 0 0 29.6335132051003 11.2888938494155
Zulu_EGAN00001069195 0 0 32.672206491135 10.8551828982234
Zulu_EGAN00001069196 0 0 29.4457529690278 12.7828949762995
Zulu_EGAN00001069197 0 0 31.7396395373609 12.4285927665707
Zulu_EGAN00001069198 0 0 22.1216808405822 7.36325995261088
Zulu_EGAN00001069199 0 0 24.4392250953315 7.55133097880581
Zulu_EGAN00001069200 0 0 41.5244222263623 13.2737282149752
Zulu_EGAN00001069201 0 0 37.7568455567912 10.3456521119997
Zulu_EGAN00001069202 0 0 38.7219733163069 12.0069920299852
