# CLUSTERING STRENGTH + LIKELIHOOD K SELECTION RESULTS (GLOBETROTTER)
# Recommended K: 2
# Method: GLOBETROTTER
# Clustering strength threshold: 0.78
# Likelihood thresholds: k1 to k2(k=2):0.69 k1 to k2(k=3):0.9 k2 to k3:0.43 k3 to k4:0.31
#
model_k	pop	cluster	joint_date_est_best	joint_date_lowerci	joint_date_upperci	likelihood_mean	likelihood_per_ind	recommended_k	is_recommended	ind_date_est	sample_age_est_best	sample_age_lowerci_mean	sample_age_upperci_mean
1	BAN-002	1	27.3020220227876	25.8223703420375	28.7816737035378	-1577.66172776463	-12.1492923118529	2	FALSE	38.3451596764176	0	0	0
1	BAN-003	1	27.3020220227876	25.8223703420375	28.7816737035378	-1577.66172776463	-7.24661465034375	2	FALSE	29.2119212194371	0	0	0
1	BAN-010	1	27.3020220227876	25.8223703420375	28.7816737035378	-1577.66172776463	-9.1738071882341	2	FALSE	30.9170497448883	0	0	0
1	BAN-011	1	27.3020220227876	25.8223703420375	28.7816737035378	-1577.66172776463	-7.26190120305779	2	FALSE	30.3431148785384	0	0	0
1	BAN-015	1	27.3020220227876	25.8223703420375	28.7816737035378	-1577.66172776463	-10.9093001599002	2	FALSE	32.2778482321472	0	0	0
1	BAN-019	1	27.3020220227876	25.8223703420375	28.7816737035378	-1577.66172776463	-18.049147126962	2	FALSE	42.4548593082415	0	0	0
1	BAN-021	1	27.3020220227876	25.8223703420375	28.7816737035378	-1577.66172776463	-10.820785167898	2	FALSE	19.9976441741578	0	0	0
1	BAN-022	1	27.3020220227876	25.8223703420375	28.7816737035378	-1577.66172776463	-6.63273424987315	2	FALSE	27.9659058452459	0	0	0
1	BAN-026	1	27.3020220227876	25.8223703420375	28.7816737035378	-1577.66172776463	-7.64206009201741	2	FALSE	27.5568209147816	0	0	0
1	BAN-028	1	27.3020220227876	25.8223703420375	28.7816737035378	-1577.66172776463	-14.6002562624207	2	FALSE	43.1746469373857	0	0	0
1	BAN-030	1	27.3020220227876	25.8223703420375	28.7816737035378	-1577.66172776463	-10.0414647419524	2	FALSE	35.1415585514639	0	0	0
1	BAN-043	1	27.3020220227876	25.8223703420375	28.7816737035378	-1577.66172776463	-6.98047480123168	2	FALSE	29.0720853939493	0	0	0
1	BAN-045	1	27.3020220227876	25.8223703420375	28.7816737035378	-1577.66172776463	-15.0315601440613	2	FALSE	43.939011031135	0	0	0
1	BAN-048	1	27.3020220227876	25.8223703420375	28.7816737035378	-1577.66172776463	-8.4441287307668	2	FALSE	30.0582319545632	0	0	0
1	BAN-059	1	27.3020220227876	25.8223703420375	28.7816737035378	-1577.66172776463	-7.08649359278405	2	FALSE	24.60969162545	0	0	0
1	BAN-071	1	27.3020220227876	25.8223703420375	28.7816737035378	-1577.66172776463	-11.167659498333	2	FALSE	33.9583209222193	0	0	0
1	BAN-17	1	27.3020220227876	25.8223703420375	28.7816737035378	-1577.66172776463	-6.87898627325021	2	FALSE	29.3989094150652	0	0	0
1	BAN-24	1	27.3020220227876	25.8223703420375	28.7816737035378	-1577.66172776463	-7.63734894721415	2	FALSE	30.8690095282369	0	0	0
1	BAN-32	1	27.3020220227876	25.8223703420375	28.7816737035378	-1577.66172776463	-9.49731065383481	2	FALSE	34.223679667144	0	0	0
1	BAN-42	1	27.3020220227876	25.8223703420375	28.7816737035378	-1577.66172776463	-21.743203255722	2	FALSE	50.2599193895563	0	0	0
1	BAN-49	1	27.3020220227876	25.8223703420375	28.7816737035378	-1577.66172776463	-7.43724506318827	2	FALSE	24.2270104781834	0	0	0
1	BAN-50	1	27.3020220227876	25.8223703420375	28.7816737035378	-1577.66172776463	-12.6565417198566	2	FALSE	39.4812750933517	0	0	0
1	BAN-51	1	27.3020220227876	25.8223703420375	28.7816737035378	-1577.66172776463	-16.3808233114472	2	FALSE	35.9419763074246	0	0	0
1	BAN-60	1	27.3020220227876	25.8223703420375	28.7816737035378	-1577.66172776463	-15.5456752180504	2	FALSE	41.6363680907969	0	0	0
1	BAN-61	1	27.3020220227876	25.8223703420375	28.7816737035378	-1577.66172776463	-9.83058496371301	2	FALSE	34.7831194741508	0	0	0
1	BAN-72	1	27.3020220227876	25.8223703420375	28.7816737035378	-1577.66172776463	-10.0200875140649	2	FALSE	22.4560959217755	0	0	0
1	BAN-95	1	27.3020220227876	25.8223703420375	28.7816737035378	-1577.66172776463	-8.0326379929308	2	FALSE	28.4241118489837	0	0	0
1	BAN-96	1	27.3020220227876	25.8223703420375	28.7816737035378	-1577.66172776463	-10.4259210169258	2	FALSE	35.6310370184517	0	0	0
1	ElandCave	1	27.3020220227876	25.8223703420375	28.7816737035378	-1577.66172776463	-11.6058282566682	2	FALSE	37.1659558462231	16.2087636508048	16.2643834879855	18.9280448295525
1	HGDP00993	1	27.3020220227876	25.8223703420375	28.7816737035378	-1577.66172776463	-14.00703139924	2	FALSE	39.508532946291	0	0	0
1	HGDP00994	1	27.3020220227876	25.8223703420375	28.7816737035378	-1577.66172776463	-7.32396738540318	2	FALSE	27.9202975559943	0	0	0
1	HGDP01030	1	27.3020220227876	25.8223703420375	28.7816737035378	-1577.66172776463	-8.39745444517522	2	FALSE	25.2977340694788	0	0	0
1	HGDP01034	1	27.3020220227876	25.8223703420375	28.7816737035378	-1577.66172776463	-10.5965797463239	2	FALSE	34.5282496224508	0	0	0
1	Mfongosi	1	27.3020220227876	25.8223703420375	28.7816737035378	-1577.66172776463	-6.69789077252511	2	FALSE	28.8367529437274	11.0671678350773	11.0973879867524	15.8292060501408
1	Newcastle	1	27.3020220227876	25.8223703420375	28.7816737035378	-1577.66172776463	-7.50540236246373	2	FALSE	30.9098862942554	11.7780760971922	11.830902258652	17.8769232750745
1	Zulu_EGAN00001068937	1	27.3020220227876	25.8223703420375	28.7816737035378	-1577.66172776463	-7.91048179031612	2	FALSE	26.503395854693	0	0	0
1	Zulu_EGAN00001068938	1	27.3020220227876	25.8223703420375	28.7816737035378	-1577.66172776463	-9.42501964633082	2	FALSE	34.1477543146923	0	0	0
1	Zulu_EGAN00001068943	1	27.3020220227876	25.8223703420375	28.7816737035378	-1577.66172776463	-8.69010566220799	2	FALSE	24.3967049678575	0	0	0
1	Zulu_EGAN00001068947	1	27.3020220227876	25.8223703420375	28.7816737035378	-1577.66172776463	-7.83050187192981	2	FALSE	27.9659058452459	0	0	0
1	Zulu_EGAN00001068950	1	27.3020220227876	25.8223703420375	28.7816737035378	-1577.66172776463	-16.3098078257686	2	FALSE	47.025358446811	0	0	0
1	Zulu_EGAN00001068954	1	27.3020220227876	25.8223703420375	28.7816737035378	-1577.66172776463	-8.9615421936734	2	FALSE	26.2599280753059	0	0	0
1	Zulu_EGAN00001068957	1	27.3020220227876	25.8223703420375	28.7816737035378	-1577.66172776463	-8.14030765309673	2	FALSE	31.6179707885799	0	0	0
1	Zulu_EGAN00001068959	1	27.3020220227876	25.8223703420375	28.7816737035378	-1577.66172776463	-6.65891117310313	2	FALSE	28.401109868994	0	0	0
1	Zulu_EGAN00001068962	1	27.3020220227876	25.8223703420375	28.7816737035378	-1577.66172776463	-15.977342760837	2	FALSE	19.1037640911334	0	0	0
1	Zulu_EGAN00001068963	1	27.3020220227876	25.8223703420375	28.7816737035378	-1577.66172776463	-6.84103188098386	2	FALSE	28.7471528719221	0	0	0
1	Zulu_EGAN00001068964	1	27.3020220227876	25.8223703420375	28.7816737035378	-1577.66172776463	-14.2499276361839	2	FALSE	37.6237892114556	0	0	0
1	Zulu_EGAN00001068965	1	27.3020220227876	25.8223703420375	28.7816737035378	-1577.66172776463	-21.123407757832	2	FALSE	46.3127184971694	0	0	0
1	Zulu_EGAN00001068966	1	27.3020220227876	25.8223703420375	28.7816737035378	-1577.66172776463	-9.60560981759812	2	FALSE	23.8894743959018	0	0	0
1	Zulu_EGAN00001068967	1	27.3020220227876	25.8223703420375	28.7816737035378	-1577.66172776463	-8.15491547221256	2	FALSE	22.5783526312157	0	0	0
1	Zulu_EGAN00001068968	1	27.3020220227876	25.8223703420375	28.7816737035378	-1577.66172776463	-13.012650232738	2	FALSE	36.9884771297777	0	0	0
1	Zulu_EGAN00001068969	1	27.3020220227876	25.8223703420375	28.7816737035378	-1577.66172776463	-15.5760139561196	2	FALSE	13.8480687375312	0	0	0
1	Zulu_EGAN00001068970	1	27.3020220227876	25.8223703420375	28.7816737035378	-1577.66172776463	-50.4781160104048	2	FALSE	15.0808058014594	0	0	0
1	Zulu_EGAN00001068971	1	27.3020220227876	25.8223703420375	28.7816737035378	-1577.66172776463	-26.9741780231036	2	FALSE	17.7965784002319	0	0	0
1	Zulu_EGAN00001068972	1	27.3020220227876	25.8223703420375	28.7816737035378	-1577.66172776463	-11.4577399020295	2	FALSE	36.3326046460155	0	0	0
1	Zulu_EGAN00001068973	1	27.3020220227876	25.8223703420375	28.7816737035378	-1577.66172776463	-6.6682803113194	2	FALSE	27.7382504192102	0	0	0
1	Zulu_EGAN00001068974	1	27.3020220227876	25.8223703420375	28.7816737035378	-1577.66172776463	-6.90289464224999	2	FALSE	26.5255871922161	0	0	0
1	Zulu_EGAN00001068975	1	27.3020220227876	25.8223703420375	28.7816737035378	-1577.66172776463	-16.9354143303279	2	FALSE	48.1449613537757	0	0	0
1	Zulu_EGAN00001069124	1	27.3020220227876	25.8223703420375	28.7816737035378	-1577.66172776463	-8.7445190656231	2	FALSE	22.1216808405822	0	0	0
1	Zulu_EGAN00001069125	1	27.3020220227876	25.8223703420375	28.7816737035378	-1577.66172776463	-10.5585680009075	2	FALSE	21.9177720018741	0	0	0
1	Zulu_EGAN00001069126	1	27.3020220227876	25.8223703420375	28.7816737035378	-1577.66172776463	-9.32551279604195	2	FALSE	33.9709329266661	0	0	0
1	Zulu_EGAN00001069127	1	27.3020220227876	25.8223703420375	28.7816737035378	-1577.66172776463	-10.3343456739092	2	FALSE	19.1739200575435	0	0	0
1	Zulu_EGAN00001069128	1	27.3020220227876	25.8223703420375	28.7816737035378	-1577.66172776463	-16.5649603245968	2	FALSE	41.9169082872724	0	0	0
1	Zulu_EGAN00001069129	1	27.3020220227876	25.8223703420375	28.7816737035378	-1577.66172776463	-6.5980365158754	2	FALSE	26.7703288383364	0	0	0
1	Zulu_EGAN00001069131	1	27.3020220227876	25.8223703420375	28.7816737035378	-1577.66172776463	-14.9327071859961	2	FALSE	21.8650681970172	0	0	0
1	Zulu_EGAN00001069132	1	27.3020220227876	25.8223703420375	28.7816737035378	-1577.66172776463	-12.0983247053721	2	FALSE	38.3988743903351	0	0	0
1	Zulu_EGAN00001069133	1	27.3020220227876	25.8223703420375	28.7816737035378	-1577.66172776463	-8.98302397649161	2	FALSE	31.7152864865936	0	0	0
1	Zulu_EGAN00001069134	1	27.3020220227876	25.8223703420375	28.7816737035378	-1577.66172776463	-7.38296558010876	2	FALSE	24.7807757879239	0	0	0
1	Zulu_EGAN00001069135	1	27.3020220227876	25.8223703420375	28.7816737035378	-1577.66172776463	-10.6241817769399	2	FALSE	34.8342092505574	0	0	0
1	Zulu_EGAN00001069136	1	27.3020220227876	25.8223703420375	28.7816737035378	-1577.66172776463	-16.4322024066278	2	FALSE	18.2177502678894	0	0	0
1	Zulu_EGAN00001069137	1	27.3020220227876	25.8223703420375	28.7816737035378	-1577.66172776463	-10.1042932733514	2	FALSE	22.7623889207459	0	0	0
1	Zulu_EGAN00001069138	1	27.3020220227876	25.8223703420375	28.7816737035378	-1577.66172776463	-8.14753575761201	2	FALSE	27.061074444436	0	0	0
1	Zulu_EGAN00001069139	1	27.3020220227876	25.8223703420375	28.7816737035378	-1577.66172776463	-8.81557043645314	2	FALSE	31.2544121180699	0	0	0
1	Zulu_EGAN00001069140	1	27.3020220227876	25.8223703420375	28.7816737035378	-1577.66172776463	-10.3488421466153	2	FALSE	34.9621025754212	0	0	0
1	Zulu_EGAN00001069141	1	27.3020220227876	25.8223703420375	28.7816737035378	-1577.66172776463	-13.6502761103451	2	FALSE	16.0104842857543	0	0	0
1	Zulu_EGAN00001069142	1	27.3020220227876	25.8223703420375	28.7816737035378	-1577.66172776463	-10.1590798740059	2	FALSE	33.794584413412	0	0	0
1	Zulu_EGAN00001069143	1	27.3020220227876	25.8223703420375	28.7816737035378	-1577.66172776463	-10.8985443066373	2	FALSE	31.9592512670167	0	0	0
1	Zulu_EGAN00001069144	1	27.3020220227876	25.8223703420375	28.7816737035378	-1577.66172776463	-11.1910495227201	2	FALSE	36.9621264243605	0	0	0
1	Zulu_EGAN00001069145	1	27.3020220227876	25.8223703420375	28.7816737035378	-1577.66172776463	-12.0585985384024	2	FALSE	38.2914835645223	0	0	0
1	Zulu_EGAN00001069146	1	27.3020220227876	25.8223703420375	28.7816737035378	-1577.66172776463	-57.8906305736976	2	FALSE	14.5421121754886	0	0	0
1	Zulu_EGAN00001069147	1	27.3020220227876	25.8223703420375	28.7816737035378	-1577.66172776463	-6.78642352005084	2	FALSE	28.9790545204019	0	0	0
1	Zulu_EGAN00001069148	1	27.3020220227876	25.8223703420375	28.7816737035378	-1577.66172776463	-15.1590753513918	2	FALSE	40.3858797072811	0	0	0
1	Zulu_EGAN00001069149	1	27.3020220227876	25.8223703420375	28.7816737035378	-1577.66172776463	-21.5247276142871	2	FALSE	17.5946578339812	0	0	0
1	Zulu_EGAN00001069150	1	27.3020220227876	25.8223703420375	28.7816737035378	-1577.66172776463	-10.027830693531	2	FALSE	24.1423948454797	0	0	0
1	Zulu_EGAN00001069151	1	27.3020220227876	25.8223703420375	28.7816737035378	-1577.66172776463	-11.8276811673722	2	FALSE	19.6972908932487	0	0	0
1	Zulu_EGAN00001069152	1	27.3020220227876	25.8223703420375	28.7816737035378	-1577.66172776463	-7.11749294216515	2	FALSE	27.7837043003729	0	0	0
1	Zulu_EGAN00001069153	1	27.3020220227876	25.8223703420375	28.7816737035378	-1577.66172776463	-8.57049319263915	2	FALSE	30.9050360717858	0	0	0
1	Zulu_EGAN00001069154	1	27.3020220227876	25.8223703420375	28.7816737035378	-1577.66172776463	-15.4475308999374	2	FALSE	34.8597686145191	0	0	0
1	Zulu_EGAN00001069155	1	27.3020220227876	25.8223703420375	28.7816737035378	-1577.66172776463	-7.84233664960112	2	FALSE	30.7251204904161	0	0	0
1	Zulu_EGAN00001069156	1	27.3020220227876	25.8223703420375	28.7816737035378	-1577.66172776463	-7.7384808561635	2	FALSE	23.288068893075	0	0	0
1	Zulu_EGAN00001069157	1	27.3020220227876	25.8223703420375	28.7816737035378	-1577.66172776463	-12.2928684782321	2	FALSE	19.3852019884863	0	0	0
1	Zulu_EGAN00001069158	1	27.3020220227876	25.8223703420375	28.7816737035378	-1577.66172776463	-8.71501661781894	2	FALSE	21.610023921218	0	0	0
1	Zulu_EGAN00001069159	1	27.3020220227876	25.8223703420375	28.7816737035378	-1577.66172776463	-6.96476226913332	2	FALSE	25.1463803656115	0	0	0
1	Zulu_EGAN00001069160	1	27.3020220227876	25.8223703420375	28.7816737035378	-1577.66172776463	-7.44412080307511	2	FALSE	30.3193215570932	0	0	0
1	Zulu_EGAN00001069161	1	27.3020220227876	25.8223703420375	28.7816737035378	-1577.66172776463	-7.73317119065691	2	FALSE	25.6891006717447	0	0	0
1	Zulu_EGAN00001069162	1	27.3020220227876	25.8223703420375	28.7816737035378	-1577.66172776463	-16.5102469546488	2	FALSE	45.8799535323261	0	0	0
1	Zulu_EGAN00001069163	1	27.3020220227876	25.8223703420375	28.7816737035378	-1577.66172776463	-8.03944130460016	2	FALSE	26.5699988187789	0	0	0
1	Zulu_EGAN00001069164	1	27.3020220227876	25.8223703420375	28.7816737035378	-1577.66172776463	-21.0192949039008	2	FALSE	45.70351181961	0	0	0
1	Zulu_EGAN00001069165	1	27.3020220227876	25.8223703420375	28.7816737035378	-1577.66172776463	-16.3954739690177	2	FALSE	35.1672337214922	0	0	0
1	Zulu_EGAN00001069166	1	27.3020220227876	25.8223703420375	28.7816737035378	-1577.66172776463	-10.1283778330467	2	FALSE	34.0466556185011	0	0	0
1	Zulu_EGAN00001069167	1	27.3020220227876	25.8223703420375	28.7816737035378	-1577.66172776463	-14.8800539737489	2	FALSE	43.7855890509348	0	0	0
1	Zulu_EGAN00001069168	1	27.3020220227876	25.8223703420375	28.7816737035378	-1577.66172776463	-11.9368333463047	2	FALSE	17.0225861943647	0	0	0
1	Zulu_EGAN00001069169	1	27.3020220227876	25.8223703420375	28.7816737035378	-1577.66172776463	-19.6452726451154	2	FALSE	14.9697637355765	0	0	0
1	Zulu_EGAN00001069170	1	27.3020220227876	25.8223703420375	28.7816737035378	-1577.66172776463	-7.64287692307287	2	FALSE	27.51156004373	0	0	0
1	Zulu_EGAN00001069171	1	27.3020220227876	25.8223703420375	28.7816737035378	-1577.66172776463	-8.87566720705891	2	FALSE	21.3565480131845	0	0	0
1	Zulu_EGAN00001069172	1	27.3020220227876	25.8223703420375	28.7816737035378	-1577.66172776463	-9.54580903759575	2	FALSE	34.3250485774908	0	0	0
1	Zulu_EGAN00001069173	1	27.3020220227876	25.8223703420375	28.7816737035378	-1577.66172776463	-8.29344923642293	2	FALSE	22.5630515484624	0	0	0
1	Zulu_EGAN00001069174	1	27.3020220227876	25.8223703420375	28.7816737035378	-1577.66172776463	-28.605930820089	2	FALSE	16.3700041049568	0	0	0
1	Zulu_EGAN00001069175	1	27.3020220227876	25.8223703420375	28.7816737035378	-1577.66172776463	-8.74500577179451	2	FALSE	21.6399477269643	0	0	0
1	Zulu_EGAN00001069176	1	27.3020220227876	25.8223703420375	28.7816737035378	-1577.66172776463	-17.5034699529303	2	FALSE	43.0985880765079	0	0	0
1	Zulu_EGAN00001069177	1	27.3020220227876	25.8223703420375	28.7816737035378	-1577.66172776463	-19.9919562791944	2	FALSE	40.2481428667514	0	0	0
1	Zulu_EGAN00001069178	1	27.3020220227876	25.8223703420375	28.7816737035378	-1577.66172776463	-8.76118666363721	2	FALSE	21.8049166803519	0	0	0
1	Zulu_EGAN00001069179	1	27.3020220227876	25.8223703420375	28.7816737035378	-1577.66172776463	-7.76984128349746	2	FALSE	30.8210079136077	0	0	0
1	Zulu_EGAN00001069180	1	27.3020220227876	25.8223703420375	28.7816737035378	-1577.66172776463	-9.51416849177195	2	FALSE	33.8449214503854	0	0	0
1	Zulu_EGAN00001069181	1	27.3020220227876	25.8223703420375	28.7816737035378	-1577.66172776463	-7.60854714283482	2	FALSE	28.5392665065153	0	0	0
1	Zulu_EGAN00001069182	1	27.3020220227876	25.8223703420375	28.7816737035378	-1577.66172776463	-9.49800796587194	2	FALSE	33.9961641734389	0	0	0
1	Zulu_EGAN00001069183	1	27.3020220227876	25.8223703420375	28.7816737035378	-1577.66172776463	-7.67435682451113	2	FALSE	31.1578298584784	0	0	0
1	Zulu_EGAN00001069184	1	27.3020220227876	25.8223703420375	28.7816737035378	-1577.66172776463	-15.4915421630674	2	FALSE	44.3237672723083	0	0	0
1	Zulu_EGAN00001069185	1	27.3020220227876	25.8223703420375	28.7816737035378	-1577.66172776463	-7.81811433371867	2	FALSE	25.5147739394043	0	0	0
1	Zulu_EGAN00001069186	1	27.3020220227876	25.8223703420375	28.7816737035378	-1577.66172776463	-6.7889224774017	2	FALSE	27.1059492952654	0	0	0
1	Zulu_EGAN00001069187	1	27.3020220227876	25.8223703420375	28.7816737035378	-1577.66172776463	-13.8652849511405	2	FALSE	18.9917967425374	0	0	0
1	Zulu_EGAN00001069188	1	27.3020220227876	25.8223703420375	28.7816737035378	-1577.66172776463	-10.5579753193041	2	FALSE	22.6089710773566	0	0	0
1	Zulu_EGAN00001069189	1	27.3020220227876	25.8223703420375	28.7816737035378	-1577.66172776463	-12.5244403387183	2	FALSE	18.6441373653841	0	0	0
1	Zulu_EGAN00001069190	1	27.3020220227876	25.8223703420375	28.7816737035378	-1577.66172776463	-9.55226642313455	2	FALSE	34.0466556185011	0	0	0
1	Zulu_EGAN00001069192	1	27.3020220227876	25.8223703420375	28.7816737035378	-1577.66172776463	-9.94060533006187	2	FALSE	21.8951765166183	0	0	0
1	Zulu_EGAN00001069193	1	27.3020220227876	25.8223703420375	28.7816737035378	-1577.66172776463	-10.4222353809755	2	FALSE	35.4245161995809	0	0	0
1	Zulu_EGAN00001069194	1	27.3020220227876	25.8223703420375	28.7816737035378	-1577.66172776463	-7.16580774611693	2	FALSE	26.6589378779711	0	0	0
1	Zulu_EGAN00001069195	1	27.3020220227876	25.8223703420375	28.7816737035378	-1577.66172776463	-8.92635917456443	2	FALSE	33.3183078380231	0	0	0
1	Zulu_EGAN00001069196	1	27.3020220227876	25.8223703420375	28.7816737035378	-1577.66172776463	-6.7766496448756	2	FALSE	28.1029623251339	0	0	0
1	Zulu_EGAN00001069197	1	27.3020220227876	25.8223703420375	28.7816737035378	-1577.66172776463	-10.0057357153988	2	FALSE	32.696935911619	0	0	0
1	Zulu_EGAN00001069198	1	27.3020220227876	25.8223703420375	28.7816737035378	-1577.66172776463	-15.0185850512148	2	FALSE	20.2136474890323	0	0	0
1	Zulu_EGAN00001069199	1	27.3020220227876	25.8223703420375	28.7816737035378	-1577.66172776463	-7.13351323632113	2	FALSE	30.0819191204473	0	0	0
1	Zulu_EGAN00001069200	1	27.3020220227876	25.8223703420375	28.7816737035378	-1577.66172776463	-11.8320451933307	2	FALSE	38.023682035379	0	0	0
1	Zulu_EGAN00001069201	1	27.3020220227876	25.8223703420375	28.7816737035378	-1577.66172776463	-15.7993015441189	2	FALSE	38.6680269902561	0	0	0
1	Zulu_EGAN00001069202	1	27.3020220227876	25.8223703420375	28.7816737035378	-1577.66172776463	-15.0788936460589	2	FALSE	42.0575402794685	0	0	0
2	BAN-002	2	33.4301418266377	31.4210014862077	35.4392821670676	-1183.49138455018	-9.9157286354903	2	TRUE	38.3451596764176	0	0	0
2	BAN-003	2	33.4301418266377	31.4210014862077	35.4392821670676	-1183.49138455018	-7.84723632765964	2	TRUE	29.2119212194371	0	0	0
2	BAN-010	2	33.4301418266377	31.4210014862077	35.4392821670676	-1183.49138455018	-8.74580269410367	2	TRUE	30.9170497448883	0	0	0
2	BAN-011	2	33.4301418266377	31.4210014862077	35.4392821670676	-1183.49138455018	-7.33612168862402	2	TRUE	30.3431148785384	0	0	0
2	BAN-015	2	33.4301418266377	31.4210014862077	35.4392821670676	-1183.49138455018	-10.3326428015809	2	TRUE	32.2778482321472	0	0	0
2	BAN-019	2	33.4301418266377	31.4210014862077	35.4392821670676	-1183.49138455018	-10.9026808925518	2	TRUE	42.4548593082415	0	0	0
2	BAN-021	1	20.1949332529763	18.0076557113754	22.3822107945772	-1183.49138455018	-6.44336008026466	2	TRUE	19.9976441741578	0	0	0
2	BAN-022	2	33.4301418266377	31.4210014862077	35.4392821670676	-1183.49138455018	-8.7689460071949	2	TRUE	27.9659058452459	0	0	0
2	BAN-026	2	33.4301418266377	31.4210014862077	35.4392821670676	-1183.49138455018	-8.78208365426855	2	TRUE	27.5568209147816	0	0	0
2	BAN-028	2	33.4301418266377	31.4210014862077	35.4392821670676	-1183.49138455018	-11.7953589045334	2	TRUE	43.1746469373857	0	0	0
2	BAN-030	2	33.4301418266377	31.4210014862077	35.4392821670676	-1183.49138455018	-7.47824286063216	2	TRUE	35.1415585514639	0	0	0
2	BAN-043	2	33.4301418266377	31.4210014862077	35.4392821670676	-1183.49138455018	-9.3687871576733	2	TRUE	29.0720853939493	0	0	0
2	BAN-045	2	33.4301418266377	31.4210014862077	35.4392821670676	-1183.49138455018	-12.0065726145779	2	TRUE	43.939011031135	0	0	0
2	BAN-048	2	33.4301418266377	31.4210014862077	35.4392821670676	-1183.49138455018	-8.32137116957096	2	TRUE	30.0582319545632	0	0	0
2	BAN-059	1	20.1949332529763	18.0076557113754	22.3822107945772	-1183.49138455018	-8.02897234581462	2	TRUE	24.60969162545	0	0	0
2	BAN-071	2	33.4301418266377	31.4210014862077	35.4392821670676	-1183.49138455018	-7.17608592340919	2	TRUE	33.9583209222193	0	0	0
2	BAN-17	2	33.4301418266377	31.4210014862077	35.4392821670676	-1183.49138455018	-8.22895831274834	2	TRUE	29.3989094150652	0	0	0
2	BAN-24	2	33.4301418266377	31.4210014862077	35.4392821670676	-1183.49138455018	-7.44761546706437	2	TRUE	30.8690095282369	0	0	0
2	BAN-32	2	33.4301418266377	31.4210014862077	35.4392821670676	-1183.49138455018	-6.9455293723335	2	TRUE	34.223679667144	0	0	0
2	BAN-42	2	33.4301418266377	31.4210014862077	35.4392821670676	-1183.49138455018	-15.6457736535533	2	TRUE	50.2599193895563	0	0	0
2	BAN-49	1	20.1949332529763	18.0076557113754	22.3822107945772	-1183.49138455018	-8.11673023022522	2	TRUE	24.2270104781834	0	0	0
2	BAN-50	2	33.4301418266377	31.4210014862077	35.4392821670676	-1183.49138455018	-9.86917626752243	2	TRUE	39.4812750933517	0	0	0
2	BAN-51	2	33.4301418266377	31.4210014862077	35.4392821670676	-1183.49138455018	-8.62720482774788	2	TRUE	35.9419763074246	0	0	0
2	BAN-60	2	33.4301418266377	31.4210014862077	35.4392821670676	-1183.49138455018	-10.0603799135644	2	TRUE	41.6363680907969	0	0	0
2	BAN-61	2	33.4301418266377	31.4210014862077	35.4392821670676	-1183.49138455018	-7.51424038424279	2	TRUE	34.7831194741508	0	0	0
2	BAN-72	1	20.1949332529763	18.0076557113754	22.3822107945772	-1183.49138455018	-10.144522914673	2	TRUE	22.4560959217755	0	0	0
2	BAN-95	2	33.4301418266377	31.4210014862077	35.4392821670676	-1183.49138455018	-8.6164223313205	2	TRUE	28.4241118489837	0	0	0
2	BAN-96	2	33.4301418266377	31.4210014862077	35.4392821670676	-1183.49138455018	-8.15604407022387	2	TRUE	35.6310370184517	0	0	0
2	ElandCave	2	33.4301418266377	31.4210014862077	35.4392821670676	-1183.49138455018	-8.45624817988815	2	TRUE	38.7852555311537	17.8280633357354	16.2752598869242	18.9243493291433
2	HGDP00993	2	33.4301418266377	31.4210014862077	35.4392821670676	-1183.49138455018	-8.80343863684892	2	TRUE	39.508532946291	0	0	0
2	HGDP00994	2	33.4301418266377	31.4210014862077	35.4392821670676	-1183.49138455018	-8.50741870465123	2	TRUE	27.9202975559943	0	0	0
2	HGDP01030	1	20.1949332529763	18.0076557113754	22.3822107945772	-1183.49138455018	-10.4244223313518	2	TRUE	25.2977340694788	0	0	0
2	HGDP01034	2	33.4301418266377	31.4210014862077	35.4392821670676	-1183.49138455018	-6.82163615284392	2	TRUE	34.5282496224508	0	0	0
2	Mfongosi	2	33.4301418266377	31.4210014862077	35.4392821670676	-1183.49138455018	-6.75905398297179	2	TRUE	33.5962207885787	15.8266356799286	11.0972399419406	15.8612919880834
2	Newcastle	2	33.4301418266377	31.4210014862077	35.4392821670676	-1183.49138455018	-6.69788159932653	2	TRUE	33.3152118816566	14.1834016845934	11.9120028690959	17.9763771773474
2	Zulu_EGAN00001068937	2	33.4301418266377	31.4210014862077	35.4392821670676	-1183.49138455018	-9.36936410589049	2	TRUE	26.503395854693	0	0	0
2	Zulu_EGAN00001068938	2	33.4301418266377	31.4210014862077	35.4392821670676	-1183.49138455018	-6.99455307029451	2	TRUE	34.1477543146923	0	0	0
2	Zulu_EGAN00001068943	1	20.1949332529763	18.0076557113754	22.3822107945772	-1183.49138455018	-9.48282326874574	2	TRUE	24.3967049678575	0	0	0
2	Zulu_EGAN00001068947	2	33.4301418266377	31.4210014862077	35.4392821670676	-1183.49138455018	-8.68491280952491	2	TRUE	27.9659058452459	0	0	0
2	Zulu_EGAN00001068950	2	33.4301418266377	31.4210014862077	35.4392821670676	-1183.49138455018	-14.1540717584968	2	TRUE	47.025358446811	0	0	0
2	Zulu_EGAN00001068954	2	33.4301418266377	31.4210014862077	35.4392821670676	-1183.49138455018	-9.97930369126106	2	TRUE	26.2599280753059	0	0	0
2	Zulu_EGAN00001068957	2	33.4301418266377	31.4210014862077	35.4392821670676	-1183.49138455018	-7.28579832100614	2	TRUE	31.6179707885799	0	0	0
2	Zulu_EGAN00001068959	2	33.4301418266377	31.4210014862077	35.4392821670676	-1183.49138455018	-9.52362617763154	2	TRUE	28.401109868994	0	0	0
2	Zulu_EGAN00001068962	1	20.1949332529763	18.0076557113754	22.3822107945772	-1183.49138455018	-6.17238887428641	2	TRUE	19.1037640911334	0	0	0
2	Zulu_EGAN00001068963	2	33.4301418266377	31.4210014862077	35.4392821670676	-1183.49138455018	-8.1060967410487	2	TRUE	28.7471528719221	0	0	0
2	Zulu_EGAN00001068964	2	33.4301418266377	31.4210014862077	35.4392821670676	-1183.49138455018	-7.96665409118928	2	TRUE	37.6237892114556	0	0	0
2	Zulu_EGAN00001068965	2	33.4301418266377	31.4210014862077	35.4392821670676	-1183.49138455018	-13.6940610676266	2	TRUE	46.3127184971694	0	0	0
2	Zulu_EGAN00001068966	1	20.1949332529763	18.0076557113754	22.3822107945772	-1183.49138455018	-8.34736192873598	2	TRUE	23.8894743959018	0	0	0
2	Zulu_EGAN00001068967	1	20.1949332529763	18.0076557113754	22.3822107945772	-1183.49138455018	-7.59818823366839	2	TRUE	22.5783526312157	0	0	0
2	Zulu_EGAN00001068968	2	33.4301418266377	31.4210014862077	35.4392821670676	-1183.49138455018	-7.5618880982306	2	TRUE	36.9884771297777	0	0	0
2	Zulu_EGAN00001068969	1	20.1949332529763	18.0076557113754	22.3822107945772	-1183.49138455018	-9.51494759358754	2	TRUE	13.8480687375312	0	0	0
2	Zulu_EGAN00001068970	1	20.1949332529763	18.0076557113754	22.3822107945772	-1183.49138455018	-14.1722560060815	2	TRUE	15.0808058014594	0	0	0
2	Zulu_EGAN00001068971	1	20.1949332529763	18.0076557113754	22.3822107945772	-1183.49138455018	-7.57841564146021	2	TRUE	17.7965784002319	0	0	0
2	Zulu_EGAN00001068972	2	33.4301418266377	31.4210014862077	35.4392821670676	-1183.49138455018	-7.28881767722401	2	TRUE	36.3326046460155	0	0	0
2	Zulu_EGAN00001068973	2	33.4301418266377	31.4210014862077	35.4392821670676	-1183.49138455018	-8.83946668669371	2	TRUE	27.7382504192102	0	0	0
2	Zulu_EGAN00001068974	2	33.4301418266377	31.4210014862077	35.4392821670676	-1183.49138455018	-9.49894636446155	2	TRUE	26.5255871922161	0	0	0
2	Zulu_EGAN00001068975	2	33.4301418266377	31.4210014862077	35.4392821670676	-1183.49138455018	-14.1081764281947	2	TRUE	48.1449613537757	0	0	0
2	Zulu_EGAN00001069124	1	20.1949332529763	18.0076557113754	22.3822107945772	-1183.49138455018	-6.6982847709965	2	TRUE	22.1216808405822	0	0	0
2	Zulu_EGAN00001069125	1	20.1949332529763	18.0076557113754	22.3822107945772	-1183.49138455018	-6.39401948631318	2	TRUE	21.9177720018741	0	0	0
2	Zulu_EGAN00001069126	2	33.4301418266377	31.4210014862077	35.4392821670676	-1183.49138455018	-6.9108526271036	2	TRUE	33.9709329266661	0	0	0
2	Zulu_EGAN00001069127	1	20.1949332529763	18.0076557113754	22.3822107945772	-1183.49138455018	-8.83703217178369	2	TRUE	19.1739200575435	0	0	0
2	Zulu_EGAN00001069128	2	33.4301418266377	31.4210014862077	35.4392821670676	-1183.49138455018	-10.321457623329	2	TRUE	41.9169082872724	0	0	0
2	Zulu_EGAN00001069129	1	20.1949332529763	18.0076557113754	22.3822107945772	-1183.49138455018	-9.74157576661803	2	TRUE	26.7703288383364	0	0	0
2	Zulu_EGAN00001069131	1	20.1949332529763	18.0076557113754	22.3822107945772	-1183.49138455018	-14.8596843586131	2	TRUE	21.8650681970172	0	0	0
2	Zulu_EGAN00001069132	2	33.4301418266377	31.4210014862077	35.4392821670676	-1183.49138455018	-8.81648316613735	2	TRUE	38.3988743903351	0	0	0
2	Zulu_EGAN00001069133	2	33.4301418266377	31.4210014862077	35.4392821670676	-1183.49138455018	-8.24105394539803	2	TRUE	31.7152864865936	0	0	0
2	Zulu_EGAN00001069134	1	20.1949332529763	18.0076557113754	22.3822107945772	-1183.49138455018	-8.48085108484787	2	TRUE	24.7807757879239	0	0	0
2	Zulu_EGAN00001069135	2	33.4301418266377	31.4210014862077	35.4392821670676	-1183.49138455018	-6.83823292994613	2	TRUE	34.8342092505574	0	0	0
2	Zulu_EGAN00001069136	1	20.1949332529763	18.0076557113754	22.3822107945772	-1183.49138455018	-6.50228502591122	2	TRUE	18.2177502678894	0	0	0
2	Zulu_EGAN00001069137	1	20.1949332529763	18.0076557113754	22.3822107945772	-1183.49138455018	-6.95780726519794	2	TRUE	22.7623889207459	0	0	0
2	Zulu_EGAN00001069138	2	33.4301418266377	31.4210014862077	35.4392821670676	-1183.49138455018	-9.22334890368845	2	TRUE	27.061074444436	0	0	0
2	Zulu_EGAN00001069139	2	33.4301418266377	31.4210014862077	35.4392821670676	-1183.49138455018	-8.2368093229407	2	TRUE	31.2544121180699	0	0	0
2	Zulu_EGAN00001069140	2	33.4301418266377	31.4210014862077	35.4392821670676	-1183.49138455018	-8.62167825635353	2	TRUE	34.9621025754212	0	0	0
2	Zulu_EGAN00001069141	1	20.1949332529763	18.0076557113754	22.3822107945772	-1183.49138455018	-8.25420423602579	2	TRUE	16.0104842857543	0	0	0
2	Zulu_EGAN00001069142	2	33.4301418266377	31.4210014862077	35.4392821670676	-1183.49138455018	-8.92176222049322	2	TRUE	33.794584413412	0	0	0
2	Zulu_EGAN00001069143	2	33.4301418266377	31.4210014862077	35.4392821670676	-1183.49138455018	-9.25384366427632	2	TRUE	31.9592512670167	0	0	0
2	Zulu_EGAN00001069144	2	33.4301418266377	31.4210014862077	35.4392821670676	-1183.49138455018	-8.19736823356011	2	TRUE	36.9621264243605	0	0	0
2	Zulu_EGAN00001069145	2	33.4301418266377	31.4210014862077	35.4392821670676	-1183.49138455018	-9.68901343703973	2	TRUE	38.2914835645223	0	0	0
2	Zulu_EGAN00001069146	1	20.1949332529763	18.0076557113754	22.3822107945772	-1183.49138455018	-16.6268901383278	2	TRUE	14.5421121754886	0	0	0
2	Zulu_EGAN00001069147	2	33.4301418266377	31.4210014862077	35.4392821670676	-1183.49138455018	-8.09348797847268	2	TRUE	28.9790545204019	0	0	0
2	Zulu_EGAN00001069148	2	33.4301418266377	31.4210014862077	35.4392821670676	-1183.49138455018	-9.3284734514682	2	TRUE	40.3858797072811	0	0	0
2	Zulu_EGAN00001069149	1	20.1949332529763	18.0076557113754	22.3822107945772	-1183.49138455018	-7.06140828571985	2	TRUE	17.5946578339812	0	0	0
2	Zulu_EGAN00001069150	1	20.1949332529763	18.0076557113754	22.3822107945772	-1183.49138455018	-10.6395510441566	2	TRUE	24.1423948454797	0	0	0
2	Zulu_EGAN00001069151	1	20.1949332529763	18.0076557113754	22.3822107945772	-1183.49138455018	-6.27938231936447	2	TRUE	19.6972908932487	0	0	0
2	Zulu_EGAN00001069152	2	33.4301418266377	31.4210014862077	35.4392821670676	-1183.49138455018	-8.55701977288874	2	TRUE	27.7837043003729	0	0	0
2	Zulu_EGAN00001069153	2	33.4301418266377	31.4210014862077	35.4392821670676	-1183.49138455018	-8.67006838942301	2	TRUE	30.9050360717858	0	0	0
2	Zulu_EGAN00001069154	2	33.4301418266377	31.4210014862077	35.4392821670676	-1183.49138455018	-8.72186055073227	2	TRUE	34.8597686145191	0	0	0
2	Zulu_EGAN00001069155	2	33.4301418266377	31.4210014862077	35.4392821670676	-1183.49138455018	-7.97910196448421	2	TRUE	30.7251204904161	0	0	0
2	Zulu_EGAN00001069156	1	20.1949332529763	18.0076557113754	22.3822107945772	-1183.49138455018	-7.58148251703564	2	TRUE	23.288068893075	0	0	0
2	Zulu_EGAN00001069157	1	20.1949332529763	18.0076557113754	22.3822107945772	-1183.49138455018	-6.31312283323025	2	TRUE	19.3852019884863	0	0	0
2	Zulu_EGAN00001069158	1	20.1949332529763	18.0076557113754	22.3822107945772	-1183.49138455018	-7.14021540039098	2	TRUE	21.610023921218	0	0	0
2	Zulu_EGAN00001069159	1	20.1949332529763	18.0076557113754	22.3822107945772	-1183.49138455018	-8.55166879871938	2	TRUE	25.1463803656115	0	0	0
2	Zulu_EGAN00001069160	2	33.4301418266377	31.4210014862077	35.4392821670676	-1183.49138455018	-7.389436264709	2	TRUE	30.3193215570932	0	0	0
2	Zulu_EGAN00001069161	2	33.4301418266377	31.4210014862077	35.4392821670676	-1183.49138455018	-9.77699994935118	2	TRUE	25.6891006717447	0	0	0
2	Zulu_EGAN00001069162	2	33.4301418266377	31.4210014862077	35.4392821670676	-1183.49138455018	-15.3900995428382	2	TRUE	45.8799535323261	0	0	0
2	Zulu_EGAN00001069163	2	33.4301418266377	31.4210014862077	35.4392821670676	-1183.49138455018	-9.38375614120674	2	TRUE	26.5699988187789	0	0	0
2	Zulu_EGAN00001069164	2	33.4301418266377	31.4210014862077	35.4392821670676	-1183.49138455018	-13.3705078291197	2	TRUE	45.70351181961	0	0	0
2	Zulu_EGAN00001069165	2	33.4301418266377	31.4210014862077	35.4392821670676	-1183.49138455018	-8.9929637323683	2	TRUE	35.1672337214922	0	0	0
2	Zulu_EGAN00001069166	2	33.4301418266377	31.4210014862077	35.4392821670676	-1183.49138455018	-6.76914578738933	2	TRUE	34.0466556185011	0	0	0
2	Zulu_EGAN00001069167	2	33.4301418266377	31.4210014862077	35.4392821670676	-1183.49138455018	-12.2318666092837	2	TRUE	43.7855890509348	0	0	0
2	Zulu_EGAN00001069168	1	20.1949332529763	18.0076557113754	22.3822107945772	-1183.49138455018	-8.29144805446416	2	TRUE	17.0225861943647	0	0	0
2	Zulu_EGAN00001069169	1	20.1949332529763	18.0076557113754	22.3822107945772	-1183.49138455018	-8.69959552249757	2	TRUE	14.9697637355765	0	0	0
2	Zulu_EGAN00001069170	2	33.4301418266377	31.4210014862077	35.4392821670676	-1183.49138455018	-8.80355923595947	2	TRUE	27.51156004373	0	0	0
2	Zulu_EGAN00001069171	1	20.1949332529763	18.0076557113754	22.3822107945772	-1183.49138455018	-7.15694460596677	2	TRUE	21.3565480131845	0	0	0
2	Zulu_EGAN00001069172	2	33.4301418266377	31.4210014862077	35.4392821670676	-1183.49138455018	-7.36748403479457	2	TRUE	34.3250485774908	0	0	0
2	Zulu_EGAN00001069173	1	20.1949332529763	18.0076557113754	22.3822107945772	-1183.49138455018	-6.91748502893609	2	TRUE	22.5630515484624	0	0	0
2	Zulu_EGAN00001069174	1	20.1949332529763	18.0076557113754	22.3822107945772	-1183.49138455018	-8.69810511044433	2	TRUE	16.3700041049568	0	0	0
2	Zulu_EGAN00001069175	1	20.1949332529763	18.0076557113754	22.3822107945772	-1183.49138455018	-7.80725177316293	2	TRUE	21.6399477269643	0	0	0
2	Zulu_EGAN00001069176	2	33.4301418266377	31.4210014862077	35.4392821670676	-1183.49138455018	-11.1092050335075	2	TRUE	43.0985880765079	0	0	0
2	Zulu_EGAN00001069177	2	33.4301418266377	31.4210014862077	35.4392821670676	-1183.49138455018	-10.4872742535835	2	TRUE	40.2481428667514	0	0	0
2	Zulu_EGAN00001069178	1	20.1949332529763	18.0076557113754	22.3822107945772	-1183.49138455018	-8.08093192613656	2	TRUE	21.8049166803519	0	0	0
2	Zulu_EGAN00001069179	2	33.4301418266377	31.4210014862077	35.4392821670676	-1183.49138455018	-7.36338742390078	2	TRUE	30.8210079136077	0	0	0
2	Zulu_EGAN00001069180	2	33.4301418266377	31.4210014862077	35.4392821670676	-1183.49138455018	-6.71281034243575	2	TRUE	33.8449214503854	0	0	0
2	Zulu_EGAN00001069181	2	33.4301418266377	31.4210014862077	35.4392821670676	-1183.49138455018	-8.32054145217397	2	TRUE	28.5392665065153	0	0	0
2	Zulu_EGAN00001069182	2	33.4301418266377	31.4210014862077	35.4392821670676	-1183.49138455018	-7.70340896814029	2	TRUE	33.9961641734389	0	0	0
2	Zulu_EGAN00001069183	2	33.4301418266377	31.4210014862077	35.4392821670676	-1183.49138455018	-7.07492488295468	2	TRUE	31.1578298584784	0	0	0
2	Zulu_EGAN00001069184	2	33.4301418266377	31.4210014862077	35.4392821670676	-1183.49138455018	-11.8979475029024	2	TRUE	44.3237672723083	0	0	0
2	Zulu_EGAN00001069185	1	20.1949332529763	18.0076557113754	22.3822107945772	-1183.49138455018	-9.25336583273566	2	TRUE	25.5147739394043	0	0	0
2	Zulu_EGAN00001069186	1	20.1949332529763	18.0076557113754	22.3822107945772	-1183.49138455018	-11.7788284924287	2	TRUE	27.1059492952654	0	0	0
2	Zulu_EGAN00001069187	1	20.1949332529763	18.0076557113754	22.3822107945772	-1183.49138455018	-6.26770535302619	2	TRUE	18.9917967425374	0	0	0
2	Zulu_EGAN00001069188	1	20.1949332529763	18.0076557113754	22.3822107945772	-1183.49138455018	-6.89742355886474	2	TRUE	22.6089710773566	0	0	0
2	Zulu_EGAN00001069189	1	20.1949332529763	18.0076557113754	22.3822107945772	-1183.49138455018	-6.64507299951687	2	TRUE	18.6441373653841	0	0	0
2	Zulu_EGAN00001069190	2	33.4301418266377	31.4210014862077	35.4392821670676	-1183.49138455018	-7.77129005562551	2	TRUE	34.0466556185011	0	0	0
2	Zulu_EGAN00001069192	1	20.1949332529763	18.0076557113754	22.3822107945772	-1183.49138455018	-9.86112313160158	2	TRUE	21.8951765166183	0	0	0
2	Zulu_EGAN00001069193	2	33.4301418266377	31.4210014862077	35.4392821670676	-1183.49138455018	-7.12750047350339	2	TRUE	35.4245161995809	0	0	0
2	Zulu_EGAN00001069194	2	33.4301418266377	31.4210014862077	35.4392821670676	-1183.49138455018	-9.23405477517448	2	TRUE	26.6589378779711	0	0	0
2	Zulu_EGAN00001069195	2	33.4301418266377	31.4210014862077	35.4392821670676	-1183.49138455018	-6.78005649085884	2	TRUE	33.3183078380231	0	0	0
2	Zulu_EGAN00001069196	2	33.4301418266377	31.4210014862077	35.4392821670676	-1183.49138455018	-8.48677604477212	2	TRUE	28.1029623251339	0	0	0
2	Zulu_EGAN00001069197	2	33.4301418266377	31.4210014862077	35.4392821670676	-1183.49138455018	-9.1254784070203	2	TRUE	32.696935911619	0	0	0
2	Zulu_EGAN00001069198	1	20.1949332529763	18.0076557113754	22.3822107945772	-1183.49138455018	-6.05058788167609	2	TRUE	20.2136474890323	0	0	0
2	Zulu_EGAN00001069199	2	33.4301418266377	31.4210014862077	35.4392821670676	-1183.49138455018	-7.6616923778764	2	TRUE	30.0819191204473	0	0	0
2	Zulu_EGAN00001069200	2	33.4301418266377	31.4210014862077	35.4392821670676	-1183.49138455018	-9.20054621808969	2	TRUE	38.023682035379	0	0	0
2	Zulu_EGAN00001069201	2	33.4301418266377	31.4210014862077	35.4392821670676	-1183.49138455018	-8.65615685164035	2	TRUE	38.6680269902561	0	0	0
2	Zulu_EGAN00001069202	2	33.4301418266377	31.4210014862077	35.4392821670676	-1183.49138455018	-10.3404529301657	2	TRUE	42.0575402794685	0	0	0
3	BAN-002	3	36.9568726563888	34.2039515757997	39.7097937369779	-1099.01089528154	-9.19410050465966	2	FALSE	38.3451596764176	0	0	0
3	BAN-003	2	28.1147879463058	25.6232735084649	30.6063023841467	-1099.01089528154	-7.13055539361064	2	FALSE	29.2119212194371	0	0	0
3	BAN-010	3	36.9568726563888	34.2039515757997	39.7097937369779	-1099.01089528154	-9.33346186536199	2	FALSE	30.9170497448883	0	0	0
3	BAN-011	2	28.1147879463058	25.6232735084649	30.6063023841467	-1099.01089528154	-6.98773473599924	2	FALSE	30.3431148785384	0	0	0
3	BAN-015	2	28.1147879463058	25.6232735084649	30.6063023841467	-1099.01089528154	-10.7641612437416	2	FALSE	32.2778482321472	0	0	0
3	BAN-019	3	36.9568726563888	34.2039515757997	39.7097937369779	-1099.01089528154	-8.50649399543691	2	FALSE	42.4548593082415	0	0	0
3	BAN-021	1	18.8748803827937	16.4033698248354	21.3463909407519	-1099.01089528154	-6.32667146682485	2	FALSE	19.9976441741578	0	0	0
3	BAN-022	2	28.1147879463058	25.6232735084649	30.6063023841467	-1099.01089528154	-6.61275201788284	2	FALSE	27.9659058452459	0	0	0
3	BAN-026	2	28.1147879463058	25.6232735084649	30.6063023841467	-1099.01089528154	-7.65483297864819	2	FALSE	27.5568209147816	0	0	0
3	BAN-028	3	36.9568726563888	34.2039515757997	39.7097937369779	-1099.01089528154	-10.5394718534687	2	FALSE	43.1746469373857	0	0	0
3	BAN-030	3	36.9568726563888	34.2039515757997	39.7097937369779	-1099.01089528154	-7.45131768210429	2	FALSE	35.1415585514639	0	0	0
3	BAN-043	2	28.1147879463058	25.6232735084649	30.6063023841467	-1099.01089528154	-6.73926792131761	2	FALSE	29.0720853939493	0	0	0
3	BAN-045	3	36.9568726563888	34.2039515757997	39.7097937369779	-1099.01089528154	-10.6443282689209	2	FALSE	43.939011031135	0	0	0
3	BAN-048	2	28.1147879463058	25.6232735084649	30.6063023841467	-1099.01089528154	-8.32052226131598	2	FALSE	30.0582319545632	0	0	0
3	BAN-059	2	28.1147879463058	25.6232735084649	30.6063023841467	-1099.01089528154	-7.47112491514662	2	FALSE	24.60969162545	0	0	0
3	BAN-071	3	36.9568726563888	34.2039515757997	39.7097937369779	-1099.01089528154	-8.57136116041645	2	FALSE	33.9583209222193	0	0	0
3	BAN-17	2	28.1147879463058	25.6232735084649	30.6063023841467	-1099.01089528154	-6.64789628101797	2	FALSE	29.3989094150652	0	0	0
3	BAN-24	2	28.1147879463058	25.6232735084649	30.6063023841467	-1099.01089528154	-7.18481078166242	2	FALSE	30.8690095282369	0	0	0
3	BAN-32	3	36.9568726563888	34.2039515757997	39.7097937369779	-1099.01089528154	-7.36647901753649	2	FALSE	34.223679667144	0	0	0
3	BAN-42	3	36.9568726563888	34.2039515757997	39.7097937369779	-1099.01089528154	-12.8755166619072	2	FALSE	50.2599193895563	0	0	0
3	BAN-49	2	28.1147879463058	25.6232735084649	30.6063023841467	-1099.01089528154	-7.7545591695854	2	FALSE	24.2270104781834	0	0	0
3	BAN-50	3	36.9568726563888	34.2039515757997	39.7097937369779	-1099.01089528154	-8.94415499785401	2	FALSE	39.4812750933517	0	0	0
3	BAN-51	3	36.9568726563888	34.2039515757997	39.7097937369779	-1099.01089528154	-8.62710375560494	2	FALSE	35.9419763074246	0	0	0
3	BAN-60	3	36.9568726563888	34.2039515757997	39.7097937369779	-1099.01089528154	-8.26164585116677	2	FALSE	41.6363680907969	0	0	0
3	BAN-61	3	36.9568726563888	34.2039515757997	39.7097937369779	-1099.01089528154	-7.57065908913162	2	FALSE	34.7831194741508	0	0	0
3	BAN-72	2	28.1147879463058	25.6232735084649	30.6063023841467	-1099.01089528154	-10.18677130806	2	FALSE	22.4560959217755	0	0	0
3	BAN-95	2	28.1147879463058	25.6232735084649	30.6063023841467	-1099.01089528154	-7.99280605915405	2	FALSE	28.4241118489837	0	0	0
3	BAN-96	3	36.9568726563888	34.2039515757997	39.7097937369779	-1099.01089528154	-7.92366710997159	2	FALSE	35.6310370184517	0	0	0
3	ElandCave	3	36.9568726563888	34.2039515757997	39.7097937369779	-1099.01089528154	-7.26958694882352	2	FALSE	38.2172468066467	17.2600546112284	16.2918384394958	18.9213426445564
3	HGDP00993	3	36.9568726563888	34.2039515757997	39.7097937369779	-1099.01089528154	-7.43724542262512	2	FALSE	39.508532946291	0	0	0
3	HGDP00994	2	28.1147879463058	25.6232735084649	30.6063023841467	-1099.01089528154	-7.3142516710232	2	FALSE	27.9202975559943	0	0	0
3	HGDP01030	2	28.1147879463058	25.6232735084649	30.6063023841467	-1099.01089528154	-9.02381319319984	2	FALSE	25.2977340694788	0	0	0
3	HGDP01034	3	36.9568726563888	34.2039515757997	39.7097937369779	-1099.01089528154	-7.47919290398944	2	FALSE	34.5282496224508	0	0	0
3	Mfongosi	2	28.1147879463058	25.6232735084649	30.6063023841467	-1099.01089528154	-6.56986018064882	2	FALSE	28.9422854329787	11.1727003243286	11.1607408931595	15.8104581430089
3	Newcastle	3	36.9568726563888	34.2039515757997	39.7097937369779	-1099.01089528154	-6.9232690741378	2	FALSE	37.070366020963	17.9385558238998	11.8727715124942	17.9195530529753
3	Zulu_EGAN00001068937	2	28.1147879463058	25.6232735084649	30.6063023841467	-1099.01089528154	-7.98125344467515	2	FALSE	26.503395854693	0	0	0
3	Zulu_EGAN00001068938	3	36.9568726563888	34.2039515757997	39.7097937369779	-1099.01089528154	-7.41035423676195	2	FALSE	34.1477543146923	0	0	0
3	Zulu_EGAN00001068943	2	28.1147879463058	25.6232735084649	30.6063023841467	-1099.01089528154	-8.84456060712025	2	FALSE	24.3967049678575	0	0	0
3	Zulu_EGAN00001068947	2	28.1147879463058	25.6232735084649	30.6063023841467	-1099.01089528154	-7.81683407637086	2	FALSE	27.9659058452459	0	0	0
3	Zulu_EGAN00001068950	3	36.9568726563888	34.2039515757997	39.7097937369779	-1099.01089528154	-12.868154198759	2	FALSE	47.025358446811	0	0	0
3	Zulu_EGAN00001068954	2	28.1147879463058	25.6232735084649	30.6063023841467	-1099.01089528154	-9.0121683793599	2	FALSE	26.2599280753059	0	0	0
3	Zulu_EGAN00001068957	3	36.9568726563888	34.2039515757997	39.7097937369779	-1099.01089528154	-8.4261347956259	2	FALSE	31.6179707885799	0	0	0
3	Zulu_EGAN00001068959	2	28.1147879463058	25.6232735084649	30.6063023841467	-1099.01089528154	-6.55227405958693	2	FALSE	28.401109868994	0	0	0
3	Zulu_EGAN00001068962	1	18.8748803827937	16.4033698248354	21.3463909407519	-1099.01089528154	-5.5197230309492	2	FALSE	19.1037640911334	0	0	0
3	Zulu_EGAN00001068963	2	28.1147879463058	25.6232735084649	30.6063023841467	-1099.01089528154	-6.74391593656964	2	FALSE	28.7471528719221	0	0	0
3	Zulu_EGAN00001068964	3	36.9568726563888	34.2039515757997	39.7097937369779	-1099.01089528154	-6.97323365397464	2	FALSE	37.6237892114556	0	0	0
3	Zulu_EGAN00001068965	3	36.9568726563888	34.2039515757997	39.7097937369779	-1099.01089528154	-10.7240000609437	2	FALSE	46.3127184971694	0	0	0
3	Zulu_EGAN00001068966	1	18.8748803827937	16.4033698248354	21.3463909407519	-1099.01089528154	-9.77378173273575	2	FALSE	23.8894743959018	0	0	0
3	Zulu_EGAN00001068967	1	18.8748803827937	16.4033698248354	21.3463909407519	-1099.01089528154	-8.34193916103897	2	FALSE	22.5783526312157	0	0	0
3	Zulu_EGAN00001068968	3	36.9568726563888	34.2039515757997	39.7097937369779	-1099.01089528154	-6.90841999714599	2	FALSE	36.9884771297777	0	0	0
3	Zulu_EGAN00001068969	1	18.8748803827937	16.4033698248354	21.3463909407519	-1099.01089528154	-9.3680710891953	2	FALSE	13.8480687375312	0	0	0
3	Zulu_EGAN00001068970	1	18.8748803827937	16.4033698248354	21.3463909407519	-1099.01089528154	-11.2320354596843	2	FALSE	15.0808058014594	0	0	0
3	Zulu_EGAN00001068971	1	18.8748803827937	16.4033698248354	21.3463909407519	-1099.01089528154	-6.36282166062304	2	FALSE	17.7965784002319	0	0	0
3	Zulu_EGAN00001068972	3	36.9568726563888	34.2039515757997	39.7097937369779	-1099.01089528154	-6.94325348401313	2	FALSE	36.3326046460155	0	0	0
3	Zulu_EGAN00001068973	2	28.1147879463058	25.6232735084649	30.6063023841467	-1099.01089528154	-6.67422099577777	2	FALSE	27.7382504192102	0	0	0
3	Zulu_EGAN00001068974	2	28.1147879463058	25.6232735084649	30.6063023841467	-1099.01089528154	-7.01974537497606	2	FALSE	26.5255871922161	0	0	0
3	Zulu_EGAN00001068975	3	36.9568726563888	34.2039515757997	39.7097937369779	-1099.01089528154	-12.5855866802129	2	FALSE	48.1449613537757	0	0	0
3	Zulu_EGAN00001069124	1	18.8748803827937	16.4033698248354	21.3463909407519	-1099.01089528154	-7.02079525842305	2	FALSE	22.1216808405822	0	0	0
3	Zulu_EGAN00001069125	1	18.8748803827937	16.4033698248354	21.3463909407519	-1099.01089528154	-6.69623740386938	2	FALSE	21.9177720018741	0	0	0
3	Zulu_EGAN00001069126	3	36.9568726563888	34.2039515757997	39.7097937369779	-1099.01089528154	-7.43625168182017	2	FALSE	33.9709329266661	0	0	0
3	Zulu_EGAN00001069127	1	18.8748803827937	16.4033698248354	21.3463909407519	-1099.01089528154	-10.0487858302294	2	FALSE	19.1739200575435	0	0	0
3	Zulu_EGAN00001069128	3	36.9568726563888	34.2039515757997	39.7097937369779	-1099.01089528154	-8.27257789417558	2	FALSE	41.9169082872724	0	0	0
3	Zulu_EGAN00001069129	2	28.1147879463058	25.6232735084649	30.6063023841467	-1099.01089528154	-6.71581721632078	2	FALSE	26.7703288383364	0	0	0
3	Zulu_EGAN00001069131	2	28.1147879463058	25.6232735084649	30.6063023841467	-1099.01089528154	-14.9169572462881	2	FALSE	21.8650681970172	0	0	0
3	Zulu_EGAN00001069132	3	36.9568726563888	34.2039515757997	39.7097937369779	-1099.01089528154	-7.97779145628727	2	FALSE	38.3988743903351	0	0	0
3	Zulu_EGAN00001069133	2	28.1147879463058	25.6232735084649	30.6063023841467	-1099.01089528154	-8.78510305878907	2	FALSE	31.7152864865936	0	0	0
3	Zulu_EGAN00001069134	2	28.1147879463058	25.6232735084649	30.6063023841467	-1099.01089528154	-7.63101415479452	2	FALSE	24.7807757879239	0	0	0
3	Zulu_EGAN00001069135	3	36.9568726563888	34.2039515757997	39.7097937369779	-1099.01089528154	-7.2547705663069	2	FALSE	34.8342092505574	0	0	0
3	Zulu_EGAN00001069136	1	18.8748803827937	16.4033698248354	21.3463909407519	-1099.01089528154	-5.61939445425249	2	FALSE	18.2177502678894	0	0	0
3	Zulu_EGAN00001069137	1	18.8748803827937	16.4033698248354	21.3463909407519	-1099.01089528154	-7.6671589040106	2	FALSE	22.7623889207459	0	0	0
3	Zulu_EGAN00001069138	2	28.1147879463058	25.6232735084649	30.6063023841467	-1099.01089528154	-8.18044313164017	2	FALSE	27.061074444436	0	0	0
3	Zulu_EGAN00001069139	2	28.1147879463058	25.6232735084649	30.6063023841467	-1099.01089528154	-8.63701734998332	2	FALSE	31.2544121180699	0	0	0
3	Zulu_EGAN00001069140	3	36.9568726563888	34.2039515757997	39.7097937369779	-1099.01089528154	-8.4695423117253	2	FALSE	34.9621025754212	0	0	0
3	Zulu_EGAN00001069141	1	18.8748803827937	16.4033698248354	21.3463909407519	-1099.01089528154	-8.11388263468029	2	FALSE	16.0104842857543	0	0	0
3	Zulu_EGAN00001069142	2	28.1147879463058	25.6232735084649	30.6063023841467	-1099.01089528154	-9.91525085223117	2	FALSE	33.794584413412	0	0	0
3	Zulu_EGAN00001069143	2	28.1147879463058	25.6232735084649	30.6063023841467	-1099.01089528154	-9.80066927899909	2	FALSE	31.9592512670167	0	0	0
3	Zulu_EGAN00001069144	3	36.9568726563888	34.2039515757997	39.7097937369779	-1099.01089528154	-7.66564593999718	2	FALSE	36.9621264243605	0	0	0
3	Zulu_EGAN00001069145	3	36.9568726563888	34.2039515757997	39.7097937369779	-1099.01089528154	-8.96252890657559	2	FALSE	38.2914835645223	0	0	0
3	Zulu_EGAN00001069146	1	18.8748803827937	16.4033698248354	21.3463909407519	-1099.01089528154	-13.2291960487366	2	FALSE	14.5421121754886	0	0	0
3	Zulu_EGAN00001069147	2	28.1147879463058	25.6232735084649	30.6063023841467	-1099.01089528154	-6.64984580728523	2	FALSE	28.9790545204019	0	0	0
3	Zulu_EGAN00001069148	3	36.9568726563888	34.2039515757997	39.7097937369779	-1099.01089528154	-7.64996167518922	2	FALSE	40.3858797072811	0	0	0
3	Zulu_EGAN00001069149	1	18.8748803827937	16.4033698248354	21.3463909407519	-1099.01089528154	-5.80143292130459	2	FALSE	17.5946578339812	0	0	0
3	Zulu_EGAN00001069150	2	28.1147879463058	25.6232735084649	30.6063023841467	-1099.01089528154	-10.1228152815182	2	FALSE	24.1423948454797	0	0	0
3	Zulu_EGAN00001069151	1	18.8748803827937	16.4033698248354	21.3463909407519	-1099.01089528154	-5.98650388893977	2	FALSE	19.6972908932487	0	0	0
3	Zulu_EGAN00001069152	2	28.1147879463058	25.6232735084649	30.6063023841467	-1099.01089528154	-7.11861810341582	2	FALSE	27.7837043003729	0	0	0
3	Zulu_EGAN00001069153	2	28.1147879463058	25.6232735084649	30.6063023841467	-1099.01089528154	-7.90021336863623	2	FALSE	30.9050360717858	0	0	0
3	Zulu_EGAN00001069154	3	36.9568726563888	34.2039515757997	39.7097937369779	-1099.01089528154	-9.85590933723563	2	FALSE	34.8597686145191	0	0	0
3	Zulu_EGAN00001069155	2	28.1147879463058	25.6232735084649	30.6063023841467	-1099.01089528154	-7.32524213903707	2	FALSE	30.7251204904161	0	0	0
3	Zulu_EGAN00001069156	2	28.1147879463058	25.6232735084649	30.6063023841467	-1099.01089528154	-8.17974405698983	2	FALSE	23.288068893075	0	0	0
3	Zulu_EGAN00001069157	1	18.8748803827937	16.4033698248354	21.3463909407519	-1099.01089528154	-5.94176210594916	2	FALSE	19.3852019884863	0	0	0
3	Zulu_EGAN00001069158	1	18.8748803827937	16.4033698248354	21.3463909407519	-1099.01089528154	-7.61429764238765	2	FALSE	21.610023921218	0	0	0
3	Zulu_EGAN00001069159	2	28.1147879463058	25.6232735084649	30.6063023841467	-1099.01089528154	-7.36698853420139	2	FALSE	25.1463803656115	0	0	0
3	Zulu_EGAN00001069160	2	28.1147879463058	25.6232735084649	30.6063023841467	-1099.01089528154	-7.22520742699014	2	FALSE	30.3193215570932	0	0	0
3	Zulu_EGAN00001069161	2	28.1147879463058	25.6232735084649	30.6063023841467	-1099.01089528154	-7.8652109268133	2	FALSE	25.6891006717447	0	0	0
3	Zulu_EGAN00001069162	3	36.9568726563888	34.2039515757997	39.7097937369779	-1099.01089528154	-14.3803169122212	2	FALSE	45.8799535323261	0	0	0
3	Zulu_EGAN00001069163	2	28.1147879463058	25.6232735084649	30.6063023841467	-1099.01089528154	-8.10208783751716	2	FALSE	26.5699988187789	0	0	0
3	Zulu_EGAN00001069164	3	36.9568726563888	34.2039515757997	39.7097937369779	-1099.01089528154	-10.3847749766396	2	FALSE	45.70351181961	0	0	0
3	Zulu_EGAN00001069165	3	36.9568726563888	34.2039515757997	39.7097937369779	-1099.01089528154	-9.83843563148785	2	FALSE	35.1672337214922	0	0	0
3	Zulu_EGAN00001069166	3	36.9568726563888	34.2039515757997	39.7097937369779	-1099.01089528154	-7.71475030739914	2	FALSE	34.0466556185011	0	0	0
3	Zulu_EGAN00001069167	3	36.9568726563888	34.2039515757997	39.7097937369779	-1099.01089528154	-10.9754450415185	2	FALSE	43.7855890509348	0	0	0
3	Zulu_EGAN00001069168	1	18.8748803827937	16.4033698248354	21.3463909407519	-1099.01089528154	-8.67268382697678	2	FALSE	17.0225861943647	0	0	0
3	Zulu_EGAN00001069169	1	18.8748803827937	16.4033698248354	21.3463909407519	-1099.01089528154	-7.37834793807825	2	FALSE	14.9697637355765	0	0	0
3	Zulu_EGAN00001069170	2	28.1147879463058	25.6232735084649	30.6063023841467	-1099.01089528154	-7.65850626320753	2	FALSE	27.51156004373	0	0	0
3	Zulu_EGAN00001069171	1	18.8748803827937	16.4033698248354	21.3463909407519	-1099.01089528154	-7.6195067188186	2	FALSE	21.3565480131845	0	0	0
3	Zulu_EGAN00001069172	2	28.1147879463058	25.6232735084649	30.6063023841467	-1099.01089528154	-9.11023299478734	2	FALSE	34.3250485774908	0	0	0
3	Zulu_EGAN00001069173	1	18.8748803827937	16.4033698248354	21.3463909407519	-1099.01089528154	-7.35603047422295	2	FALSE	22.5630515484624	0	0	0
3	Zulu_EGAN00001069174	1	18.8748803827937	16.4033698248354	21.3463909407519	-1099.01089528154	-6.82466425529667	2	FALSE	16.3700041049568	0	0	0
3	Zulu_EGAN00001069175	1	18.8748803827937	16.4033698248354	21.3463909407519	-1099.01089528154	-8.63125447746629	2	FALSE	21.6399477269643	0	0	0
3	Zulu_EGAN00001069176	3	36.9568726563888	34.2039515757997	39.7097937369779	-1099.01089528154	-8.84812850505214	2	FALSE	43.0985880765079	0	0	0
3	Zulu_EGAN00001069177	3	36.9568726563888	34.2039515757997	39.7097937369779	-1099.01089528154	-7.93013386565889	2	FALSE	40.2481428667514	0	0	0
3	Zulu_EGAN00001069178	2	28.1147879463058	25.6232735084649	30.6063023841467	-1099.01089528154	-9.15872523681499	2	FALSE	21.8049166803519	0	0	0
3	Zulu_EGAN00001069179	3	36.9568726563888	34.2039515757997	39.7097937369779	-1099.01089528154	-8.86207046897556	2	FALSE	30.8210079136077	0	0	0
3	Zulu_EGAN00001069180	3	36.9568726563888	34.2039515757997	39.7097937369779	-1099.01089528154	-7.55592650367122	2	FALSE	33.8449214503854	0	0	0
3	Zulu_EGAN00001069181	2	28.1147879463058	25.6232735084649	30.6063023841467	-1099.01089528154	-7.557613957759	2	FALSE	28.5392665065153	0	0	0
3	Zulu_EGAN00001069182	3	36.9568726563888	34.2039515757997	39.7097937369779	-1099.01089528154	-7.90562857108217	2	FALSE	33.9961641734389	0	0	0
3	Zulu_EGAN00001069183	2	28.1147879463058	25.6232735084649	30.6063023841467	-1099.01089528154	-7.35224845592641	2	FALSE	31.1578298584784	0	0	0
3	Zulu_EGAN00001069184	3	36.9568726563888	34.2039515757997	39.7097937369779	-1099.01089528154	-10.3539320447397	2	FALSE	44.3237672723083	0	0	0
3	Zulu_EGAN00001069185	2	28.1147879463058	25.6232735084649	30.6063023841467	-1099.01089528154	-7.95724679495191	2	FALSE	25.5147739394043	0	0	0
3	Zulu_EGAN00001069186	2	28.1147879463058	25.6232735084649	30.6063023841467	-1099.01089528154	-6.90414218359875	2	FALSE	27.1059492952654	0	0	0
3	Zulu_EGAN00001069187	1	18.8748803827937	16.4033698248354	21.3463909407519	-1099.01089528154	-5.69210036137746	2	FALSE	18.9917967425374	0	0	0
3	Zulu_EGAN00001069188	1	18.8748803827937	16.4033698248354	21.3463909407519	-1099.01089528154	-7.60189997393277	2	FALSE	22.6089710773566	0	0	0
3	Zulu_EGAN00001069189	1	18.8748803827937	16.4033698248354	21.3463909407519	-1099.01089528154	-6.24847151387869	2	FALSE	18.6441373653841	0	0	0
3	Zulu_EGAN00001069190	3	36.9568726563888	34.2039515757997	39.7097937369779	-1099.01089528154	-7.94467973694581	2	FALSE	34.0466556185011	0	0	0
3	Zulu_EGAN00001069192	2	28.1147879463058	25.6232735084649	30.6063023841467	-1099.01089528154	-10.1439552912946	2	FALSE	21.8951765166183	0	0	0
3	Zulu_EGAN00001069193	3	36.9568726563888	34.2039515757997	39.7097937369779	-1099.01089528154	-7.10674072402818	2	FALSE	35.4245161995809	0	0	0
3	Zulu_EGAN00001069194	2	28.1147879463058	25.6232735084649	30.6063023841467	-1099.01089528154	-7.25538910627589	2	FALSE	26.6589378779711	0	0	0
3	Zulu_EGAN00001069195	3	36.9568726563888	34.2039515757997	39.7097937369779	-1099.01089528154	-7.67761919696943	2	FALSE	33.3183078380231	0	0	0
3	Zulu_EGAN00001069196	2	28.1147879463058	25.6232735084649	30.6063023841467	-1099.01089528154	-6.74617305136595	2	FALSE	28.1029623251339	0	0	0
3	Zulu_EGAN00001069197	3	36.9568726563888	34.2039515757997	39.7097937369779	-1099.01089528154	-9.27389480772584	2	FALSE	32.696935911619	0	0	0
3	Zulu_EGAN00001069198	1	18.8748803827937	16.4033698248354	21.3463909407519	-1099.01089528154	-5.83458952331929	2	FALSE	20.2136474890323	0	0	0
3	Zulu_EGAN00001069199	2	28.1147879463058	25.6232735084649	30.6063023841467	-1099.01089528154	-6.82886136497825	2	FALSE	30.0819191204473	0	0	0
3	Zulu_EGAN00001069200	3	36.9568726563888	34.2039515757997	39.7097937369779	-1099.01089528154	-8.48963940316636	2	FALSE	38.023682035379	0	0	0
3	Zulu_EGAN00001069201	3	36.9568726563888	34.2039515757997	39.7097937369779	-1099.01089528154	-7.14317313637987	2	FALSE	38.6680269902561	0	0	0
3	Zulu_EGAN00001069202	3	36.9568726563888	34.2039515757997	39.7097937369779	-1099.01089528154	-8.68635919194428	2	FALSE	42.0575402794685	0	0	0
4	BAN-002	4	40.6721978934762	35.9613072299557	45.3830885569967	-1059.88435682993	-8.57891747538657	2	FALSE	38.3451596764176	0	0	0
4	BAN-003	2	25.8995638504334	23.294896566274	28.5042311345929	-1059.88435682993	-7.65608361074872	2	FALSE	29.2119212194371	0	0	0
4	BAN-010	3	33.6428808575017	30.9105406672629	36.3752210477405	-1059.88435682993	-9.89745233895117	2	FALSE	30.9170497448883	0	0	0
4	BAN-011	3	33.6428808575017	30.9105406672629	36.3752210477405	-1059.88435682993	-6.98558457337002	2	FALSE	30.3431148785384	0	0	0
4	BAN-015	4	40.6721978934762	35.9613072299557	45.3830885569967	-1059.88435682993	-10.3353010669228	2	FALSE	32.2778482321472	0	0	0
4	BAN-019	4	40.6721978934762	35.9613072299557	45.3830885569967	-1059.88435682993	-7.70859056974418	2	FALSE	42.4548593082415	0	0	0
4	BAN-021	1	17.9776899273203	15.2078805429209	20.7474993117197	-1059.88435682993	-6.7138270849107	2	FALSE	19.9976441741578	0	0	0
4	BAN-022	2	25.8995638504334	23.294896566274	28.5042311345929	-1059.88435682993	-6.90091771136021	2	FALSE	27.9659058452459	0	0	0
4	BAN-026	2	25.8995638504334	23.294896566274	28.5042311345929	-1059.88435682993	-7.79988603886294	2	FALSE	27.5568209147816	0	0	0
4	BAN-028	4	40.6721978934762	35.9613072299557	45.3830885569967	-1059.88435682993	-9.21935540155221	2	FALSE	43.1746469373857	0	0	0
4	BAN-030	3	33.6428808575017	30.9105406672629	36.3752210477405	-1059.88435682993	-7.73405548407338	2	FALSE	35.1415585514639	0	0	0
4	BAN-043	2	25.8995638504334	23.294896566274	28.5042311345929	-1059.88435682993	-7.63321575318215	2	FALSE	29.0720853939493	0	0	0
4	BAN-045	4	40.6721978934762	35.9613072299557	45.3830885569967	-1059.88435682993	-9.22370475574335	2	FALSE	43.939011031135	0	0	0
4	BAN-048	3	33.6428808575017	30.9105406672629	36.3752210477405	-1059.88435682993	-9.08566843193004	2	FALSE	30.0582319545632	0	0	0
4	BAN-059	2	25.8995638504334	23.294896566274	28.5042311345929	-1059.88435682993	-6.65985163922688	2	FALSE	24.60969162545	0	0	0
4	BAN-071	3	33.6428808575017	30.9105406672629	36.3752210477405	-1059.88435682993	-6.37201089901838	2	FALSE	33.9583209222193	0	0	0
4	BAN-17	2	25.8995638504334	23.294896566274	28.5042311345929	-1059.88435682993	-7.51847042089994	2	FALSE	29.3989094150652	0	0	0
4	BAN-24	3	33.6428808575017	30.9105406672629	36.3752210477405	-1059.88435682993	-6.8349305656917	2	FALSE	30.8690095282369	0	0	0
4	BAN-32	3	33.6428808575017	30.9105406672629	36.3752210477405	-1059.88435682993	-6.81320764050982	2	FALSE	34.223679667144	0	0	0
4	BAN-42	4	40.6721978934762	35.9613072299557	45.3830885569967	-1059.88435682993	-10.2643388241309	2	FALSE	50.2599193895563	0	0	0
4	BAN-49	2	25.8995638504334	23.294896566274	28.5042311345929	-1059.88435682993	-7.10624386477055	2	FALSE	24.2270104781834	0	0	0
4	BAN-50	4	40.6721978934762	35.9613072299557	45.3830885569967	-1059.88435682993	-8.21760754124942	2	FALSE	39.4812750933517	0	0	0
4	BAN-51	3	33.6428808575017	30.9105406672629	36.3752210477405	-1059.88435682993	-7.69804577952639	2	FALSE	35.9419763074246	0	0	0
4	BAN-60	4	40.6721978934762	35.9613072299557	45.3830885569967	-1059.88435682993	-7.48978870346639	2	FALSE	41.6363680907969	0	0	0
4	BAN-61	4	40.6721978934762	35.9613072299557	45.3830885569967	-1059.88435682993	-8.80278517207614	2	FALSE	34.7831194741508	0	0	0
4	BAN-72	2	25.8995638504334	23.294896566274	28.5042311345929	-1059.88435682993	-9.81889767545115	2	FALSE	22.4560959217755	0	0	0
4	BAN-95	2	25.8995638504334	23.294896566274	28.5042311345929	-1059.88435682993	-8.2636966889286	2	FALSE	28.4241118489837	0	0	0
4	BAN-96	4	40.6721978934762	35.9613072299557	45.3830885569967	-1059.88435682993	-8.38631791116494	2	FALSE	35.6310370184517	0	0	0
4	ElandCave	4	40.6721978934762	35.9613072299557	45.3830885569967	-1059.88435682993	-7.87651791273627	2	FALSE	37.6501338966442	16.6929417012259	16.2607699095667	18.9320819976088
4	HGDP00993	4	40.6721978934762	35.9613072299557	45.3830885569967	-1059.88435682993	-7.56898946831573	2	FALSE	39.508532946291	0	0	0
4	HGDP00994	2	25.8995638504334	23.294896566274	28.5042311345929	-1059.88435682993	-7.5374232984229	2	FALSE	27.9202975559943	0	0	0
4	HGDP01030	2	25.8995638504334	23.294896566274	28.5042311345929	-1059.88435682993	-7.50640820081147	2	FALSE	25.2977340694788	0	0	0
4	HGDP01034	3	33.6428808575017	30.9105406672629	36.3752210477405	-1059.88435682993	-6.17834588997751	2	FALSE	34.5282496224508	0	0	0
4	Mfongosi	3	33.6428808575017	30.9105406672629	36.3752210477405	-1059.88435682993	-6.14261891526366	2	FALSE	33.0194313291322	15.2498462204821	11.1758188197273	15.8600039498706
4	Newcastle	3	33.6428808575017	30.9105406672629	36.3752210477405	-1059.88435682993	-6.19678404272428	2	FALSE	33.8908084793169	14.7589982822537	11.8850267302492	17.904878445395
4	Zulu_EGAN00001068937	2	25.8995638504334	23.294896566274	28.5042311345929	-1059.88435682993	-7.95577248342747	2	FALSE	26.503395854693	0	0	0
4	Zulu_EGAN00001068938	3	33.6428808575017	30.9105406672629	36.3752210477405	-1059.88435682993	-6.92310011519315	2	FALSE	34.1477543146923	0	0	0
4	Zulu_EGAN00001068943	2	25.8995638504334	23.294896566274	28.5042311345929	-1059.88435682993	-8.56339674871774	2	FALSE	24.3967049678575	0	0	0
4	Zulu_EGAN00001068947	2	25.8995638504334	23.294896566274	28.5042311345929	-1059.88435682993	-8.02517184936538	2	FALSE	27.9659058452459	0	0	0
4	Zulu_EGAN00001068950	4	40.6721978934762	35.9613072299557	45.3830885569967	-1059.88435682993	-11.4144946007923	2	FALSE	47.025358446811	0	0	0
4	Zulu_EGAN00001068954	2	25.8995638504334	23.294896566274	28.5042311345929	-1059.88435682993	-8.9895917735845	2	FALSE	26.2599280753059	0	0	0
4	Zulu_EGAN00001068957	3	33.6428808575017	30.9105406672629	36.3752210477405	-1059.88435682993	-7.4222236584539	2	FALSE	31.6179707885799	0	0	0
4	Zulu_EGAN00001068959	2	25.8995638504334	23.294896566274	28.5042311345929	-1059.88435682993	-7.08296970562537	2	FALSE	28.401109868994	0	0	0
4	Zulu_EGAN00001068962	1	17.9776899273203	15.2078805429209	20.7474993117197	-1059.88435682993	-5.51775867871576	2	FALSE	19.1037640911334	0	0	0
4	Zulu_EGAN00001068963	2	25.8995638504334	23.294896566274	28.5042311345929	-1059.88435682993	-7.236348186479	2	FALSE	28.7471528719221	0	0	0
4	Zulu_EGAN00001068964	3	33.6428808575017	30.9105406672629	36.3752210477405	-1059.88435682993	-7.30703598374526	2	FALSE	37.6237892114556	0	0	0
4	Zulu_EGAN00001068965	4	40.6721978934762	35.9613072299557	45.3830885569967	-1059.88435682993	-8.63676220363599	2	FALSE	46.3127184971694	0	0	0
4	Zulu_EGAN00001068966	2	25.8995638504334	23.294896566274	28.5042311345929	-1059.88435682993	-8.07707171563534	2	FALSE	23.8894743959018	0	0	0
4	Zulu_EGAN00001068967	2	25.8995638504334	23.294896566274	28.5042311345929	-1059.88435682993	-7.59104966501175	2	FALSE	22.5783526312157	0	0	0
4	Zulu_EGAN00001068968	3	33.6428808575017	30.9105406672629	36.3752210477405	-1059.88435682993	-6.98775047957751	2	FALSE	36.9884771297777	0	0	0
4	Zulu_EGAN00001068969	1	17.9776899273203	15.2078805429209	20.7474993117197	-1059.88435682993	-9.43485067764459	2	FALSE	13.8480687375312	0	0	0
4	Zulu_EGAN00001068970	1	17.9776899273203	15.2078805429209	20.7474993117197	-1059.88435682993	-8.84096665258427	2	FALSE	15.0808058014594	0	0	0
4	Zulu_EGAN00001068971	1	17.9776899273203	15.2078805429209	20.7474993117197	-1059.88435682993	-5.62381862641122	2	FALSE	17.7965784002319	0	0	0
4	Zulu_EGAN00001068972	3	33.6428808575017	30.9105406672629	36.3752210477405	-1059.88435682993	-6.98792329458571	2	FALSE	36.3326046460155	0	0	0
4	Zulu_EGAN00001068973	2	25.8995638504334	23.294896566274	28.5042311345929	-1059.88435682993	-6.88872122821172	2	FALSE	27.7382504192102	0	0	0
4	Zulu_EGAN00001068974	2	25.8995638504334	23.294896566274	28.5042311345929	-1059.88435682993	-6.92052066180201	2	FALSE	26.5255871922161	0	0	0
4	Zulu_EGAN00001068975	4	40.6721978934762	35.9613072299557	45.3830885569967	-1059.88435682993	-10.8908736498728	2	FALSE	48.1449613537757	0	0	0
4	Zulu_EGAN00001069124	2	25.8995638504334	23.294896566274	28.5042311345929	-1059.88435682993	-7.66146355185801	2	FALSE	22.1216808405822	0	0	0
4	Zulu_EGAN00001069125	2	25.8995638504334	23.294896566274	28.5042311345929	-1059.88435682993	-8.73647099490987	2	FALSE	21.9177720018741	0	0	0
4	Zulu_EGAN00001069126	3	33.6428808575017	30.9105406672629	36.3752210477405	-1059.88435682993	-6.76477491817304	2	FALSE	33.9709329266661	0	0	0
4	Zulu_EGAN00001069127	2	25.8995638504334	23.294896566274	28.5042311345929	-1059.88435682993	-9.74489533654463	2	FALSE	19.1739200575435	0	0	0
4	Zulu_EGAN00001069128	4	40.6721978934762	35.9613072299557	45.3830885569967	-1059.88435682993	-7.54074822708099	2	FALSE	41.9169082872724	0	0	0
4	Zulu_EGAN00001069129	2	25.8995638504334	23.294896566274	28.5042311345929	-1059.88435682993	-6.62991080026152	2	FALSE	26.7703288383364	0	0	0
4	Zulu_EGAN00001069131	2	25.8995638504334	23.294896566274	28.5042311345929	-1059.88435682993	-14.7900322794886	2	FALSE	21.8650681970172	0	0	0
4	Zulu_EGAN00001069132	4	40.6721978934762	35.9613072299557	45.3830885569967	-1059.88435682993	-7.76965397672489	2	FALSE	38.3988743903351	0	0	0
4	Zulu_EGAN00001069133	3	33.6428808575017	30.9105406672629	36.3752210477405	-1059.88435682993	-9.11140386249557	2	FALSE	31.7152864865936	0	0	0
4	Zulu_EGAN00001069134	2	25.8995638504334	23.294896566274	28.5042311345929	-1059.88435682993	-7.16418703025801	2	FALSE	24.7807757879239	0	0	0
4	Zulu_EGAN00001069135	3	33.6428808575017	30.9105406672629	36.3752210477405	-1059.88435682993	-6.27578739864911	2	FALSE	34.8342092505574	0	0	0
4	Zulu_EGAN00001069136	1	17.9776899273203	15.2078805429209	20.7474993117197	-1059.88435682993	-5.50217203141409	2	FALSE	18.2177502678894	0	0	0
4	Zulu_EGAN00001069137	1	17.9776899273203	15.2078805429209	20.7474993117197	-1059.88435682993	-8.56078501774748	2	FALSE	22.7623889207459	0	0	0
4	Zulu_EGAN00001069138	2	25.8995638504334	23.294896566274	28.5042311345929	-1059.88435682993	-8.24528374378916	2	FALSE	27.061074444436	0	0	0
4	Zulu_EGAN00001069139	2	25.8995638504334	23.294896566274	28.5042311345929	-1059.88435682993	-9.2685249240402	2	FALSE	31.2544121180699	0	0	0
4	Zulu_EGAN00001069140	3	33.6428808575017	30.9105406672629	36.3752210477405	-1059.88435682993	-9.71505292911694	2	FALSE	34.9621025754212	0	0	0
4	Zulu_EGAN00001069141	1	17.9776899273203	15.2078805429209	20.7474993117197	-1059.88435682993	-8.27376978753291	2	FALSE	16.0104842857543	0	0	0
4	Zulu_EGAN00001069142	4	40.6721978934762	35.9613072299557	45.3830885569967	-1059.88435682993	-9.21692999230075	2	FALSE	33.794584413412	0	0	0
4	Zulu_EGAN00001069143	3	33.6428808575017	30.9105406672629	36.3752210477405	-1059.88435682993	-8.66776348552842	2	FALSE	31.9592512670167	0	0	0
4	Zulu_EGAN00001069144	3	33.6428808575017	30.9105406672629	36.3752210477405	-1059.88435682993	-8.73545902831086	2	FALSE	36.9621264243605	0	0	0
4	Zulu_EGAN00001069145	4	40.6721978934762	35.9613072299557	45.3830885569967	-1059.88435682993	-8.4059410303023	2	FALSE	38.2914835645223	0	0	0
4	Zulu_EGAN00001069146	1	17.9776899273203	15.2078805429209	20.7474993117197	-1059.88435682993	-10.3638131598587	2	FALSE	14.5421121754886	0	0	0
4	Zulu_EGAN00001069147	2	25.8995638504334	23.294896566274	28.5042311345929	-1059.88435682993	-7.25660101819554	2	FALSE	28.9790545204019	0	0	0
4	Zulu_EGAN00001069148	4	40.6721978934762	35.9613072299557	45.3830885569967	-1059.88435682993	-7.53773234941695	2	FALSE	40.3858797072811	0	0	0
4	Zulu_EGAN00001069149	1	17.9776899273203	15.2078805429209	20.7474993117197	-1059.88435682993	-5.32208050994232	2	FALSE	17.5946578339812	0	0	0
4	Zulu_EGAN00001069150	2	25.8995638504334	23.294896566274	28.5042311345929	-1059.88435682993	-9.93499639757277	2	FALSE	24.1423948454797	0	0	0
4	Zulu_EGAN00001069151	1	17.9776899273203	15.2078805429209	20.7474993117197	-1059.88435682993	-6.27993061104769	2	FALSE	19.6972908932487	0	0	0
4	Zulu_EGAN00001069152	2	25.8995638504334	23.294896566274	28.5042311345929	-1059.88435682993	-7.32250342291912	2	FALSE	27.7837043003729	0	0	0
4	Zulu_EGAN00001069153	3	33.6428808575017	30.9105406672629	36.3752210477405	-1059.88435682993	-8.01568714020334	2	FALSE	30.9050360717858	0	0	0
4	Zulu_EGAN00001069154	3	33.6428808575017	30.9105406672629	36.3752210477405	-1059.88435682993	-7.89042846698128	2	FALSE	34.8597686145191	0	0	0
4	Zulu_EGAN00001069155	3	33.6428808575017	30.9105406672629	36.3752210477405	-1059.88435682993	-7.31370920436807	2	FALSE	30.7251204904161	0	0	0
4	Zulu_EGAN00001069156	2	25.8995638504334	23.294896566274	28.5042311345929	-1059.88435682993	-7.20160924069753	2	FALSE	23.288068893075	0	0	0
4	Zulu_EGAN00001069157	1	17.9776899273203	15.2078805429209	20.7474993117197	-1059.88435682993	-6.18224104840732	2	FALSE	19.3852019884863	0	0	0
4	Zulu_EGAN00001069158	1	17.9776899273203	15.2078805429209	20.7474993117197	-1059.88435682993	-8.2752279083989	2	FALSE	21.610023921218	0	0	0
4	Zulu_EGAN00001069159	2	25.8995638504334	23.294896566274	28.5042311345929	-1059.88435682993	-6.51129031498362	2	FALSE	25.1463803656115	0	0	0
4	Zulu_EGAN00001069160	3	33.6428808575017	30.9105406672629	36.3752210477405	-1059.88435682993	-7.29927164649449	2	FALSE	30.3193215570932	0	0	0
4	Zulu_EGAN00001069161	2	25.8995638504334	23.294896566274	28.5042311345929	-1059.88435682993	-7.68562336019992	2	FALSE	25.6891006717447	0	0	0
4	Zulu_EGAN00001069162	4	40.6721978934762	35.9613072299557	45.3830885569967	-1059.88435682993	-13.3250255728699	2	FALSE	45.8799535323261	0	0	0
4	Zulu_EGAN00001069163	2	25.8995638504334	23.294896566274	28.5042311345929	-1059.88435682993	-8.09207917277367	2	FALSE	26.5699988187789	0	0	0
4	Zulu_EGAN00001069164	4	40.6721978934762	35.9613072299557	45.3830885569967	-1059.88435682993	-8.45470858880037	2	FALSE	45.70351181961	0	0	0
4	Zulu_EGAN00001069165	3	33.6428808575017	30.9105406672629	36.3752210477405	-1059.88435682993	-8.15395264630349	2	FALSE	35.1672337214922	0	0	0
4	Zulu_EGAN00001069166	3	33.6428808575017	30.9105406672629	36.3752210477405	-1059.88435682993	-6.12583353660714	2	FALSE	34.0466556185011	0	0	0
4	Zulu_EGAN00001069167	4	40.6721978934762	35.9613072299557	45.3830885569967	-1059.88435682993	-9.61033045041957	2	FALSE	43.7855890509348	0	0	0
4	Zulu_EGAN00001069168	1	17.9776899273203	15.2078805429209	20.7474993117197	-1059.88435682993	-9.04226064841005	2	FALSE	17.0225861943647	0	0	0
4	Zulu_EGAN00001069169	1	17.9776899273203	15.2078805429209	20.7474993117197	-1059.88435682993	-6.9627438013537	2	FALSE	14.9697637355765	0	0	0
4	Zulu_EGAN00001069170	2	25.8995638504334	23.294896566274	28.5042311345929	-1059.88435682993	-7.79569142865785	2	FALSE	27.51156004373	0	0	0
4	Zulu_EGAN00001069171	2	25.8995638504334	23.294896566274	28.5042311345929	-1059.88435682993	-8.04467452705894	2	FALSE	21.3565480131845	0	0	0
4	Zulu_EGAN00001069172	3	33.6428808575017	30.9105406672629	36.3752210477405	-1059.88435682993	-7.61729025687602	2	FALSE	34.3250485774908	0	0	0
4	Zulu_EGAN00001069173	2	25.8995638504334	23.294896566274	28.5042311345929	-1059.88435682993	-7.37559569269283	2	FALSE	22.5630515484624	0	0	0
4	Zulu_EGAN00001069174	1	17.9776899273203	15.2078805429209	20.7474993117197	-1059.88435682993	-5.81464255512116	2	FALSE	16.3700041049568	0	0	0
4	Zulu_EGAN00001069175	2	25.8995638504334	23.294896566274	28.5042311345929	-1059.88435682993	-8.16419355181719	2	FALSE	21.6399477269643	0	0	0
4	Zulu_EGAN00001069176	4	40.6721978934762	35.9613072299557	45.3830885569967	-1059.88435682993	-7.68578030080964	2	FALSE	43.0985880765079	0	0	0
4	Zulu_EGAN00001069177	4	40.6721978934762	35.9613072299557	45.3830885569967	-1059.88435682993	-9.40265420940677	2	FALSE	40.2481428667514	0	0	0
4	Zulu_EGAN00001069178	2	25.8995638504334	23.294896566274	28.5042311345929	-1059.88435682993	-8.26099451548087	2	FALSE	21.8049166803519	0	0	0
4	Zulu_EGAN00001069179	3	33.6428808575017	30.9105406672629	36.3752210477405	-1059.88435682993	-7.42821553845971	2	FALSE	30.8210079136077	0	0	0
4	Zulu_EGAN00001069180	3	33.6428808575017	30.9105406672629	36.3752210477405	-1059.88435682993	-6.24304807297887	2	FALSE	33.8449214503854	0	0	0
4	Zulu_EGAN00001069181	2	25.8995638504334	23.294896566274	28.5042311345929	-1059.88435682993	-7.88099161131171	2	FALSE	28.5392665065153	0	0	0
4	Zulu_EGAN00001069182	3	33.6428808575017	30.9105406672629	36.3752210477405	-1059.88435682993	-8.22810519994917	2	FALSE	33.9961641734389	0	0	0
4	Zulu_EGAN00001069183	2	25.8995638504334	23.294896566274	28.5042311345929	-1059.88435682993	-8.45322933013315	2	FALSE	31.1578298584784	0	0	0
4	Zulu_EGAN00001069184	4	40.6721978934762	35.9613072299557	45.3830885569967	-1059.88435682993	-8.84067722553806	2	FALSE	44.3237672723083	0	0	0
4	Zulu_EGAN00001069185	2	25.8995638504334	23.294896566274	28.5042311345929	-1059.88435682993	-7.75506897692681	2	FALSE	25.5147739394043	0	0	0
4	Zulu_EGAN00001069186	2	25.8995638504334	23.294896566274	28.5042311345929	-1059.88435682993	-6.8207853478973	2	FALSE	27.1059492952654	0	0	0
4	Zulu_EGAN00001069187	1	17.9776899273203	15.2078805429209	20.7474993117197	-1059.88435682993	-5.79839188122871	2	FALSE	18.9917967425374	0	0	0
4	Zulu_EGAN00001069188	1	17.9776899273203	15.2078805429209	20.7474993117197	-1059.88435682993	-8.46888607373473	2	FALSE	22.6089710773566	0	0	0
4	Zulu_EGAN00001069189	1	17.9776899273203	15.2078805429209	20.7474993117197	-1059.88435682993	-6.44330066344574	2	FALSE	18.6441373653841	0	0	0
4	Zulu_EGAN00001069190	3	33.6428808575017	30.9105406672629	36.3752210477405	-1059.88435682993	-8.34232043950943	2	FALSE	34.0466556185011	0	0	0
4	Zulu_EGAN00001069192	2	25.8995638504334	23.294896566274	28.5042311345929	-1059.88435682993	-9.68834339045101	2	FALSE	21.8951765166183	0	0	0
4	Zulu_EGAN00001069193	3	33.6428808575017	30.9105406672629	36.3752210477405	-1059.88435682993	-6.97980863392707	2	FALSE	35.4245161995809	0	0	0
4	Zulu_EGAN00001069194	2	25.8995638504334	23.294896566274	28.5042311345929	-1059.88435682993	-7.21614368968085	2	FALSE	26.6589378779711	0	0	0
4	Zulu_EGAN00001069195	3	33.6428808575017	30.9105406672629	36.3752210477405	-1059.88435682993	-6.50050928981457	2	FALSE	33.3183078380231	0	0	0
4	Zulu_EGAN00001069196	2	25.8995638504334	23.294896566274	28.5042311345929	-1059.88435682993	-7.05549376202145	2	FALSE	28.1029623251339	0	0	0
4	Zulu_EGAN00001069197	4	40.6721978934762	35.9613072299557	45.3830885569967	-1059.88435682993	-9.65539278777119	2	FALSE	32.696935911619	0	0	0
4	Zulu_EGAN00001069198	1	17.9776899273203	15.2078805429209	20.7474993117197	-1059.88435682993	-6.05851075797233	2	FALSE	20.2136474890323	0	0	0
4	Zulu_EGAN00001069199	3	33.6428808575017	30.9105406672629	36.3752210477405	-1059.88435682993	-7.13834195322082	2	FALSE	30.0819191204473	0	0	0
4	Zulu_EGAN00001069200	4	40.6721978934762	35.9613072299557	45.3830885569967	-1059.88435682993	-8.11655832965944	2	FALSE	38.023682035379	0	0	0
4	Zulu_EGAN00001069201	3	33.6428808575017	30.9105406672629	36.3752210477405	-1059.88435682993	-7.97617540153674	2	FALSE	38.6680269902561	0	0	0
4	Zulu_EGAN00001069202	4	40.6721978934762	35.9613072299557	45.3830885569967	-1059.88435682993	-7.64983688091164	2	FALSE	42.0575402794685	0	0	0
