# CLUSTERING STRENGTH + LIKELIHOOD K SELECTION RESULTS (DATES)
# Recommended K: 3
# Method: DATES
# Clustering strength threshold: 0.983
# Likelihood thresholds: k1 to k2(k=2):1.2 k1 to k2(k=3):2.59 k2 to k3:0.71 k3 to k4:0.49
#
model_k	pop	cluster	joint_date_est_best	joint_date_lowerci	joint_date_upperci	likelihood_mean	likelihood_per_ind	recommended_k	is_recommended	ind_date_est	sample_age_est_best	sample_age_lowerci_mean	sample_age_upperci_mean
2	WAT001	2	91.2562527053874	88.8440002617271	93.6685051490476	-1396.4159191844	-11.8427223581677	3	FALSE	81.7382883894245	22.7382883894245	19.8754544712834	23.8584256292201
2	WAT002	1	57.6989047295159	55.4504553883629	59.947354070669	-1396.4159191844	-158.350283413002	3	FALSE	67.2150273894538	58.2150273894538	57.8216802148335	60.03640286522
2	WAT003	1	57.6989047295159	55.4504553883629	59.947354070669	-1396.4159191844	-14.31696891183	3	FALSE	71.8643754037728	18.8643754037728	18.3134046560779	22.4131335958086
2	NBR003	1	57.6989047295159	55.4504553883629	59.947354070669	-1396.4159191844	-9.75492525897789	3	FALSE	50.6456027797255	16.6456027797255	11.3805854791753	17.7560063648263
2	NBR004	1	57.6989047295159	55.4504553883629	59.947354070669	-1396.4159191844	-9.11320488030555	3	FALSE	51.5344513039204	15.5344513039204	11.7355271112919	18.1484391729985
2	NBR005	1	57.6989047295159	55.4504553883629	59.947354070669	-1396.4159191844	-16.9072307860479	3	FALSE	44.8836242634598	14.8836242634598	11.4496318970341	17.0365916245867
2	NBR007	1	57.6989047295159	55.4504553883629	59.947354070669	-1396.4159191844	-9.34222092044229	3	FALSE	53.0512798740529	8.05127987405285	0.871880432765465	14.7523081067484
2	NBR009	1	57.6989047295159	55.4504553883629	59.947354070669	-1396.4159191844	-6.45974961560726	3	FALSE	56.2706336238214	12.2706336238214	11.698626257762	17.8038380210402
2	NBR010	1	57.6989047295159	55.4504553883629	59.947354070669	-1396.4159191844	-9.8449001501925	3	FALSE	60.4145486322649	15.4145486322649	5.60571254655838	15.4569030211152
2	NBR013	1	57.6989047295159	55.4504553883629	59.947354070669	-1396.4159191844	-8.34359124546849	3	FALSE	55.6708051181711	15.6708051181711	11.2827550900737	18.1145721418633
2	NBR014	1	57.6989047295159	55.4504553883629	59.947354070669	-1396.4159191844	-9.25313775089575	3	FALSE	52.1936229574499	18.1936229574499	17.8845520193896	19.2301349494932
2	NBR015	1	57.6989047295159	55.4504553883629	59.947354070669	-1396.4159191844	-6.76952653915996	3	FALSE	57.6743156242792	17.6743156242792	16.847342488934	18.8653156884908
2	NBR017	1	57.6989047295159	55.4504553883629	59.947354070669	-1396.4159191844	-7.7708740800047	3	FALSE	53.5366428618877	16.5366428618877	11.7501012771548	17.7583964064248
2	NBR018	1	57.6989047295159	55.4504553883629	59.947354070669	-1396.4159191844	-10.0515884734276	3	FALSE	50.878525847773	15.878525847773	11.3262517175113	16.3721610304445
2	NBR019	1	57.6989047295159	55.4504553883629	59.947354070669	-1396.4159191844	-7.34269877695168	3	FALSE	59.3083654992333	14.3083654992333	11.3025323715391	16.3227593993985
2	NBR020	1	57.6989047295159	55.4504553883629	59.947354070669	-1396.4159191844	-90.4707387536017	3	FALSE	24.8982539482166	17.8982539482166	13.678472235154	18.1825219187704
2	NBR021	1	57.6989047295159	55.4504553883629	59.947354070669	-1396.4159191844	-33.5699916184616	3	FALSE	41.3367431981248	13.3367431981248	9.492508322907	15.269819264728
2	ERI002	1	57.6989047295159	55.4504553883629	59.947354070669	-1396.4159191844	-59.8927789271167	3	FALSE	31.5362442016234	14.5362442016234	10.3405104640955	15.2787570198064
2	ERI003	1	57.6989047295159	55.4504553883629	59.947354070669	-1396.4159191844	-12.1018568241758	3	FALSE	47.0298763957272	14.0298763957272	11.2870120633836	16.6368169449726
2	ERI004	1	57.6989047295159	55.4504553883629	59.947354070669	-1396.4159191844	-31.788983720105	3	FALSE	37.5664480747655	9.5664480747655	1.9169984292239	9.90790811134502
2	ERI005	1	57.6989047295159	55.4504553883629	59.947354070669	-1396.4159191844	-102.801964864886	3	FALSE	35.8680923576467	9.86809235764667	7.46635532518849	9.95799392927438
2	ERI006	1	57.6989047295159	55.4504553883629	59.947354070669	-1396.4159191844	-21.9409677942774	3	FALSE	45.2990701942357	15.2990701942357	11.6682987064787	16.7576019029533
2	ERI007	1	57.6989047295159	55.4504553883629	59.947354070669	-1396.4159191844	-50.1439667634621	3	FALSE	17.6354690904296	10.6354690904296	1.74406307355388	10.5973116761658
2	ERI008	1	57.6989047295159	55.4504553883629	59.947354070669	-1396.4159191844	-7.05198038461751	3	FALSE	54.8488898955623	10.8488898955623	1.44514569391384	10.9721412180889
2	ERI009	1	57.6989047295159	55.4504553883629	59.947354070669	-1396.4159191844	-40.1078548928745	3	FALSE	39.4837629494314	16.4837629494314	11.6506847206192	16.7427481766643
2	TIL001	1	57.6989047295159	55.4504553883629	59.947354070669	-1396.4159191844	-50.2158399448077	3	FALSE	34.0214896061502	24.0214896061502	19.1349170146127	24.5975302173173
2	Aru_Manara_1	2	91.2562527053874	88.8440002617271	93.6685051490476	-1396.4159191844	-19.912193267446	3	FALSE	101.313705726992	73.2065628669923	69.7918716535904	80.6677930904815
2	Tanjung_Pinang	2	91.2562527053874	88.8440002617271	93.6685051490476	-1396.4159191844	-77.1028267684656	3	FALSE	97.5982883892953	79.2411455292953	78.3654115253827	81.1882572246483
2	Uattamdi	2	91.2562527053874	88.8440002617271	93.6685051490476	-1396.4159191844	-6.53341471554377	3	FALSE	93.4528764119186	69.8457335519186	66.6469649454507	70.2094585745226
2	Aru_Manara_2	2	91.2562527053874	88.8440002617271	93.6685051490476	-1396.4159191844	-8.40556183097382	3	FALSE	88.5336877453086	32.4622591703086	32.2266585125378	35.6515716169929
2	Hiri	1	57.6989047295159	55.4504553883629	59.947354070669	-1396.4159191844	-15.7293174053799	3	FALSE	47.96428571	0	0	0
2	Ternate	1	57.6989047295159	55.4504553883629	59.947354070669	-1396.4159191844	-15.4297921716445	3	FALSE	45.92857143	0	0	0
2	Topogaro	1	57.6989047295159	55.4504553883629	59.947354070669	-1396.4159191844	-14.8480083755662	3	FALSE	69.6774010496959	8.21311533569591	5.98436971251806	9.13184622413246
2	undefined	1	57.6989047295159	55.4504553883629	59.947354070669	-1396.4159191844	-18.7261541663895	3	FALSE	69.78571429	0	0	0
2	Bajo	1	57.6989047295159	55.4504553883629	59.947354070669	-1396.4159191844	-7.31430038246781	3	FALSE	58.71428571	0	0	0
2	Liang_Bua	2	91.2562527053874	88.8440002617271	93.6685051490476	-1396.4159191844	-36.3796458762605	3	FALSE	103.572599936617	91.4297427966166	91.2834388467862	94.3780691015065
2	Liang_Toge	1	57.6989047295159	55.4504553883629	59.947354070669	-1396.4159191844	-10.4620884991558	3	FALSE	65.8758490736596	30.6258490736596	29.4331964062643	32.094104441721
2	Komodo	2	91.2562527053874	88.8440002617271	93.6685051490476	-1396.4159191844	-13.3091683296002	3	FALSE	87.0997167577362	26.0282881877362	24.6950410862559	27.1862232676606
2	Jareng_Bori	2	91.2562527053874	88.8440002617271	93.6685051490476	-1396.4159191844	-11.0736815685628	3	FALSE	83.1327128219837	16.4541413919837	15.0863508663536	17.5911714557178
2	Lembata	2	91.2562527053874	88.8440002617271	93.6685051490476	-1396.4159191844	-7.3688892220387	3	FALSE	87.75	0	0	0
2	Sumba	2	91.2562527053874	88.8440002617271	93.6685051490476	-1396.4159191844	-34.4400110830105	3	FALSE	85.64285714	0	0	0
2	Flores_Bama	2	91.2562527053874	88.8440002617271	93.6685051490476	-1396.4159191844	-19.5136645499348	3	FALSE	80.60714286	0	0	0
2	Flores_Bena	2	91.2562527053874	88.8440002617271	93.6685051490476	-1396.4159191844	-18.6229187180313	3	FALSE	81.28571429	0	0	0
2	Flores_Rampasasa	2	91.2562527053874	88.8440002617271	93.6685051490476	-1396.4159191844	-8.02858841212248	3	FALSE	93.5	0	0	0
2	Flores	1	57.6989047295159	55.4504553883629	59.947354070669	-1396.4159191844	-14.9004027836361	3	FALSE	70.25	0	0	0
2	Pantar	2	91.2562527053874	88.8440002617271	93.6685051490476	-1396.4159191844	-36.0374404247001	3	FALSE	77.39285714	0	0	0
2	Alor_1	1	57.6989047295159	55.4504553883629	59.947354070669	-1396.4159191844	-20.6286334882719	3	FALSE	72.78571429	0	0	0
2	Alor_2	2	91.2562527053874	88.8440002617271	93.6685051490476	-1396.4159191844	-44.7936536156998	3	FALSE	76.21428571	0	0	0
2	Timor_1	1	57.6989047295159	55.4504553883629	59.947354070669	-1396.4159191844	-15.516106307351	3	FALSE	69.14285714	0	0	0
2	Timor_2	1	57.6989047295159	55.4504553883629	59.947354070669	-1396.4159191844	-118.691057786821	3	FALSE	73.39285714	0	0	0
2	Roti	2	91.2562527053874	88.8440002617271	93.6685051490476	-1396.4159191844	-7.09785178646198	3	FALSE	91.10714286	0	0	0
3	WAT001	2	79.8436216532646	77.6006955970743	82.0865477094548	-713.271828509084	-8.03550301944035	3	TRUE	81.191999621847	22.191999621847	19.7762205613415	23.8093035670584
3	WAT002	2	79.8436216532646	77.6006955970743	82.0865477094548	-713.271828509084	-32.815681977356	3	TRUE	80.0773331505204	71.0773331505204	59.4047558239755	72.5650094412342
3	WAT003	2	79.8436216532646	77.6006955970743	82.0865477094548	-713.271828509084	-11.0652128652934	3	TRUE	71.9787097050454	18.9787097050454	18.3655199085129	22.4152912614087
3	NBR003	1	43.0035392850738	39.6355316137246	46.3715469564231	-713.271828509084	-7.88479445628967	3	TRUE	45.6277845502437	11.6277845502437	11.1654025809784	17.607679934608
3	NBR004	1	43.0035392850738	39.6355316137246	46.3715469564231	-713.271828509084	-8.7732329637538	3	TRUE	48.7012379125136	12.7012379125136	11.5788558492377	17.9153698551579
3	NBR005	1	43.0035392850738	39.6355316137246	46.3715469564231	-713.271828509084	-6.82730111566451	3	TRUE	41.9126581464195	11.9126581464195	11.1754042876399	17.0202239744571
3	NBR007	1	43.0035392850738	39.6355316137246	46.3715469564231	-713.271828509084	-9.51371523764364	3	TRUE	48.6982740042731	3.69827400427312	0.2133539901115	14.3871166231111
3	NBR009	2	79.8436216532646	77.6006955970743	82.0865477094548	-713.271828509084	-39.4672028330342	3	TRUE	61.7624150926136	17.7624150926136	11.5963908958139	17.7643394877761
3	NBR010	1	43.0035392850738	39.6355316137246	46.3715469564231	-713.271828509084	-13.3791462449179	3	TRUE	56.2169719095853	11.2169719095853	5.58025112899767	15.26322589986
3	NBR013	1	43.0035392850738	39.6355316137246	46.3715469564231	-713.271828509084	-10.6301165798783	3	TRUE	51.5835279705566	11.5835279705566	11.242575901186	18.0307237119034
3	NBR014	1	43.0035392850738	39.6355316137246	46.3715469564231	-713.271828509084	-11.0306913078872	3	TRUE	52.2313644898374	18.2313644898374	17.8818233147161	19.256181185332
3	NBR015	1	43.0035392850738	39.6355316137246	46.3715469564231	-713.271828509084	-19.2951160877089	3	TRUE	57.2572624550316	17.2572624550316	16.8606611493649	18.8628067801918
3	NBR017	1	43.0035392850738	39.6355316137246	46.3715469564231	-713.271828509084	-12.0723432768707	3	TRUE	51.4739918751142	14.4739918751142	11.5518383471611	17.5692129732625
3	NBR018	1	43.0035392850738	39.6355316137246	46.3715469564231	-713.271828509084	-9.78512387779279	3	TRUE	49.5206060157376	14.5206060157376	11.166182865734	16.2035119692351
3	NBR019	1	43.0035392850738	39.6355316137246	46.3715469564231	-713.271828509084	-17.2233576714433	3	TRUE	57.1974204950502	12.1974204950502	11.2102214265873	16.2949291394094
3	NBR020	1	43.0035392850738	39.6355316137246	46.3715469564231	-713.271828509084	-32.6702487944458	3	TRUE	24.6895621718119	17.6895621718119	11.92460590748	18.1521644398528
3	NBR021	1	43.0035392850738	39.6355316137246	46.3715469564231	-713.271828509084	-6.60460878826575	3	TRUE	41.56964758397	13.56964758397	5.72485280654831	15.0631967730171
3	ERI002	1	43.0035392850738	39.6355316137246	46.3715469564231	-713.271828509084	-18.9523224795666	3	TRUE	30.3618502810432	13.3618502810432	6.41889363915731	15.2633751112337
3	ERI003	1	43.0035392850738	39.6355316137246	46.3715469564231	-713.271828509084	-9.26307766277678	3	TRUE	46.0185048593337	13.0185048593337	11.2150055829092	16.6892155873838
3	ERI004	1	43.0035392850738	39.6355316137246	46.3715469564231	-713.271828509084	-8.47217981017624	3	TRUE	37.7274558409117	9.72745584091172	0.552618262940086	9.87287288985681
3	ERI005	1	43.0035392850738	39.6355316137246	46.3715469564231	-713.271828509084	-18.9356629003579	3	TRUE	35.6102587529458	9.61025875294581	2.68249277689029	9.88038277253509
3	ERI006	1	43.0035392850738	39.6355316137246	46.3715469564231	-713.271828509084	-6.83508531614029	3	TRUE	45.080728584022	15.080728584022	11.2123618939588	16.5599009784823
3	ERI007	1	43.0035392850738	39.6355316137246	46.3715469564231	-713.271828509084	-26.4593594702097	3	TRUE	16.8657454939877	9.86574549398769	0.707454738468837	10.4928924845985
3	ERI008	1	43.0035392850738	39.6355316137246	46.3715469564231	-713.271828509084	-6.97346774731245	3	TRUE	45.549705089136	1.54970508913603	0.22899545649704	10.4207775506266
3	ERI009	1	43.0035392850738	39.6355316137246	46.3715469564231	-713.271828509084	-9.20058598998271	3	TRUE	37.7598171349861	14.7598171349861	11.3771354694864	16.715930961297
3	TIL001	1	43.0035392850738	39.6355316137246	46.3715469564231	-713.271828509084	-13.2639418837014	3	TRUE	33.676105058688	23.676105058688	18.4062125553381	24.5313277491177
3	Aru_Manara_1	3	104.383351418676	100.534525566516	108.232177270835	-713.271828509084	-6.66223473765404	3	TRUE	105.775036077015	77.6678932170151	69.7806233840063	80.5916320027725
3	Tanjung_Pinang	3	104.383351418676	100.534525566516	108.232177270835	-713.271828509084	-8.21202928173042	3	TRUE	104.192483925261	85.8353410652606	73.0843302032678	86.0504296667641
3	Uattamdi	2	79.8436216532646	77.6006955970743	82.0865477094548	-713.271828509084	-22.941277050149	3	TRUE	90.8884637498111	67.2813208898111	66.5904064341635	70.1792149349735
3	Aru_Manara_2	2	79.8436216532646	77.6006955970743	82.0865477094548	-713.271828509084	-13.3041014482649	3	TRUE	91.2154379164528	35.1440093414528	32.2558142368172	35.5753456551614
3	Hiri	1	43.0035392850738	39.6355316137246	46.3715469564231	-713.271828509084	-8.84989167660287	3	TRUE	47.96428571	0	0	0
3	Ternate	1	43.0035392850738	39.6355316137246	46.3715469564231	-713.271828509084	-7.26546906638057	3	TRUE	45.92857143	0	0	0
3	Topogaro	1	43.0035392850738	39.6355316137246	46.3715469564231	-713.271828509084	-18.272344601947	3	TRUE	67.5663348120823	6.10204909808235	5.94139737374382	9.13778495799144
3	undefined	2	79.8436216532646	77.6006955970743	82.0865477094548	-713.271828509084	-14.9091630562201	3	TRUE	69.78571429	0	0	0
3	Bajo	1	43.0035392850738	39.6355316137246	46.3715469564231	-713.271828509084	-19.2774950639304	3	TRUE	58.71428571	0	0	0
3	Liang_Bua	3	104.383351418676	100.534525566516	108.232177270835	-713.271828509084	-5.21476798719228	3	TRUE	104.609825573117	92.4669684331165	91.3006715304792	94.3778378234516
3	Liang_Toge	2	79.8436216532646	77.6006955970743	82.0865477094548	-713.271828509084	-15.0191776063102	3	TRUE	66.7736924970523	31.5236924970523	29.4154011211009	32.0689038212108
3	Komodo	2	79.8436216532646	77.6006955970743	82.0865477094548	-713.271828509084	-13.7058537798963	3	TRUE	87.40660803671	26.3351794667099	24.6466992866908	27.1816869299366
3	Jareng_Bori	2	79.8436216532646	77.6006955970743	82.0865477094548	-713.271828509084	-9.49182640814969	3	TRUE	83.9512984835124	17.2727270535124	15.0773803237614	17.5900038351046
3	Lembata	2	79.8436216532646	77.6006955970743	82.0865477094548	-713.271828509084	-12.780978093658	3	TRUE	87.75	0	0	0
3	Sumba	2	79.8436216532646	77.6006955970743	82.0865477094548	-713.271828509084	-38.5760756825445	3	TRUE	85.64285714	0	0	0
3	Flores_Bama	2	79.8436216532646	77.6006955970743	82.0865477094548	-713.271828509084	-6.0746752968464	3	TRUE	80.60714286	0	0	0
3	Flores_Bena	2	79.8436216532646	77.6006955970743	82.0865477094548	-713.271828509084	-6.25668849767215	3	TRUE	81.28571429	0	0	0
3	Flores_Rampasasa	2	79.8436216532646	77.6006955970743	82.0865477094548	-713.271828509084	-16.2342437811349	3	TRUE	93.5	0	0	0
3	Flores	2	79.8436216532646	77.6006955970743	82.0865477094548	-713.271828509084	-11.9708372153167	3	TRUE	70.25	0	0	0
3	Pantar	2	79.8436216532646	77.6006955970743	82.0865477094548	-713.271828509084	-7.01081876902015	3	TRUE	77.39285714	0	0	0
3	Alor_1	2	79.8436216532646	77.6006955970743	82.0865477094548	-713.271828509084	-9.9871696610994	3	TRUE	72.78571429	0	0	0
3	Alor_2	2	79.8436216532646	77.6006955970743	82.0865477094548	-713.271828509084	-8.43216444005641	3	TRUE	76.21428571	0	0	0
3	Timor_1	2	79.8436216532646	77.6006955970743	82.0865477094548	-713.271828509084	-14.5103665719237	3	TRUE	69.14285714	0	0	0
3	Timor_2	2	79.8436216532646	77.6006955970743	82.0865477094548	-713.271828509084	-28.2567214285873	3	TRUE	73.39285714	0	0	0
3	Roti	2	79.8436216532646	77.6006955970743	82.0865477094548	-713.271828509084	-14.6263769488863	3	TRUE	91.10714286	0	0	0
4	WAT001	3	80.332495680517	78.1950871426776	82.4699042183564	-590.337574558988	-10.0973227572776	3	FALSE	81.7858267923615	22.7858267923615	19.7406757182173	23.8262641331322
4	WAT002	3	80.332495680517	78.1950871426776	82.4699042183564	-590.337574558988	-9.31327598308597	3	FALSE	80.191902372445	71.191902372445	57.8150118539315	72.3423062167896
4	WAT003	2	61.2091116912003	56.6354894657543	65.7827339166463	-590.337574558988	-12.1866211915712	3	FALSE	72.8969051681505	19.8969051681505	18.3348595557793	22.3847916834817
4	NBR003	2	61.2091116912003	56.6354894657543	65.7827339166463	-590.337574558988	-14.4890343117765	3	FALSE	48.1223123723668	14.1223123723668	11.2230438710329	17.6372350574146
4	NBR004	1	37.908093389449	33.9169095449753	41.8992772339228	-590.337574558988	-14.1721619368119	3	FALSE	49.6599789902919	13.6599789902919	11.6111944849778	18.0551332772591
4	NBR005	1	37.908093389449	33.9169095449753	41.8992772339228	-590.337574558988	-11.5656850419867	3	FALSE	46.8195557251336	16.8195557251336	11.1661270286965	16.951350307259
4	NBR007	2	61.2091116912003	56.6354894657543	65.7827339166463	-590.337574558988	-8.46171891059455	3	FALSE	58.585779836867	13.585779836867	0.534402644145302	14.673782625905
4	NBR009	2	61.2091116912003	56.6354894657543	65.7827339166463	-590.337574558988	-6.88087957240314	3	FALSE	61.4840605778954	17.4840605778955	11.7376656376296	17.7725228341407
4	NBR010	2	61.2091116912003	56.6354894657543	65.7827339166463	-590.337574558988	-9.20642452990517	3	FALSE	59.5531224175893	14.5531224175893	5.56270496348428	15.4555991681371
4	NBR013	2	61.2091116912003	56.6354894657543	65.7827339166463	-590.337574558988	-8.56542812386624	3	FALSE	56.5858878182225	16.5858878182225	11.235789951297	18.0099748927703
4	NBR014	2	61.2091116912003	56.6354894657543	65.7827339166463	-590.337574558988	-10.6080484579478	3	FALSE	52.2535734828501	18.2535734828501	17.8951644758608	19.2402755634305
4	NBR015	2	61.2091116912003	56.6354894657543	65.7827339166463	-590.337574558988	-7.89267739250212	3	FALSE	56.9574330438449	16.9574330438449	16.8192025013104	18.8789677855447
4	NBR017	2	61.2091116912003	56.6354894657543	65.7827339166463	-590.337574558988	-11.4588080093589	3	FALSE	53.3807866918933	16.3807866918933	11.5388439532066	17.6049648320673
4	NBR018	1	37.908093389449	33.9169095449753	41.8992772339228	-590.337574558988	-12.3016137733875	3	FALSE	46.7598068121451	11.7598068121451	11.2088891355505	16.2483478619022
4	NBR019	2	61.2091116912003	56.6354894657543	65.7827339166463	-590.337574558988	-7.16161410691922	3	FALSE	59.7084534976621	14.7084534976621	11.2423570608094	16.223565427675
4	NBR020	1	37.908093389449	33.9169095449753	41.8992772339228	-590.337574558988	-29.1523661546117	3	FALSE	20.760427046847	13.760427046847	11.9390488436649	18.1324222416683
4	NBR021	1	37.908093389449	33.9169095449753	41.8992772339228	-590.337574558988	-6.05829614900487	3	FALSE	38.974557266583	10.974557266583	5.58796512006373	15.1553473094105
4	ERI002	1	37.908093389449	33.9169095449753	41.8992772339228	-590.337574558988	-10.9572553229172	3	FALSE	30.0885638414828	13.0885638414828	6.06934221612352	15.1711678354676
4	ERI003	1	37.908093389449	33.9169095449753	41.8992772339228	-590.337574558988	-12.4829033873093	3	FALSE	47.8775916996107	14.8775916996107	11.2329068759292	16.6718623509573
4	ERI004	1	37.908093389449	33.9169095449753	41.8992772339228	-590.337574558988	-8.14846818405524	3	FALSE	33.0034784339368	5.00347843393683	0.431168590090238	9.82010335481027
4	ERI005	1	37.908093389449	33.9169095449753	41.8992772339228	-590.337574558988	-8.77847175727062	3	FALSE	35.4145968114026	9.41459681140259	1.17190027376637	9.88606743823038
4	ERI006	1	37.908093389449	33.9169095449753	41.8992772339228	-590.337574558988	-9.54817129893824	3	FALSE	43.8526809841084	13.8526809841084	11.1931735886431	16.6217028870486
4	ERI007	1	37.908093389449	33.9169095449753	41.8992772339228	-590.337574558988	-22.8406382473904	3	FALSE	15.4266765508356	8.42667655083556	0.360075272725156	10.6225696271495
4	ERI008	2	61.2091116912003	56.6354894657543	65.7827339166463	-590.337574558988	-14.4494890426938	3	FALSE	51.2309660958774	7.23096609587744	0.24913360004167	10.3928462759544
4	ERI009	1	37.908093389449	33.9169095449753	41.8992772339228	-590.337574558988	-6.51626391244079	3	FALSE	35.536294645267	12.536294645267	11.2725936249929	16.7185933427895
4	TIL001	1	37.908093389449	33.9169095449753	41.8992772339228	-590.337574558988	-13.189232334171	3	FALSE	28.4363275511502	18.4363275511502	18.1513914188486	24.5089730116885
4	Aru_Manara_1	4	95.4909435091389	90.5023909619537	100.479496056324	-590.337574558988	-9.80163671151825	3	FALSE	100.191255669692	72.0841128096916	69.7964186513971	81.328792713405
4	Tanjung_Pinang	3	80.332495680517	78.1950871426776	82.4699042183564	-590.337574558988	-9.54958085158538	3	FALSE	80.7894534171559	62.4323105571559	62.3110737482785	86.640212073559
4	Uattamdi	4	95.4909435091389	90.5023909619537	100.479496056324	-590.337574558988	-8.0162772378745	3	FALSE	92.4514787213178	68.8443358613178	66.5713032089733	70.1882921797653
4	Aru_Manara_2	4	95.4909435091389	90.5023909619537	100.479496056324	-590.337574558988	-8.56620980761165	3	FALSE	90.708052529005	34.636623954005	32.308127409828	35.6204313275032
4	Hiri	1	37.908093389449	33.9169095449753	41.8992772339228	-590.337574558988	-16.0584735218213	3	FALSE	47.96428571	0	0	0
4	Ternate	1	37.908093389449	33.9169095449753	41.8992772339228	-590.337574558988	-10.6586956013264	3	FALSE	45.92857143	0	0	0
4	Topogaro	2	61.2091116912003	56.6354894657543	65.7827339166463	-590.337574558988	-13.5493519672968	3	FALSE	69.171285452731	7.70699973873095	5.93818636983121	9.13406584899547
4	undefined	2	61.2091116912003	56.6354894657543	65.7827339166463	-590.337574558988	-12.9307603925859	3	FALSE	69.78571429	0	0	0
4	Bajo	2	61.2091116912003	56.6354894657543	65.7827339166463	-590.337574558988	-7.38916257290459	3	FALSE	58.71428571	0	0	0
4	Liang_Bua	4	95.4909435091389	90.5023909619537	100.479496056324	-590.337574558988	-20.7163198911204	3	FALSE	103.521210528468	91.3783533884678	91.2923238674504	94.3897923246724
4	Liang_Toge	2	61.2091116912003	56.6354894657543	65.7827339166463	-590.337574558988	-8.2005692617874	3	FALSE	65.5775739151053	30.3275739151053	29.4063245071215	32.0335984816239
4	Komodo	4	95.4909435091389	90.5023909619537	100.479496056324	-590.337574558988	-13.2375537899451	3	FALSE	86.0848778947583	25.0134493247582	24.6571061066311	27.1714423377571
4	Jareng_Bori	4	95.4909435091389	90.5023909619537	100.479496056324	-590.337574558988	-12.9547225362613	3	FALSE	83.2355837109685	16.5570122809685	15.0851118772267	17.5723796494204
4	Lembata	4	95.4909435091389	90.5023909619537	100.479496056324	-590.337574558988	-12.9005981844035	3	FALSE	87.75	0	0	0
4	Sumba	3	80.332495680517	78.1950871426776	82.4699042183564	-590.337574558988	-23.9009262060143	3	FALSE	85.64285714	0	0	0
4	Flores_Bama	3	80.332495680517	78.1950871426776	82.4699042183564	-590.337574558988	-6.36714817389855	3	FALSE	80.60714286	0	0	0
4	Flores_Bena	3	80.332495680517	78.1950871426776	82.4699042183564	-590.337574558988	-6.28161688849167	3	FALSE	81.28571429	0	0	0
4	Flores_Rampasasa	4	95.4909435091389	90.5023909619537	100.479496056324	-590.337574558988	-7.55742515622168	3	FALSE	93.5	0	0	0
4	Flores	2	61.2091116912003	56.6354894657543	65.7827339166463	-590.337574558988	-11.0534584066445	3	FALSE	70.25	0	0	0
4	Pantar	3	80.332495680517	78.1950871426776	82.4699042183564	-590.337574558988	-6.98055534180034	3	FALSE	77.39285714	0	0	0
4	Alor_1	2	61.2091116912003	56.6354894657543	65.7827339166463	-590.337574558988	-14.9348468693336	3	FALSE	72.78571429	0	0	0
4	Alor_2	3	80.332495680517	78.1950871426776	82.4699042183564	-590.337574558988	-8.3223944116543	3	FALSE	76.21428571	0	0	0
4	Timor_1	2	61.2091116912003	56.6354894657543	65.7827339166463	-590.337574558988	-10.988643076055	3	FALSE	69.14285714	0	0	0
4	Timor_2	3	80.332495680517	78.1950871426776	82.4699042183564	-590.337574558988	-24.9219788207537	3	FALSE	73.39285714	0	0	0
4	Roti	4	95.4909435091389	90.5023909619537	100.479496056324	-590.337574558988	-8.01579898988077	3	FALSE	91.10714286	0	0	0
