# CLUSTERING STRENGTH + LIKELIHOOD K SELECTION RESULTS (DATES)
# Recommended K: 3
# Method: DATES
# Clustering strength threshold: 0.983
# Likelihood thresholds: k1 to k2(k=2):1.2 k1 to k2(k=3):2.59 k2 to k3:0.71 k3 to k4:0.49
#
model_k	pop	cluster	joint_date_est_best	joint_date_lowerci	joint_date_upperci	likelihood_mean	likelihood_per_ind	recommended_k	is_recommended	ind_date_est	sample_age_est_best	sample_age_lowerci_mean	sample_age_upperci_mean
1	WAT001	1	54.5138465498125	51.9094203863349	57.1182727132901	-803.528569154729	-31.9441403396193	3	FALSE	78.8288381645087	19.8288381645087	19.7096148808439	23.6927172019449
1	WAT002	1	54.5138465498125	51.9094203863349	57.1182727132901	-803.528569154729	-257.148382932299	3	FALSE	66.5316599972593	57.5316599972593	57.5229998313609	58.7173286393025
1	WAT003	1	54.5138465498125	51.9094203863349	57.1182727132901	-803.528569154729	-18.8207439192704	3	FALSE	73.7643684418146	20.7643684418146	18.3382853360756	22.3673650983842
1	NBR003	1	54.5138465498125	51.9094203863349	57.1182727132901	-803.528569154729	-8.70462638995522	3	FALSE	49.1451800821616	15.1451800821616	11.2775392827533	17.6457760687006
1	NBR004	1	54.5138465498125	51.9094203863349	57.1182727132901	-803.528569154729	-6.99267946779804	3	FALSE	53.7444694521519	17.744469452152	11.6002435411972	18.0811349681948
1	NBR005	1	54.5138465498125	51.9094203863349	57.1182727132901	-803.528569154729	-11.2857400009205	3	FALSE	45.7221853100811	15.7221853100811	11.285311198726	17.0365026366981
1	NBR007	1	54.5138465498125	51.9094203863349	57.1182727132901	-803.528569154729	-8.77107686171609	3	FALSE	55.5578790488653	10.5578790488653	0.396673765790183	14.6609044646029
1	NBR009	1	54.5138465498125	51.9094203863349	57.1182727132901	-803.528569154729	-7.05155929398459	3	FALSE	57.0997979366259	13.0997979366259	11.5415503112709	17.6291779187284
1	NBR010	1	54.5138465498125	51.9094203863349	57.1182727132901	-803.528569154729	-10.3678466999703	3	FALSE	50.3901570787689	5.39015707876893	5.60960946901407	15.4367211722457
1	NBR013	1	54.5138465498125	51.9094203863349	57.1182727132901	-803.528569154729	-8.47389116396329	3	FALSE	51.3001062283392	11.3001062283392	11.2947601966565	18.0534594401862
1	NBR014	1	54.5138465498125	51.9094203863349	57.1182727132901	-803.528569154729	-8.20999218912281	3	FALSE	52.8622302570685	18.8622302570685	17.8910743189433	19.2596711249063
1	NBR015	1	54.5138465498125	51.9094203863349	57.1182727132901	-803.528569154729	-7.09502753951641	3	FALSE	57.5804025136664	17.5804025136664	16.8389432056479	18.8703959365344
1	NBR017	1	54.5138465498125	51.9094203863349	57.1182727132901	-803.528569154729	-6.32031307457437	3	FALSE	53.630384360663	16.630384360663	11.5397017483838	17.7312693362701
1	NBR018	1	54.5138465498125	51.9094203863349	57.1182727132901	-803.528569154729	-10.2508992660152	3	FALSE	47.3659791272801	12.3659791272801	11.2460964315638	16.268927098138
1	NBR019	1	54.5138465498125	51.9094203863349	57.1182727132901	-803.528569154729	-7.24870458734872	3	FALSE	56.9039184126271	11.9039184126271	11.2187407010177	16.2805743990803
1	NBR020	1	54.5138465498125	51.9094203863349	57.1182727132901	-803.528569154729	-75.0778176468589	3	FALSE	24.8342817961828	17.8342817961828	12.8436118202371	18.1804006346172
1	NBR021	1	54.5138465498125	51.9094203863349	57.1182727132901	-803.528569154729	-23.7132473527107	3	FALSE	41.4765275174931	13.4765275174931	6.96789207464094	15.2435010501774
1	ERI002	1	54.5138465498125	51.9094203863349	57.1182727132901	-803.528569154729	-45.2692027353738	3	FALSE	32.1682363970802	15.1682363970802	7.912747343678	15.2869907153327
1	ERI003	1	54.5138465498125	51.9094203863349	57.1182727132901	-803.528569154729	-10.908972894168	3	FALSE	46.7394546809628	13.7394546809628	11.2275491544027	16.6250851540833
1	ERI004	1	54.5138465498125	51.9094203863349	57.1182727132901	-803.528569154729	-27.7545850573204	3	FALSE	35.9642212903127	7.96422129031271	0.99232463381486	9.90382882946869
1	ERI005	1	54.5138465498125	51.9094203863349	57.1182727132901	-803.528569154729	-79.0844168171768	3	FALSE	35.85728795873	9.85728795873001	5.57871523546055	9.97986723436043
1	ERI006	1	54.5138465498125	51.9094203863349	57.1182727132901	-803.528569154729	-15.3954780228735	3	FALSE	45.1086592514077	15.1086592514077	11.2839042260457	16.668947438754
1	ERI007	1	54.5138465498125	51.9094203863349	57.1182727132901	-803.528569154729	-44.0849268343179	3	FALSE	17.6229457288199	10.6229457288199	1.22132698846274	10.5728568774599
1	ERI008	1	54.5138465498125	51.9094203863349	57.1182727132901	-803.528569154729	-6.28049956331046	3	FALSE	55.0343198877258	11.0343198877258	0.536343257985904	10.8185938643822
1	ERI009	1	54.5138465498125	51.9094203863349	57.1182727132901	-803.528569154729	-28.9865234879519	3	FALSE	39.6259389172456	16.6259389172456	11.5006306838296	16.6890718559383
1	TIL001	1	54.5138465498125	51.9094203863349	57.1182727132901	-803.528569154729	-38.2872750165927	3	FALSE	34.2664363870906	24.2664363870906	18.6767595921626	24.5982082127774
2	WAT001	2	78.0455705709722	73.6020568474244	82.4890842945201	-371.712656993858	-8.7218860432803	3	FALSE	79.402603929295	20.402603929295	19.7248054780171	23.7818328606676
2	WAT002	2	78.0455705709722	73.6020568474244	82.4890842945201	-371.712656993858	-18.5003047724917	3	FALSE	78.0007099640855	69.0007099640855	57.6725709567573	69.6925392955651
2	WAT003	1	42.9054185369333	39.4043983489809	46.4064387248857	-371.712656993858	-30.2416902797254	3	FALSE	71.5617200342272	18.5617200342272	18.288147035009	22.3840655794405
2	NBR003	1	42.9054185369333	39.4043983489809	46.4064387248857	-371.712656993858	-8.06866566500829	3	FALSE	46.8337457908455	12.8337457908455	11.1900624852816	17.6224143274409
2	NBR004	1	42.9054185369333	39.4043983489809	46.4064387248857	-371.712656993858	-8.10154525846616	3	FALSE	47.8150078897154	11.8150078897154	11.541631732694	17.9028931038599
2	NBR005	1	42.9054185369333	39.4043983489809	46.4064387248857	-371.712656993858	-6.9667977381857	3	FALSE	45.7069094936183	15.7069094936183	11.2198957215088	16.9052121161856
2	NBR007	1	42.9054185369333	39.4043983489809	46.4064387248857	-371.712656993858	-11.0251564485393	3	FALSE	51.8540777137969	6.85407771379687	0.357133075303864	14.2933187776362
2	NBR009	1	42.9054185369333	39.4043983489809	46.4064387248857	-371.712656993858	-23.4422252467547	3	FALSE	55.7842281335474	11.7842281335474	11.6445167471544	17.7363623848349
2	NBR010	1	42.9054185369333	39.4043983489809	46.4064387248857	-371.712656993858	-12.011844665477	3	FALSE	52.5884267524441	7.58842675244408	5.47109089325356	15.4556447206813
2	NBR013	1	42.9054185369333	39.4043983489809	46.4064387248857	-371.712656993858	-12.321254264601	3	FALSE	54.0241718771715	14.0241718771715	11.2270502728702	17.9810038955336
2	NBR014	1	42.9054185369333	39.4043983489809	46.4064387248857	-371.712656993858	-11.7375268931566	3	FALSE	53.2405686347044	19.2405686347044	17.8982369553293	19.2411599252044
2	NBR015	1	42.9054185369333	39.4043983489809	46.4064387248857	-371.712656993858	-20.4718812256034	3	FALSE	57.959677206046	17.959677206046	16.8510125635443	18.8735961030937
2	NBR017	1	42.9054185369333	39.4043983489809	46.4064387248857	-371.712656993858	-11.5181827284182	3	FALSE	51.0845056651724	14.0845056651724	11.5461880184838	17.5984451969411
2	NBR018	1	42.9054185369333	39.4043983489809	46.4064387248857	-371.712656993858	-7.73582765414243	3	FALSE	47.2046418738392	12.2046418738392	11.1765553121945	16.2253643780528
2	NBR019	1	42.9054185369333	39.4043983489809	46.4064387248857	-371.712656993858	-15.9134858170587	3	FALSE	56.3345986602618	11.3345986602618	11.2156791911128	16.3049302170121
2	NBR020	1	42.9054185369333	39.4043983489809	46.4064387248857	-371.712656993858	-33.7581614312798	3	FALSE	24.1552400405041	17.1552400405041	12.0717000320347	18.0874180476048
2	NBR021	1	42.9054185369333	39.4043983489809	46.4064387248857	-371.712656993858	-6.68992349146447	3	FALSE	41.6049649914359	13.6049649914359	5.74423658709595	15.1067765977646
2	ERI002	1	42.9054185369333	39.4043983489809	46.4064387248857	-371.712656993858	-18.2043113084533	3	FALSE	30.5571428647685	13.5571428647685	6.07879441039284	15.2635243776206
2	ERI003	1	42.9054185369333	39.4043983489809	46.4064387248857	-371.712656993858	-9.38817818784636	3	FALSE	44.8356883372855	11.8356883372855	11.1713645673774	16.6087608807231
2	ERI004	1	42.9054185369333	39.4043983489809	46.4064387248857	-371.712656993858	-8.02414347833586	3	FALSE	37.9076837929897	9.9076837929897	0.486471244483255	9.79337851813762
2	ERI005	1	42.9054185369333	39.4043983489809	46.4064387248857	-371.712656993858	-20.5619526023482	3	FALSE	35.7110385051928	9.71103850519285	1.3697489980259	9.93539090501145
2	ERI006	1	42.9054185369333	39.4043983489809	46.4064387248857	-371.712656993858	-6.55739848863397	3	FALSE	42.2789726923005	12.2789726923005	11.1959271439216	16.5579846977656
2	ERI007	1	42.9054185369333	39.4043983489809	46.4064387248857	-371.712656993858	-29.1285926844834	3	FALSE	15.0208315797929	8.02083157979292	0.672194726982728	10.5622557257295
2	ERI008	1	42.9054185369333	39.4043983489809	46.4064387248857	-371.712656993858	-6.58908464077521	3	FALSE	44.8560622074934	0.856062207493367	0.152815556414581	10.6822858498198
2	ERI009	1	42.9054185369333	39.4043983489809	46.4064387248857	-371.712656993858	-14.3001514863839	3	FALSE	34.1720678755773	11.1720678755773	11.2347189580476	16.6421867722291
2	TIL001	1	42.9054185369333	39.4043983489809	46.4064387248857	-371.712656993858	-11.7324844929444	3	FALSE	34.5603284333297	24.5603284333297	18.132989991996	24.5212185899122
3	WAT001	2	55.7878620440693	50.9023515292111	60.6733725589275	-256.307577291459	-33.2662264841563	3	TRUE	80.9903668100905	21.9903668100905	19.7541497144664	23.8429380955682
3	WAT002	3	75.0977608627208	65.769398497471	84.4261232279706	-256.307577291459	-1.67666923510677	3	TRUE	75.0977608627208	66.0977608627208	58.1344725837132	72.9133914284131
3	WAT003	2	55.7878620440693	50.9023515292111	60.6733725589275	-256.307577291459	-15.0679297529155	3	TRUE	71.4264937055673	18.4264937055673	18.3071367673424	22.3517689208232
3	NBR003	2	55.7878620440693	50.9023515292111	60.6733725589275	-256.307577291459	-8.4068580045148	3	TRUE	49.9939402915777	15.9939402915777	11.288265084236	17.7170208953567
3	NBR004	2	55.7878620440693	50.9023515292111	60.6733725589275	-256.307577291459	-7.8117407891717	3	TRUE	50.9590049441594	14.9590049441594	11.6848385044752	17.9850357965464
3	NBR005	2	55.7878620440693	50.9023515292111	60.6733725589275	-256.307577291459	-12.1994380858355	3	TRUE	46.2065284917305	16.2065284917305	11.2790753236899	16.9305306037249
3	NBR007	2	55.7878620440693	50.9023515292111	60.6733725589275	-256.307577291459	-8.72313966544488	3	TRUE	51.4363974449225	6.43639744492248	0.702006478764815	14.508873987972
3	NBR009	2	55.7878620440693	50.9023515292111	60.6733725589275	-256.307577291459	-9.78997437005061	3	TRUE	59.9808251655316	15.9808251655316	11.5263008291318	17.6590140302416
3	NBR010	2	55.7878620440693	50.9023515292111	60.6733725589275	-256.307577291459	-9.77140271591164	3	TRUE	59.1500196497808	14.1500196497808	5.69292372831774	15.3122709283027
3	NBR013	2	55.7878620440693	50.9023515292111	60.6733725589275	-256.307577291459	-7.62120669890346	3	TRUE	57.252502493052	17.252502493052	11.2185519200378	18.0335287334688
3	NBR014	2	55.7878620440693	50.9023515292111	60.6733725589275	-256.307577291459	-7.83944624268727	3	TRUE	52.8843347916107	18.8843347916107	17.8871551911929	19.2514536514253
3	NBR015	2	55.7878620440693	50.9023515292111	60.6733725589275	-256.307577291459	-6.61286695162547	3	TRUE	56.9278183006732	16.9278183006732	16.8558593836925	18.8700150678565
3	NBR017	2	55.7878620440693	50.9023515292111	60.6733725589275	-256.307577291459	-7.33067657299176	3	TRUE	53.3535258405394	16.3535258405394	11.6412176355286	17.6434099342141
3	NBR018	2	55.7878620440693	50.9023515292111	60.6733725589275	-256.307577291459	-9.92040542647807	3	TRUE	49.5369003519422	14.5369003519422	11.2203309379526	16.3421047750204
3	NBR019	2	55.7878620440693	50.9023515292111	60.6733725589275	-256.307577291459	-7.92074409697667	3	TRUE	60.8374092561915	15.8374092561915	11.1867991606152	16.2584231539296
3	NBR020	1	32.2386528370524	27.2141785297125	37.2631271443922	-256.307577291459	-10.3889633868714	3	TRUE	25.0036536105737	18.0036536105737	11.6330644309354	18.0695877339604
3	NBR021	1	32.2386528370524	27.2141785297125	37.2631271443922	-256.307577291459	-6.15853194610721	3	TRUE	33.9516883877993	5.95168838779933	5.63517274828005	14.8060925330477
3	ERI002	1	32.2386528370524	27.2141785297125	37.2631271443922	-256.307577291459	-6.49110082232012	3	TRUE	30.6725835598841	13.6725835598841	5.84474541792722	15.1884123062441
3	ERI003	2	55.7878620440693	50.9023515292111	60.6733725589275	-256.307577291459	-11.127059834461	3	TRUE	46.2965660608756	13.2965660608756	11.2032676104328	16.6516871366124
3	ERI004	1	32.2386528370524	27.2141785297125	37.2631271443922	-256.307577291459	-7.14059508803358	3	TRUE	30.2423799708486	2.24237997084856	0.302864357072394	9.6977882576175
3	ERI005	1	32.2386528370524	27.2141785297125	37.2631271443922	-256.307577291459	-6.76193317057202	3	TRUE	30.9069807608612	4.90698076086119	0.43878976412816	9.74189290800132
3	ERI006	1	32.2386528370524	27.2141785297125	37.2631271443922	-256.307577291459	-17.6923900033167	3	TRUE	43.0074178432532	13.0074178432532	11.2430331097719	16.6412825907882
3	ERI007	1	32.2386528370524	27.2141785297125	37.2631271443922	-256.307577291459	-16.4461200897895	3	TRUE	16.6402531451169	9.64025314511689	0.488441181776614	10.5725575046291
3	ERI008	2	55.7878620440693	50.9023515292111	60.6733725589275	-256.307577291459	-6.98108699770737	3	TRUE	54.5831852458465	10.5831852458465	0.383535521938953	10.7986532036318
3	ERI009	1	32.2386528370524	27.2141785297125	37.2631271443922	-256.307577291459	-6.73834095180433	3	TRUE	35.1740606543675	12.1740606543675	11.2039394713284	16.5965789078589
3	TIL001	1	32.2386528370524	27.2141785297125	37.2631271443922	-256.307577291459	-6.4227299077056	3	TRUE	30.9826969167174	20.9826969167174	18.0072395214387	24.4707119722824
4	WAT001	3	58.1115097087998	51.9987067320555	64.2243126855441	-224.262702464165	-24.5390596661428	3	FALSE	78.8328709376116	19.8328709376116	19.7397015424466	23.8028239489789
4	WAT002	4	68.9043756633693	59.0421147481153	78.7666365786232	-224.262702464165	-1.67666923510677	3	FALSE	68.9043756633693	59.9043756633693	57.8686239467095	72.7859883113552
4	WAT003	3	58.1115097087998	51.9987067320555	64.2243126855441	-224.262702464165	-13.5054353275743	3	FALSE	72.2776941262958	19.2776941262958	18.3318529326081	22.4067340063695
4	NBR003	3	58.1115097087998	51.9987067320555	64.2243126855441	-224.262702464165	-9.39680032986658	3	FALSE	50.1785320057542	16.1785320057542	11.2377095991819	17.6457027545821
4	NBR004	3	58.1115097087998	51.9987067320555	64.2243126855441	-224.262702464165	-8.47293909031284	3	FALSE	52.1482335284804	16.1482335284804	11.5730319504441	18.0545326068264
4	NBR005	2	45.3968257155279	39.5838313073255	51.2098201237302	-224.262702464165	-7.03866354207833	3	FALSE	44.8790018213951	14.8790018213951	11.2102935375901	16.9967612236841
4	NBR007	3	58.1115097087998	51.9987067320555	64.2243126855441	-224.262702464165	-7.73130893157384	3	FALSE	58.4679565869737	13.4679565869737	0.340450805582805	14.5343910146621
4	NBR009	3	58.1115097087998	51.9987067320555	64.2243126855441	-224.262702464165	-10.6731134828958	3	FALSE	59.1616828084687	15.1616828084687	11.5471387824008	17.7048124646828
4	NBR010	3	58.1115097087998	51.9987067320555	64.2243126855441	-224.262702464165	-9.78106710910311	3	FALSE	52.6117422427081	7.61174224270812	5.57678872117169	15.4422701633214
4	NBR013	3	58.1115097087998	51.9987067320555	64.2243126855441	-224.262702464165	-7.19782560830221	3	FALSE	57.3129257936294	17.3129257936294	11.2468251853696	17.9730884913023
4	NBR014	3	58.1115097087998	51.9987067320555	64.2243126855441	-224.262702464165	-8.13914489926058	3	FALSE	52.8438981201222	18.8438981201222	17.8898347048382	19.2497808447979
4	NBR015	3	58.1115097087998	51.9987067320555	64.2243126855441	-224.262702464165	-7.15079498518753	3	FALSE	56.8095826927337	16.8095826927337	16.8454550654512	18.8684641881134
4	NBR017	2	45.3968257155279	39.5838313073255	51.2098201237302	-224.262702464165	-7.4161907819779	3	FALSE	50.4635938079211	13.4635938079211	11.5860466637533	17.6880019352129
4	NBR018	2	45.3968257155279	39.5838313073255	51.2098201237302	-224.262702464165	-6.01843347369868	3	FALSE	48.1862423850343	13.1862423850343	11.2062099469193	16.2689443170867
4	NBR019	3	58.1115097087998	51.9987067320555	64.2243126855441	-224.262702464165	-6.76972011396922	3	FALSE	56.8882831247639	11.8882831247639	11.2002125988112	16.2294382463652
4	NBR020	1	28.5812546305537	22.2058297542272	34.9566795068802	-224.262702464165	-7.42650717827383	3	FALSE	24.7164090144134	17.7164090144134	11.7125430143334	18.0815829452667
4	NBR021	2	45.3968257155279	39.5838313073255	51.2098201237302	-224.262702464165	-5.91725515069094	3	FALSE	42.8744189560129	14.8744189560129	5.62610766795966	15.1709614306944
4	ERI002	1	28.5812546305537	22.2058297542272	34.9566795068802	-224.262702464165	-6.46128627221964	3	FALSE	26.9743308491922	9.97433084919215	5.64466358190064	15.1920073640619
4	ERI003	3	58.1115097087998	51.9987067320555	64.2243126855441	-224.262702464165	-10.5507425472335	3	FALSE	48.8997333349864	15.8997333349864	11.183322226842	16.5687716839877
4	ERI004	1	28.5812546305537	22.2058297542272	34.9566795068802	-224.262702464165	-8.74332270372491	3	FALSE	34.2691813800484	6.26918138004839	0.206880330224521	9.72569218679564
4	ERI005	1	28.5812546305537	22.2058297542272	34.9566795068802	-224.262702464165	-7.28630458187422	3	FALSE	29.6051615630277	3.60516156302765	0.334507027466316	9.66831860231468
4	ERI006	2	45.3968257155279	39.5838313073255	51.2098201237302	-224.262702464165	-5.26804988966109	3	FALSE	45.3788173187574	15.3788173187574	11.2725969728315	16.6992735665242
4	ERI007	1	28.5812546305537	22.2058297542272	34.9566795068802	-224.262702464165	-15.343149939537	3	FALSE	13.8513689044665	6.85136890446654	0.47031271535318	10.4949011666564
4	ERI008	2	45.3968257155279	39.5838313073255	51.2098201237302	-224.262702464165	-6.21956438801917	3	FALSE	48.6147941832763	4.61479418327625	0.446393498232631	10.7908823808938
4	ERI009	2	45.3968257155279	39.5838313073255	51.2098201237302	-224.262702464165	-8.49663124504904	3	FALSE	39.7718437968764	16.7718437968764	11.2258208999308	16.5698070440095
4	TIL001	1	28.5812546305537	22.2058297542272	34.9566795068802	-224.262702464165	-7.04272199083094	3	FALSE	31.7474165400792	21.7474165400792	18.0813264172291	24.4689625588862
