# CLUSTERING STRENGTH + LIKELIHOOD K SELECTION RESULTS (DATES)
# Recommended K: 2
# Method: DATES
# Clustering strength threshold: 0.983
# Likelihood thresholds: k1 to k2(k=2):1.2 k1 to k2(k=3):2.59 k2 to k3:0.71 k3 to k4:0.49
#
model_k	pop	cluster	joint_date_est_best	joint_date_lowerci	joint_date_upperci	likelihood_mean	likelihood_per_ind	recommended_k	is_recommended	ind_date_est	sample_age_est_best	sample_age_lowerci_mean	sample_age_upperci_mean
2	Aru_Manara_1	2	91.3265834937545	88.6099352457972	94.0432317417118	-422.086858366054	-12.5587845435358	2	TRUE	98.4512120622676	70.3440692022676	69.7603917888162	79.8423519629549
2	Tanjung_Pinang	2	91.3265834937545	88.6099352457972	94.0432317417118	-422.086858366054	-18.5666979061858	2	TRUE	91.8932643623091	73.5361215023091	72.7366052261647	79.238964287669
2	Uattamdi	2	91.3265834937545	88.6099352457972	94.0432317417118	-422.086858366054	-5.6189375869362	2	TRUE	90.4358342856402	66.8286914256402	66.5998684814188	70.1938465516605
2	Aru_Manara_2	1	72.103235963973	68.6439937591975	75.5624781687484	-422.086858366054	-18.4944445978177	2	TRUE	88.3349203695884	32.2634917945884	32.2548464057536	35.6405999363728
2	Hiri	1	72.103235963973	68.6439937591975	75.5624781687484	-422.086858366054	-64.7513784403982	2	TRUE	47.96428571	0	0	0
2	Ternate	1	72.103235963973	68.6439937591975	75.5624781687484	-422.086858366054	-49.7803091374416	2	TRUE	45.92857143	0	0	0
2	Topogaro	1	72.103235963973	68.6439937591975	75.5624781687484	-422.086858366054	-13.0785508407972	2	TRUE	67.5802284247801	6.11594271078007	5.96624045788543	9.11807721035601
2	undefined	1	72.103235963973	68.6439937591975	75.5624781687484	-422.086858366054	-6.97122898033826	2	TRUE	69.78571429	0	0	0
2	Bajo	1	72.103235963973	68.6439937591975	75.5624781687484	-422.086858366054	-16.0128633024667	2	TRUE	58.71428571	0	0	0
2	Liang_Bua	2	91.3265834937545	88.6099352457972	94.0432317417118	-422.086858366054	-35.7842849100084	2	TRUE	103.733031632053	91.5901744920527	91.2762123776832	94.3259229804547
2	Liang_Toge	1	72.103235963973	68.6439937591975	75.5624781687484	-422.086858366054	-8.53158579334321	2	TRUE	67.3739235852845	32.1239235852845	29.4248012487777	32.0868450411223
2	Komodo	1	72.103235963973	68.6439937591975	75.5624781687484	-422.086858366054	-14.4198986339509	2	TRUE	87.1026577653131	26.0312291953131	24.6763972102188	27.1796979382362
2	Jareng_Bori	1	72.103235963973	68.6439937591975	75.5624781687484	-422.086858366054	-11.4558137402604	2	TRUE	82.1391523485212	15.4605809185212	15.0686586142812	17.5764239135896
2	Lembata	2	91.3265834937545	88.6099352457972	94.0432317417118	-422.086858366054	-7.4859625196632	2	TRUE	87.75	0	0	0
2	Sumba	2	91.3265834937545	88.6099352457972	94.0432317417118	-422.086858366054	-30.209906442426	2	TRUE	85.64285714	0	0	0
2	Flores_Bama	1	72.103235963973	68.6439937591975	75.5624781687484	-422.086858366054	-15.2444236157803	2	TRUE	80.60714286	0	0	0
2	Flores_Bena	1	72.103235963973	68.6439937591975	75.5624781687484	-422.086858366054	-17.4638007206726	2	TRUE	81.28571429	0	0	0
2	Flores_Rampasasa	2	91.3265834937545	88.6099352457972	94.0432317417118	-422.086858366054	-9.22220734246568	2	TRUE	93.5	0	0	0
2	Flores	1	72.103235963973	68.6439937591975	75.5624781687484	-422.086858366054	-7.43296171136136	2	TRUE	70.25	0	0	0
2	Pantar	1	72.103235963973	68.6439937591975	75.5624781687484	-422.086858366054	-11.4652196529209	2	TRUE	77.39285714	0	0	0
2	Alor_1	1	72.103235963973	68.6439937591975	75.5624781687484	-422.086858366054	-6.88482205481852	2	TRUE	72.78571429	0	0	0
2	Alor_2	1	72.103235963973	68.6439937591975	75.5624781687484	-422.086858366054	-10.2411963632466	2	TRUE	76.21428571	0	0	0
2	Timor_1	1	72.103235963973	68.6439937591975	75.5624781687484	-422.086858366054	-7.29944576680565	2	TRUE	69.14285714	0	0	0
2	Timor_2	1	72.103235963973	68.6439937591975	75.5624781687484	-422.086858366054	-15.1402545615375	2	TRUE	73.39285714	0	0	0
2	Roti	2	91.3265834937545	88.6099352457972	94.0432317417118	-422.086858366054	-7.97187920087536	2	TRUE	91.10714286	0	0	0
3	Aru_Manara_1	3	91.2801672391364	88.471504146368	94.0888303319048	-320.17064719671	-13.5698202799664	2	FALSE	98.7707607527263	70.6636178927264	69.8229617421137	80.8454120164359
3	Tanjung_Pinang	3	91.2801672391364	88.471504146368	94.0888303319048	-320.17064719671	-11.4443293990522	2	FALSE	91.1805478884838	72.8234050284838	72.8299297524477	86.4211168690515
3	Uattamdi	3	91.2801672391364	88.471504146368	94.0888303319048	-320.17064719671	-6.20810355191324	2	FALSE	93.0421634774562	69.4350206174562	66.6134349290757	70.1986796029295
3	Aru_Manara_2	2	77.2702438986186	73.7059322866831	80.8345555105541	-320.17064719671	-13.2434189939659	2	FALSE	88.6487853670509	32.5773567920509	32.2352142973101	35.6146385645377
3	Hiri	1	52.9810529494771	44.4019988222013	61.5601070767529	-320.17064719671	-10.0671025210951	2	FALSE	47.96428571	0	0	0
3	Ternate	1	52.9810529494771	44.4019988222013	61.5601070767529	-320.17064719671	-10.19448175278	2	FALSE	45.92857143	0	0	0
3	Topogaro	1	52.9810529494771	44.4019988222013	61.5601070767529	-320.17064719671	-14.1633541193865	2	FALSE	69.084877002351	7.62059128835099	5.97677830166975	9.14317132220464
3	undefined	2	77.2702438986186	73.7059322866831	80.8345555105541	-320.17064719671	-11.1093386432977	2	FALSE	69.78571429	0	0	0
3	Bajo	1	52.9810529494771	44.4019988222013	61.5601070767529	-320.17064719671	-8.82218251607965	2	FALSE	58.71428571	0	0	0
3	Liang_Bua	3	91.2801672391364	88.471504146368	94.0888303319048	-320.17064719671	-35.3835896434398	2	FALSE	103.602832054086	91.459974914086	91.3058696124798	94.3030954282895
3	Liang_Toge	1	52.9810529494771	44.4019988222013	61.5601070767529	-320.17064719671	-14.3371866212328	2	FALSE	65.9162038212642	30.6662038212642	29.4485735017294	32.0928318787576
3	Komodo	2	77.2702438986186	73.7059322866831	80.8345555105541	-320.17064719671	-13.9022876207145	2	FALSE	87.4925072241668	26.4210786541668	24.665299948686	27.1946120925755
3	Jareng_Bori	2	77.2702438986186	73.7059322866831	80.8345555105541	-320.17064719671	-9.86375235194442	2	FALSE	83.0275841362961	16.3490127062961	15.061747141205	17.5977815083821
3	Lembata	2	77.2702438986186	73.7059322866831	80.8345555105541	-320.17064719671	-17.9267280620237	2	FALSE	87.75	0	0	0
3	Sumba	3	91.2801672391364	88.471504146368	94.0888303319048	-320.17064719671	-27.1222342659103	2	FALSE	85.64285714	0	0	0
3	Flores_Bama	2	77.2702438986186	73.7059322866831	80.8345555105541	-320.17064719671	-7.41441823628366	2	FALSE	80.60714286	0	0	0
3	Flores_Bena	2	77.2702438986186	73.7059322866831	80.8345555105541	-320.17064719671	-8.14138995991801	2	FALSE	81.28571429	0	0	0
3	Flores_Rampasasa	3	91.2801672391364	88.471504146368	94.0888303319048	-320.17064719671	-9.59141003710562	2	FALSE	93.5	0	0	0
3	Flores	2	77.2702438986186	73.7059322866831	80.8345555105541	-320.17064719671	-9.86057812737781	2	FALSE	70.25	0	0	0
3	Pantar	2	77.2702438986186	73.7059322866831	80.8345555105541	-320.17064719671	-6.18776448436794	2	FALSE	77.39285714	0	0	0
3	Alor_1	2	77.2702438986186	73.7059322866831	80.8345555105541	-320.17064719671	-8.16576072760869	2	FALSE	72.78571429	0	0	0
3	Alor_2	2	77.2702438986186	73.7059322866831	80.8345555105541	-320.17064719671	-6.49106155977317	2	FALSE	76.21428571	0	0	0
3	Timor_1	2	77.2702438986186	73.7059322866831	80.8345555105541	-320.17064719671	-11.2114429176576	2	FALSE	69.14285714	0	0	0
3	Timor_2	2	77.2702438986186	73.7059322866831	80.8345555105541	-320.17064719671	-17.2462764449399	2	FALSE	73.39285714	0	0	0
3	Roti	2	77.2702438986186	73.7059322866831	80.8345555105541	-320.17064719671	-18.5026343588755	2	FALSE	91.10714286	0	0	0
4	Aru_Manara_1	4	96.4351388019274	91.348138714575	101.52213888928	-235.499964144611	-10.3699126778082	2	FALSE	101.712207303266	73.605064443266	69.8689958989533	81.5045925142593
4	Tanjung_Pinang	3	85.7607544697791	82.59050901931	88.9309999202482	-235.499964144611	-1.98067548837022	2	FALSE	85.8231133880094	67.4659705280094	64.9177537210449	87.0179460918997
4	Uattamdi	4	96.4351388019274	91.348138714575	101.52213888928	-235.499964144611	-8.0012790504072	2	FALSE	93.1498245322518	69.5426816722518	66.6015309264382	70.1578871136251
4	Aru_Manara_2	4	96.4351388019274	91.348138714575	101.52213888928	-235.499964144611	-8.98535470838318	2	FALSE	90.8601222383409	34.7886936633409	32.2539660846695	35.6159772330332
4	Hiri	1	49.8469910198026	40.3206427787686	59.3733392608367	-235.499964144611	-6.41716662070318	2	FALSE	47.96428571	0	0	0
4	Ternate	1	49.8469910198026	40.3206427787686	59.3733392608367	-235.499964144611	-7.1238041079239	2	FALSE	45.92857143	0	0	0
4	Topogaro	2	74.99535481336	71.2131458661251	78.777563760595	-235.499964144611	-13.4423143799333	2	FALSE	69.3020832809061	7.83779756690608	5.93636125849979	9.12593408622546
4	undefined	2	74.99535481336	71.2131458661251	78.777563760595	-235.499964144611	-8.71477935329905	2	FALSE	69.78571429	0	0	0
4	Bajo	1	49.8469910198026	40.3206427787686	59.3733392608367	-235.499964144611	-10.9702017990583	2	FALSE	58.71428571	0	0	0
4	Liang_Bua	4	96.4351388019274	91.348138714575	101.52213888928	-235.499964144611	-17.5775459200596	2	FALSE	103.587915404835	91.4450582648348	91.3371714394502	94.3525697329472
4	Liang_Toge	2	74.99535481336	71.2131458661251	78.777563760595	-235.499964144611	-10.9580403579615	2	FALSE	66.2348517367616	30.9848517367616	29.4349422518606	32.0689062575391
4	Komodo	4	96.4351388019274	91.348138714575	101.52213888928	-235.499964144611	-13.2595002709303	2	FALSE	87.1849206926953	26.1134921226953	24.6636383331412	27.2010552794752
4	Jareng_Bori	2	74.99535481336	71.2131458661251	78.777563760595	-235.499964144611	-10.5008049878269	2	FALSE	82.764440628062	16.085869198062	15.0536640104163	17.5839216904626
4	Lembata	4	96.4351388019274	91.348138714575	101.52213888928	-235.499964144611	-14.4528207895494	2	FALSE	87.75	0	0	0
4	Sumba	3	85.7607544697791	82.59050901931	88.9309999202482	-235.499964144611	-3.30188711621278	2	FALSE	85.64285714	0	0	0
4	Flores_Bama	2	74.99535481336	71.2131458661251	78.777563760595	-235.499964144611	-10.0040409458133	2	FALSE	80.60714286	0	0	0
4	Flores_Bena	2	74.99535481336	71.2131458661251	78.777563760595	-235.499964144611	-11.3179755885259	2	FALSE	81.28571429	0	0	0
4	Flores_Rampasasa	4	96.4351388019274	91.348138714575	101.52213888928	-235.499964144611	-7.8425263940217	2	FALSE	93.5	0	0	0
4	Flores	2	74.99535481336	71.2131458661251	78.777563760595	-235.499964144611	-8.49305395966195	2	FALSE	70.25	0	0	0
4	Pantar	2	74.99535481336	71.2131458661251	78.777563760595	-235.499964144611	-7.33595298395491	2	FALSE	77.39285714	0	0	0
4	Alor_1	2	74.99535481336	71.2131458661251	78.777563760595	-235.499964144611	-7.21398797987817	2	FALSE	72.78571429	0	0	0
4	Alor_2	2	74.99535481336	71.2131458661251	78.777563760595	-235.499964144611	-6.8380365209327	2	FALSE	76.21428571	0	0	0
4	Timor_1	2	74.99535481336	71.2131458661251	78.777563760595	-235.499964144611	-9.04669906832587	2	FALSE	69.14285714	0	0	0
4	Timor_2	2	74.99535481336	71.2131458661251	78.777563760595	-235.499964144611	-12.7459421680366	2	FALSE	73.39285714	0	0	0
4	Roti	4	96.4351388019274	91.348138714575	101.52213888928	-235.499964144611	-8.60566090703319	2	FALSE	91.10714286	0	0	0
