# CLUSTERING STRENGTH + LIKELIHOOD K SELECTION RESULTS (DATES)
# Recommended K: 4+
# Method: DATES
# Clustering strength threshold: 0.983
# Likelihood thresholds: k1 to k2(k=2):1.2 k1 to k2(k=3):2.59 k2 to k3:0.71 k3 to k4:0.49
#
model_k	pop	cluster	joint_date_est_best	joint_date_lowerci	joint_date_upperci	likelihood_mean	likelihood_per_ind	recommended_k	is_recommended	ind_date_est	sample_age_est_best	sample_age_lowerci_mean	sample_age_upperci_mean
1	I0706	1	284.152506238724	280.794966004661	287.510046472787	-2206.46366223654	-357.266066028225	4+	FALSE	293.873784179507	279.120784179507	278.497577571913	282.820721993276
1	I1113	1	284.152506238724	280.794966004661	287.510046472787	-2206.46366223654	-574.74529148785	4+	FALSE	287.74484511159	281.41084511159	281.400891609681	285.820046459733
1	I1295	1	284.152506238724	280.794966004661	287.510046472787	-2206.46366223654	-145.020252075461	4+	FALSE	295.261126870463	274.105126870463	274.090422216685	279.333218285438
1	I1297	1	284.152506238724	280.794966004661	287.510046472787	-2206.46366223654	-349.872722133165	4+	FALSE	292.067463074526	270.783463074526	270.779731215265	274.028862085697
1	I4167	1	284.152506238724	280.794966004661	287.510046472787	-2206.46366223654	-22.8983080332377	4+	FALSE	334.024199755533	236.953199755533	232.431345859776	240.471849335407
1	I5079	1	284.152506238724	280.794966004661	287.510046472787	-2206.46366223654	-57.2257756499627	4+	FALSE	224.741850120708	199.771850120708	183.75104928435	199.889870983615
1	ANI159-ANI181	1	284.152506238724	280.794966004661	287.510046472787	-2206.46366223654	-528.362909290631	4+	FALSE	241.324458712241	237.951458712241	235.792487997532	237.981493665305
1	I0781	1	284.152506238724	280.794966004661	287.510046472787	-2206.46366223654	-22.867169482927	4+	FALSE	418.977246007411	230.139246007411	225.818051967918	231.523633167929
1	I2423	1	284.152506238724	280.794966004661	287.510046472787	-2206.46366223654	-22.5967704595243	4+	FALSE	296.115821098481	225.738821098481	225.287332653998	231.441910491277
1	I2425	1	284.152506238724	280.794966004661	287.510046472787	-2206.46366223654	-35.7402199369943	4+	FALSE	255.438909606403	234.833909606403	227.426030640929	236.50571311811
1	I2792	1	284.152506238724	280.794966004661	287.510046472787	-2206.46366223654	-40.4685424881685	4+	FALSE	235.727504227624	171.874504227624	162.352925530221	172.064153315122
1	I4089	1	284.152506238724	280.794966004661	287.510046472787	-2206.46366223654	-49.3996351703943	4+	FALSE	232.990032238652	204.067032238652	199.778012842913	204.029695991729
2	I0706	2	293.668253058321	289.916747148483	297.419758968159	-530.203494872481	-5.98969742447937	4+	FALSE	293.4219755192	278.6689755192	278.571016791716	284.526528858983
2	I1113	2	293.668253058321	289.916747148483	297.419758968159	-530.203494872481	-9.01436316351256	4+	FALSE	292.908531201772	286.574531201772	281.766811883983	286.558372340155
2	I1295	2	293.668253058321	289.916747148483	297.419758968159	-530.203494872481	-6.34670025631237	4+	FALSE	295.921485374007	274.765485374007	274.13510128213	279.585890778348
2	I1297	2	293.668253058321	289.916747148483	297.419758968159	-530.203494872481	-6.08047251771263	4+	FALSE	294.137105145839	272.853105145839	270.858534721471	274.24629027769
2	I4167	1	241.164857859866	232.348738440124	249.980977279608	-530.203494872481	-49.4944774163575	4+	FALSE	329.706315551822	232.635315551822	232.367219939778	240.538400926693
2	I5079	1	241.164857859866	232.348738440124	249.980977279608	-530.203494872481	-25.5965477636819	4+	FALSE	224.408800724007	199.438800724007	181.779065633685	199.763066969776
2	ANI159-ANI181	1	241.164857859866	232.348738440124	249.980977279608	-530.203494872481	-312.886297272	4+	FALSE	240.222536532536	236.849536532536	230.734264760086	237.856237461667
2	I0781	1	241.164857859866	232.348738440124	249.980977279608	-530.203494872481	-23.2968216018642	4+	FALSE	419.220606858138	230.382606858138	225.720506584415	231.554364774182
2	I2423	2	293.668253058321	289.916747148483	297.419758968159	-530.203494872481	-11.3990371415086	4+	FALSE	297.331167604463	226.954167604463	225.32578238054	231.433465137314
2	I2425	1	241.164857859866	232.348738440124	249.980977279608	-530.203494872481	-33.8437496089484	4+	FALSE	249.273137081508	228.668137081508	227.295844962581	236.250690871337
2	I2792	1	241.164857859866	232.348738440124	249.980977279608	-530.203494872481	-21.6455279974625	4+	FALSE	234.085940912579	170.232940912579	162.059410431032	171.968349421144
2	I4089	1	241.164857859866	232.348738440124	249.980977279608	-530.203494872481	-24.6098027086411	4+	FALSE	232.053279102354	203.130279102354	199.745720598543	204.00563835142
3	I0706	2	293.121603671121	289.371341123422	296.87186621882	-171.852351173486	-5.98925624128008	4+	FALSE	293.365407058494	278.612407058494	278.556367045751	284.32095546824
3	I1113	2	293.121603671121	289.371341123422	296.87186621882	-171.852351173486	-8.97471314198187	4+	FALSE	292.404243405278	286.070243405278	281.798513322636	286.593967066382
3	I1295	2	293.121603671121	289.371341123422	296.87186621882	-171.852351173486	-6.23682978180253	4+	FALSE	295.200163879938	274.044163879938	274.182678324813	279.594980331295
3	I1297	2	293.121603671121	289.371341123422	296.87186621882	-171.852351173486	-5.9995579999659	4+	FALSE	293.130029317705	271.846029317705	270.844359333432	274.228105072303
3	I4167	3	332.489594385712	268.470830573925	396.508358197499	-171.852351173486	-35.7302750146077	4+	FALSE	330.578769754024	233.507769754024	232.389167485293	240.593909042588
3	I5079	1	235.625931962726	226.675224206045	244.576639719406	-171.852351173486	-11.1654455722269	4+	FALSE	223.931729395245	198.961729395245	181.52685822568	199.795327493931
3	ANI159-ANI181	1	235.625931962726	226.675224206045	244.576639719406	-171.852351173486	-37.4774462937531	4+	FALSE	235.723588232678	232.350588232678	230.762700942944	237.765252447045
3	I0781	3	332.489594385712	268.470830573925	396.508358197499	-171.852351173486	-18.3295142747119	4+	FALSE	414.81124764075	225.97324764075	225.767142668063	231.541828859786
3	I2423	2	293.121603671121	289.371341123422	296.87186621882	-171.852351173486	-11.3292688687783	4+	FALSE	296.256539015836	225.879539015836	225.303587705967	231.485093638233
3	I2425	1	235.625931962726	226.675224206045	244.576639719406	-171.852351173486	-11.0487566696511	4+	FALSE	247.71345815693	227.10845815693	227.247887073355	236.251540937606
3	I2792	1	235.625931962726	226.675224206045	244.576639719406	-171.852351173486	-10.0249531174996	4+	FALSE	231.077981293282	167.224981293282	162.273972276124	171.917080745548
3	I4089	1	235.625931962726	226.675224206045	244.576639719406	-171.852351173486	-9.54633419722728	4+	FALSE	230.86887247546	201.94587247546	199.754272583798	203.996217347433
4	I0706	3	293.795700653949	290.049050540879	297.542350767018	-136.294020053196	-6.31245515016584	4+	TRUE	294.769204743447	280.016204743447	278.570081443031	284.430783079991
4	I1113	3	293.795700653949	290.049050540879	297.542350767018	-136.294020053196	-9.37799066842493	4+	TRUE	292.722846291495	286.388846291495	281.817085091231	286.565759903908
4	I1295	3	293.795700653949	290.049050540879	297.542350767018	-136.294020053196	-6.0012117835708	4+	TRUE	295.438194384423	274.282194384423	274.192224486441	279.614746573249
4	I1297	3	293.795700653949	290.049050540879	297.542350767018	-136.294020053196	-6.01103237957319	4+	TRUE	293.618970271714	272.334970271714	270.824103017687	274.210400964458
4	I4167	4	336.888800820566	272.872230618758	400.905371022373	-136.294020053196	-35.7292001122884	4+	TRUE	335.040277702937	237.969277702937	232.471010542209	240.559680910897
4	I5079	1	227.876947747443	204.723733191538	251.030162303348	-136.294020053196	-7.47686537456005	4+	TRUE	222.622721289171	197.652721289171	181.46172215947	199.640590350201
4	ANI159-ANI181	2	241.063924808911	231.026032455394	251.101817162429	-136.294020053196	-8.62741770467168	4+	TRUE	240.357002740122	236.984002740122	230.799580036091	237.872198418448
4	I0781	4	336.888800820566	272.872230618758	400.905371022373	-136.294020053196	-18.2832056106156	4+	TRUE	416.526396338091	227.688396338091	225.799760394821	231.554902486255
4	I2423	3	293.795700653949	290.049050540879	297.542350767018	-136.294020053196	-12.3299149048414	4+	TRUE	301.625422409191	231.248422409191	225.249732469132	231.426998431144
4	I2425	2	241.063924808911	231.026032455394	251.101817162429	-136.294020053196	-10.6203042891943	4+	TRUE	248.170022782614	227.565022782614	227.235321189575	236.243211121306
4	I2792	1	227.876947747443	204.723733191538	251.030162303348	-136.294020053196	-7.79659540044346	4+	TRUE	228.709354586081	164.856354586081	161.986138295988	171.877899776547
4	I4089	1	227.876947747443	204.723733191538	251.030162303348	-136.294020053196	-7.72782667484637	4+	TRUE	232.023765292475	203.100765292475	199.76651333129	203.928708817273
