# CLUSTERING STRENGTH + LIKELIHOOD K SELECTION RESULTS (DATES)
# Recommended K: 1
# Method: DATES
# Clustering strength threshold: 0.983
# Likelihood thresholds: k1 to k2(k=2):1.2 k1 to k2(k=3):2.59 k2 to k3:0.71 k3 to k4:0.49
#
model_k	pop	cluster	joint_date_est_best	joint_date_lowerci	joint_date_upperci	likelihood_mean	likelihood_per_ind	recommended_k	is_recommended	ind_date_est	sample_age_est_best	sample_age_lowerci_mean	sample_age_upperci_mean
1	ASH3.SG	1	243.837679878447	240.389552011062	247.285807745831	-1076.21858244762	-12.1539590639594	1	TRUE	242.683882869582	202.266882869582	196.05141813603	203.864424664898
1	PB357.SG	1	243.837679878447	240.389552011062	247.285807745831	-1076.21858244762	-11.3044863342883	1	TRUE	253.740769270063	195.648769270063	195.755648695519	200.018587081194
1	PN112.SG	1	243.837679878447	240.389552011062	247.285807745831	-1076.21858244762	-19.8266721234085	1	TRUE	268.189685160301	198.106685160301	195.805021103579	201.623580031874
1	PN13.SG	1	243.837679878447	240.389552011062	247.285807745831	-1076.21858244762	-14.4115085000133	1	TRUE	229.745698482683	200.216698482683	195.944553593506	201.99013766703
1	PN04.SG	1	243.837679878447	240.389552011062	247.285807745831	-1076.21858244762	-28.9233900608616	1	TRUE	283.297446386225	200.154446386225	200.315703169693	210.202245237275
1	PN05.SG	1	243.837679878447	240.389552011062	247.285807745831	-1076.21858244762	-12.9229382304611	1	TRUE	246.125725853179	206.463725853179	200.279483788177	210.174040435249
1	PN107.SG	1	243.837679878447	240.389552011062	247.285807745831	-1076.21858244762	-9.73190802752392	1	TRUE	237.852141623662	205.077141623662	200.396029417452	209.916383854488
1	PN10_PN113.SG	1	243.837679878447	240.389552011062	247.285807745831	-1076.21858244762	-37.2656251311924	1	TRUE	258.14170449651	201.92370449651	200.27911023111	208.885598238074
1	CAK530.SG	1	243.837679878447	240.389552011062	247.285807745831	-1076.21858244762	-22.971468684007	1	TRUE	290.343690218944	164.496690218944	163.775475604324	172.293763377439
1	CAK531.SG	1	243.837679878447	240.389552011062	247.285807745831	-1076.21858244762	-48.2424384751453	1	TRUE	215.039893186452	170.546893186452	163.996082066492	172.519291776565
1	CAK532.SG	1	243.837679878447	240.389552011062	247.285807745831	-1076.21858244762	-11.754768525413	1	TRUE	257.165766025434	173.690766025434	172.924400633756	177.096371604171
1	CAK533.SG	1	243.837679878447	240.389552011062	247.285807745831	-1076.21858244762	-13.4684413604667	1	TRUE	229.696075783878	179.400075783878	173.509363557896	179.764123591997
1	CAK68.SG	1	243.837679878447	240.389552011062	247.285807745831	-1076.21858244762	-26.4985502280342	1	TRUE	221.614992175077	168.423992175077	159.366391819915	170.684276190853
1	bally.SG	1	243.837679878447	240.389552011062	247.285807745831	-1076.21858244762	-13.9673026704379	1	TRUE	264.95917283145	184.76417283145	177.451615988854	188.66770081258
1	bal004.SG	1	243.837679878447	240.389552011062	247.285807745831	-1076.21858244762	-9.76866794423022	1	TRUE	250.404709538245	184.602709538245	180.654653450541	189.604588144703
1	lai001.SG	1	243.837679878447	240.389552011062	247.285807745831	-1076.21858244762	-13.2521538035506	1	TRUE	238.859938745883	181.374938745883	180.679799405724	189.594815864905
1	mid001.SG	1	243.837679878447	240.389552011062	247.285807745831	-1076.21858244762	-22.695647279788	1	TRUE	329.410111521699	189.252111521699	180.743240341679	189.516710162129
1	mid002.SG	1	243.837679878447	240.389552011062	247.285807745831	-1076.21858244762	-13.3208506871403	1	TRUE	250.210940419191	193.532940419191	190.252982751658	198.700447376586
1	I2630	1	243.837679878447	240.389552011062	247.285807745831	-1076.21858244762	-23.2150643257826	1	TRUE	266.986056224613	158.262056224613	157.695223286181	162.940018012753
1	I2631	1	243.837679878447	240.389552011062	247.285807745831	-1076.21858244762	-19.9659822570913	1	TRUE	185.459152608804	174.656152608804	173.796755560592	185.876424744846
1	I2633	1	243.837679878447	240.389552011062	247.285807745831	-1076.21858244762	-8.96483640206776	1	TRUE	244.006403689362	201.601403689362	199.686663647615	204.074400039519
1	I2634	1	243.837679878447	240.389552011062	247.285807745831	-1076.21858244762	-11.474403073637	1	TRUE	255.142860581091	198.594860581091	195.800988689235	201.789678158114
1	I2635	1	243.837679878447	240.389552011062	247.285807745831	-1076.21858244762	-12.6145816616792	1	TRUE	234.836187529993	197.975187529993	195.339854148102	199.778767688584
1	I2636	1	243.837679878447	240.389552011062	247.285807745831	-1076.21858244762	-22.9117930413678	1	TRUE	218.576563001549	192.699563001549	190.015805287232	195.089937000719
1	I2637	1	243.837679878447	240.389552011062	247.285807745831	-1076.21858244762	-9.6726767520163	1	TRUE	239.311813899038	189.906813899038	189.024148340353	194.884135913486
1	I2650	1	243.837679878447	240.389552011062	247.285807745831	-1076.21858244762	-25.2041002104649	1	TRUE	233.723632888279	192.247632888279	189.797113753988	194.538724068918
1	I2651	1	243.837679878447	240.389552011062	247.285807745831	-1076.21858244762	-9.72757677906386	1	TRUE	243.775663461692	184.474663461692	180.23186663006	188.281756090666
1	I2657	1	243.837679878447	240.389552011062	247.285807745831	-1076.21858244762	-25.2244850491708	1	TRUE	236.623063462456	209.601063462456	204.793340701661	210.76781243288
1	I2659	1	243.837679878447	240.389552011062	247.285807745831	-1076.21858244762	-47.0945799116862	1	TRUE	212.965111719571	203.558111719571	199.85415066367	204.06961434525
1	I2932	1	243.837679878447	240.389552011062	247.285807745831	-1076.21858244762	-9.74846257810299	1	TRUE	250.390143447787	154.613143447787	153.711532721343	161.20210487796
1	I2933	1	243.837679878447	240.389552011062	247.285807745831	-1076.21858244762	-27.2781949534077	1	TRUE	214.360879890071	175.909879890071	172.819385635726	177.09946908181
1	I2934	1	243.837679878447	240.389552011062	247.285807745831	-1076.21858244762	-11.9177565038706	1	TRUE	255.99535582189	187.70635582189	177.883444675331	188.558142670489
1	I2935	1	243.837679878447	240.389552011062	247.285807745831	-1076.21858244762	-12.4877746288832	1	TRUE	252.687906779169	175.512906779169	174.792144918947	187.815526531427
1	I2977	1	243.837679878447	240.389552011062	247.285807745831	-1076.21858244762	-11.0856900991025	1	TRUE	233.517448777941	173.527448777941	166.616668788866	176.957875461694
1	I2978	1	243.837679878447	240.389552011062	247.285807745831	-1076.21858244762	-18.7112199971392	1	TRUE	291.608971857757	185.417971857757	177.879815987549	188.530800783828
1	I2979	1	243.837679878447	240.389552011062	247.285807745831	-1076.21858244762	-10.8239803433417	1	TRUE	233.475406008767	185.304406008767	175.076905674156	188.49314452927
1	I2980	1	243.837679878447	240.389552011062	247.285807745831	-1076.21858244762	-10.4011266789743	1	TRUE	239.266359244865	188.703359244865	180.660744750526	189.654107604775
1	I2988	1	243.837679878447	240.389552011062	247.285807745831	-1076.21858244762	-29.3889571091086	1	TRUE	272.434999624653	190.634999624653	189.839574566669	195.020307895112
1	I3085	1	243.837679878447	240.389552011062	247.285807745831	-1076.21858244762	-10.6696698306809	1	TRUE	253.851791722874	180.240791722874	178.095273632051	188.56905190811
1	I3133	1	243.837679878447	240.389552011062	247.285807745831	-1076.21858244762	-36.2298639208925	1	TRUE	270.994281809928	191.695281809928	190.360148536364	198.703695073227
1	I3134	1	243.837679878447	240.389552011062	247.285807745831	-1076.21858244762	-11.9055079897739	1	TRUE	228.893198458901	198.251198458901	190.507099259531	199.105850198647
1	I3136	1	243.837679878447	240.389552011062	247.285807745831	-1076.21858244762	-11.5898699428007	1	TRUE	250.505067047175	191.334067047175	190.137011526464	195.094104017021
1	I3138	1	243.837679878447	240.389552011062	247.285807745831	-1076.21858244762	-24.5449053960407	1	TRUE	211.479283206496	184.007283206496	174.936813610166	187.760421036222
1	I5370	1	243.837679878447	240.389552011062	247.285807745831	-1076.21858244762	-10.1721012289008	1	TRUE	240.08615775715	199.20015775715	188.778716814268	211.910897254711
1	I5371	1	243.837679878447	240.389552011062	247.285807745831	-1076.21858244762	-13.042182405634	1	TRUE	231.858787229493	211.507787229493	192.90153943628	212.304453396937
1	I6764	1	243.837679878447	240.389552011062	247.285807745831	-1076.21858244762	-9.35681972604726	1	TRUE	240.547979017015	181.994979017015	161.05131353815	203.677483518113
1	I7554	1	243.837679878447	240.389552011062	247.285807745831	-1076.21858244762	-10.2604117394584	1	TRUE	243.906593832046	185.951593832046	180.661085402311	189.622407407031
1	I3040.SG	1	243.837679878447	240.389552011062	247.285807745831	-1076.21858244762	-9.65526671576718	1	TRUE	237.656824289805	197.517824289805	194.748344686419	199.833731719596
1	I5374.SG	1	243.837679878447	240.389552011062	247.285807745831	-1076.21858244762	-24.9121109871477	1	TRUE	345.633921980355	162.482921980355	157.617846437772	164.463245061828
1	I5387.SG	1	243.837679878447	240.389552011062	247.285807745831	-1076.21858244762	-15.8459738678471	1	TRUE	212.362735828227	187.400735828227	160.503414359243	186.83918857631
1	I6746.SG	1	243.837679878447	240.389552011062	247.285807745831	-1076.21858244762	-11.0050402732115	1	TRUE	251.606748410735	193.529748410735	190.671589742955	201.199204641654
1	I6747.SG	1	243.837679878447	240.389552011062	247.285807745831	-1076.21858244762	-9.85375621147966	1	TRUE	244.829798928043	199.195798928043	195.683472628921	199.682845529406
1	I6750.SG	1	243.837679878447	240.389552011062	247.285807745831	-1076.21858244762	-10.8759801929594	1	TRUE	254.910281542186	203.870281542186	198.351885504755	205.110682912678
1	I6751.SG	1	243.837679878447	240.389552011062	247.285807745831	-1076.21858244762	-12.3932946722188	1	TRUE	260.604803216913	199.811803216913	198.387438220712	205.092063035617
1	I6753.SG	1	243.837679878447	240.389552011062	247.285807745831	-1076.21858244762	-20.2888126656457	1	TRUE	251.552650568201	185.451650568201	176.475878348502	193.367418525294
1	I6755.SG	1	243.837679878447	240.389552011062	247.285807745831	-1076.21858244762	-9.11197161276082	1	TRUE	246.151649707319	196.270649707319	195.706666880545	199.651853281113
1	I6757.SG	1	243.837679878447	240.389552011062	247.285807745831	-1076.21858244762	-13.4379197957288	1	TRUE	259.505138447104	191.910138447104	190.469198580675	199.290437828751
1	I6759.SG	1	243.837679878447	240.389552011062	247.285807745831	-1076.21858244762	-36.6252545810441	1	TRUE	293.998042780979	195.822042780979	195.619275045212	199.567131323841
1	I6760.SG	1	243.837679878447	240.389552011062	247.285807745831	-1076.21858244762	-11.6804815685537	1	TRUE	257.954058583017	204.528058583017	202.296456719972	210.323722701239
1	I6761.SG	1	243.837679878447	240.389552011062	247.285807745831	-1076.21858244762	-10.7544242233135	1	TRUE	243.170600662627	199.210600662627	194.818798097112	199.827470661569
1	I6762.SG	1	243.837679878447	240.389552011062	247.285807745831	-1076.21858244762	-11.5097014283809	1	TRUE	237.362053772737	208.055053772737	195.901294398105	212.189897709426
1	SB338B2_lib.SG	1	243.837679878447	240.389552011062	247.285807745831	-1076.21858244762	-11.7228587825483	1	TRUE	241.215630981945	202.733630981945	199.858406697915	204.591981767294
1	SB379D2_lib.SG	1	243.837679878447	240.389552011062	247.285807745831	-1076.21858244762	-9.08946892240776	1	TRUE	246.206124943067	197.143124943067	195.736964925791	199.821685041949
1	SB379D2_lib.SG	1	243.837679878447	240.389552011062	247.285807745831	-1076.21858244762	-9.29091428049865	1	TRUE	247.692604404792	198.629604404792	195.772392967383	199.82736645762
2	ASH3.SG	1	235.407144186716	231.269946809604	239.544341563828	-846.490073467627	-8.89174674656892	1	FALSE	238.950452316387	198.533452316387	196.039032323452	203.755217583169
2	PB357.SG	2	263.815684261523	257.557571871066	270.073796651979	-846.490073467627	-11.450427233813	1	FALSE	257.683122892818	199.591122892818	195.733265973411	200.002966163405
2	PN112.SG	2	263.815684261523	257.557571871066	270.073796651979	-846.490073467627	-10.9985369543991	1	FALSE	271.39266465832	201.30966465832	195.961376618789	201.679274655826
2	PN13.SG	1	235.407144186716	231.269946809604	239.544341563828	-846.490073467627	-9.11107619327103	1	FALSE	229.529602053695	200.000602053695	195.82229027185	201.944463534719
2	PN04.SG	2	263.815684261523	257.557571871066	270.073796651979	-846.490073467627	-19.0439060383844	1	FALSE	291.137253827367	207.994253827367	200.415683336929	210.014924112586
2	PN05.SG	1	235.407144186716	231.269946809604	239.544341563828	-846.490073467627	-16.9059676863508	1	FALSE	247.121752467344	207.459752467344	200.128653170541	210.176671165807
2	PN107.SG	1	235.407144186716	231.269946809604	239.544341563828	-846.490073467627	-10.0513449453699	1	FALSE	241.170409359622	208.395409359622	200.378412456036	209.903987725951
2	PN10_PN113.SG	2	263.815684261523	257.557571871066	270.073796651979	-846.490073467627	-27.5520324769373	1	FALSE	264.595236996802	208.377236996802	200.516676668768	210.335523838368
2	CAK530.SG	2	263.815684261523	257.557571871066	270.073796651979	-846.490073467627	-17.1797646913742	1	FALSE	298.310092636641	172.463092636641	163.83064199881	172.338461812642
2	CAK531.SG	1	235.407144186716	231.269946809604	239.544341563828	-846.490073467627	-23.4215355481458	1	FALSE	216.923141463227	172.430141463227	164.127137172185	172.360525123093
2	CAK532.SG	2	263.815684261523	257.557571871066	270.073796651979	-846.490073467627	-10.3729848385498	1	FALSE	259.578372467915	176.103372467915	173.036666718241	177.103162128031
2	CAK533.SG	1	235.407144186716	231.269946809604	239.544341563828	-846.490073467627	-9.10053714908697	1	FALSE	230.010074505917	179.714074505917	173.45602241363	179.779534283334
2	CAK68.SG	1	235.407144186716	231.269946809604	239.544341563828	-846.490073467627	-15.7432734950387	1	FALSE	220.320494134869	167.129494134869	158.651234116938	170.678056666255
2	bally.SG	2	263.815684261523	257.557571871066	270.073796651979	-846.490073467627	-9.89643622572098	1	FALSE	267.102469023451	186.907469023451	177.642602735997	188.817474535992
2	bal004.SG	2	263.815684261523	257.557571871066	270.073796651979	-846.490073467627	-12.9350699341953	1	FALSE	251.185607709356	185.383607709356	180.743220983199	189.769289590293
2	lai001.SG	2	263.815684261523	257.557571871066	270.073796651979	-846.490073467627	-13.7847879168229	1	FALSE	241.800451256174	184.315451256174	180.747874049404	189.694520683984
2	mid001.SG	2	263.815684261523	257.557571871066	270.073796651979	-846.490073467627	-20.3651986775354	1	FALSE	329.441023787645	189.283023787645	180.614625430782	189.507478367371
2	mid002.SG	1	235.407144186716	231.269946809604	239.544341563828	-846.490073467627	-14.6201095298692	1	FALSE	246.763078905254	190.085078905254	190.19314367838	198.819703455997
2	I2630	2	263.815684261523	257.557571871066	270.073796651979	-846.490073467627	-11.3785669221924	1	FALSE	267.633603527314	158.909603527314	157.617021430608	162.929108085778
2	I2631	1	235.407144186716	231.269946809604	239.544341563828	-846.490073467627	-19.5623541764112	1	FALSE	195.046725247598	184.243725247598	173.595857855646	185.7591844317
2	I2633	1	235.407144186716	231.269946809604	239.544341563828	-846.490073467627	-9.95966323070797	1	FALSE	243.588528363705	201.183528363705	199.751814599299	204.1082911984
2	I2634	2	263.815684261523	257.557571871066	270.073796651979	-846.490073467627	-10.8660863814799	1	FALSE	257.541508295746	200.993508295746	195.825411976169	201.793615632906
2	I2635	2	263.815684261523	257.557571871066	270.073796651979	-846.490073467627	-14.4190556716758	1	FALSE	236.147572794347	199.286572794347	195.391842592607	199.722269638541
2	I2636	1	235.407144186716	231.269946809604	239.544341563828	-846.490073467627	-13.8053054122757	1	FALSE	219.814589007239	193.937589007239	189.996456150573	195.110027338532
2	I2637	1	235.407144186716	231.269946809604	239.544341563828	-846.490073467627	-8.81245774140886	1	FALSE	240.254422507869	190.849422507869	189.072072392279	194.857558487865
2	I2650	1	235.407144186716	231.269946809604	239.544341563828	-846.490073467627	-10.3666819906947	1	FALSE	232.0170936227	190.5410936227	189.827335467171	194.523644111601
2	I2651	1	235.407144186716	231.269946809604	239.544341563828	-846.490073467627	-10.4666440873677	1	FALSE	243.808141009506	184.507141009506	180.179183767393	188.185275657369
2	I2657	1	235.407144186716	231.269946809604	239.544341563828	-846.490073467627	-10.6888706613647	1	FALSE	236.554996813201	209.532996813201	204.544802970269	210.734498718555
2	I2659	1	235.407144186716	231.269946809604	239.544341563828	-846.490073467627	-31.0618007692124	1	FALSE	211.018994315537	201.611994315537	199.810475394612	204.03636798819
2	I2932	2	263.815684261523	257.557571871066	270.073796651979	-846.490073467627	-10.9390420728598	1	FALSE	254.696385259971	158.919385259971	153.733348250389	161.371115747839
2	I2933	1	235.407144186716	231.269946809604	239.544341563828	-846.490073467627	-18.7394956764805	1	FALSE	213.429300227501	174.978300227501	172.81021020665	177.117088906566
2	I2934	2	263.815684261523	257.557571871066	270.073796651979	-846.490073467627	-11.0467114151687	1	FALSE	255.472726866455	187.183726866455	178.010825924891	188.590024873323
2	I2935	2	263.815684261523	257.557571871066	270.073796651979	-846.490073467627	-13.3916221206773	1	FALSE	259.294495648334	182.119495648334	175.291254653404	188.420565809403
2	I2977	1	235.407144186716	231.269946809604	239.544341563828	-846.490073467627	-9.28143456815475	1	FALSE	229.804764947481	169.814764947481	166.816555435171	176.857229845673
2	I2978	2	263.815684261523	257.557571871066	270.073796651979	-846.490073467627	-16.3618282338094	1	FALSE	294.380383799942	188.189383799942	177.817253654556	188.453112488878
2	I2979	1	235.407144186716	231.269946809604	239.544341563828	-846.490073467627	-9.00568408821814	1	FALSE	236.069260812009	187.898260812009	174.918726030879	188.330136296446
2	I2980	2	263.815684261523	257.557571871066	270.073796651979	-846.490073467627	-14.6920673470531	1	FALSE	239.156547007909	188.593547007909	180.583828901265	189.423621318518
2	I2988	2	263.815684261523	257.557571871066	270.073796651979	-846.490073467627	-13.1011627460881	1	FALSE	273.496449650302	191.696449650302	189.823261370646	195.011406007859
2	I3085	2	263.815684261523	257.557571871066	270.073796651979	-846.490073467627	-9.7413055818614	1	FALSE	262.171586704581	188.560586704581	178.082303188858	188.574351574489
2	I3133	2	263.815684261523	257.557571871066	270.073796651979	-846.490073467627	-15.8778532487158	1	FALSE	273.192093944577	193.893093944577	190.440096059149	198.82621581859
2	I3134	1	235.407144186716	231.269946809604	239.544341563828	-846.490073467627	-12.3821495586401	1	FALSE	221.576889731804	190.934889731804	190.555961024201	198.981147288927
2	I3136	2	263.815684261523	257.557571871066	270.073796651979	-846.490073467627	-11.3677803653207	1	FALSE	253.809666439303	194.638666439303	190.123713022214	195.029019461064
2	I3138	1	235.407144186716	231.269946809604	239.544341563828	-846.490073467627	-17.3229643661166	1	FALSE	212.084422960278	184.612422960278	174.561574244875	187.494657059599
2	I5370	1	235.407144186716	231.269946809604	239.544341563828	-846.490073467627	-8.8370088245781	1	FALSE	230.342217747647	189.456217747647	187.73520316463	211.865389533341
2	I5371	1	235.407144186716	231.269946809604	239.544341563828	-846.490073467627	-9.35371158059767	1	FALSE	228.795446750218	208.444446750218	189.782417087117	212.295496289153
2	I6764	2	263.815684261523	257.557571871066	270.073796651979	-846.490073467627	-9.65269472579053	1	FALSE	263.606084411027	205.053084411027	160.458289589774	204.964548720267
2	I7554	2	263.815684261523	257.557571871066	270.073796651979	-846.490073467627	-13.108846273845	1	FALSE	243.734058742736	185.779058742736	180.805515557577	189.769238615225
2	I3040.SG	1	235.407144186716	231.269946809604	239.544341563828	-846.490073467627	-9.09535122206126	1	FALSE	237.47990899874	197.34090899874	194.759075701305	199.880045561949
2	I5374.SG	2	263.815684261523	257.557571871066	270.073796651979	-846.490073467627	-21.3652317905806	1	FALSE	343.258600395734	160.107600395734	157.583462618766	164.468215901562
2	I5387.SG	1	235.407144186716	231.269946809604	239.544341563828	-846.490073467627	-16.3643740969973	1	FALSE	208.651745755068	183.689745755068	159.725256023895	186.729294344384
2	I6746.SG	2	263.815684261523	257.557571871066	270.073796651979	-846.490073467627	-16.0318923619672	1	FALSE	251.302253989679	193.225253989679	190.740044213782	201.399467346955
2	I6747.SG	1	235.407144186716	231.269946809604	239.544341563828	-846.490073467627	-10.9427764414752	1	FALSE	244.442762368929	198.808762368929	195.673902793796	199.690118631531
2	I6750.SG	2	263.815684261523	257.557571871066	270.073796651979	-846.490073467627	-10.4603980191361	1	FALSE	256.115508319507	205.075508319507	198.363412564088	205.084509995068
2	I6751.SG	2	263.815684261523	257.557571871066	270.073796651979	-846.490073467627	-10.002913999561	1	FALSE	264.985521777337	204.192521777337	198.406485752535	205.175448782143
2	I6753.SG	1	235.407144186716	231.269946809604	239.544341563828	-846.490073467627	-13.2811767348879	1	FALSE	242.501165603929	176.400165603929	176.258243244375	201.307308872846
2	I6755.SG	1	235.407144186716	231.269946809604	239.544341563828	-846.490073467627	-11.1105936619614	1	FALSE	246.252797013496	196.371797013496	195.764312107903	199.713011729057
2	I6757.SG	2	263.815684261523	257.557571871066	270.073796651979	-846.490073467627	-10.0076625876308	1	FALSE	265.796723533683	198.201723533683	190.751108809986	199.377709489981
2	I6759.SG	2	263.815684261523	257.557571871066	270.073796651979	-846.490073467627	-19.486158790074	1	FALSE	294.001901712532	195.825901712532	195.748686979872	199.54175994067
2	I6760.SG	2	263.815684261523	257.557571871066	270.073796651979	-846.490073467627	-9.84583989577589	1	FALSE	260.263644442983	206.837644442983	202.441430460352	210.357865580358
2	I6761.SG	1	235.407144186716	231.269946809604	239.544341563828	-846.490073467627	-8.84801765498942	1	FALSE	239.853214147405	195.893214147405	194.755722753471	199.827194363388
2	I6762.SG	1	235.407144186716	231.269946809604	239.544341563828	-846.490073467627	-7.93001275487121	1	FALSE	236.30642035218	206.99942035218	195.670017828732	212.022901433686
2	SB338B2_lib.SG	1	235.407144186716	231.269946809604	239.544341563828	-846.490073467627	-11.1204948888732	1	FALSE	243.097745403654	204.615745403654	199.938496228557	204.610435493639
2	SB379D2_lib.SG	1	235.407144186716	231.269946809604	239.544341563828	-846.490073467627	-11.1200392396434	1	FALSE	246.378750605094	197.315750605094	195.761621788319	199.808639656552
2	SB379D2_lib.SG	1	235.407144186716	231.269946809604	239.544341563828	-846.490073467627	-12.4615532069405	1	FALSE	248.897217071998	199.834217071998	195.735712808158	199.817856941879
3	ASH3.SG	2	245.183377246582	240.820789030326	249.545965462837	-760.587035989699	-8.30134126136228	1	FALSE	240.819281893551	200.402281893551	196.081846019919	203.830971837986
3	PB357.SG	3	266.336270577121	257.964533714698	274.708007439544	-760.587035989699	-13.3537415256512	1	FALSE	257.547500780505	199.455500780505	195.810583459975	200.098541205361
3	PN112.SG	3	266.336270577121	257.964533714698	274.708007439544	-760.587035989699	-10.7826464819953	1	FALSE	269.392636900134	199.309636900134	195.861532766967	201.735555412334
3	PN13.SG	1	220.535230835648	212.859746663912	228.210715007384	-760.587035989699	-10.3360124268208	1	FALSE	227.668125259793	198.139125259793	195.814607084359	201.881724130007
3	PN04.SG	3	266.336270577121	257.964533714698	274.708007439544	-760.587035989699	-15.9288479480162	1	FALSE	288.092304620012	204.949304620012	200.359553998407	210.129932566047
3	PN05.SG	2	245.183377246582	240.820789030326	249.545965462837	-760.587035989699	-7.35698734407134	1	FALSE	246.895176103061	207.233176103061	200.250297514763	209.907223420721
3	PN107.SG	1	220.535230835648	212.859746663912	228.210715007384	-760.587035989699	-11.4085501953116	1	FALSE	233.505120165398	200.730120165398	200.32452557833	209.882741747699
3	PN10_PN113.SG	2	245.183377246582	240.820789030326	249.545965462837	-760.587035989699	-21.4567416190354	1	FALSE	257.113107555544	200.895107555544	200.658592513887	210.346738827581
3	CAK530.SG	3	266.336270577121	257.964533714698	274.708007439544	-760.587035989699	-14.7054608659489	1	FALSE	293.829646711512	167.982646711512	163.855637007094	172.422069756455
3	CAK531.SG	1	220.535230835648	212.859746663912	228.210715007384	-760.587035989699	-11.959098424213	1	FALSE	214.656293231063	170.163293231063	163.818056639051	172.455441831827
3	CAK532.SG	3	266.336270577121	257.964533714698	274.708007439544	-760.587035989699	-10.8289056750763	1	FALSE	256.903868016893	173.428868016893	172.984706585575	177.113538107253
3	CAK533.SG	1	220.535230835648	212.859746663912	228.210715007384	-760.587035989699	-10.73806409145	1	FALSE	229.672522544746	179.376522544746	173.448744557013	179.772941226522
3	CAK68.SG	1	220.535230835648	212.859746663912	228.210715007384	-760.587035989699	-9.86889259209946	1	FALSE	216.898768345252	163.707768345252	158.012249174129	170.502389670998
3	bally.SG	3	266.336270577121	257.964533714698	274.708007439544	-760.587035989699	-10.5545149705022	1	FALSE	258.109611543096	177.914611543096	177.494070627432	188.873282601083
3	bal004.SG	2	245.183377246582	240.820789030326	249.545965462837	-760.587035989699	-9.76454307733473	1	FALSE	250.698222443603	184.896222443603	180.674502262538	189.635691887512
3	lai001.SG	2	245.183377246582	240.820789030326	249.545965462837	-760.587035989699	-15.7155857551721	1	FALSE	244.719573647995	187.234573647995	180.634688548095	189.645903189797
3	mid001.SG	3	266.336270577121	257.964533714698	274.708007439544	-760.587035989699	-19.751477393924	1	FALSE	327.570567401787	187.412567401787	180.712657547544	189.587780851669
3	mid002.SG	2	245.183377246582	240.820789030326	249.545965462837	-760.587035989699	-8.9784039461498	1	FALSE	250.976837378139	194.298837378139	190.310313871538	198.766776638435
3	I2630	3	266.336270577121	257.964533714698	274.708007439544	-760.587035989699	-12.171922408499	1	FALSE	267.471183311423	158.747183311423	157.659803542487	162.989951406629
3	I2631	1	220.535230835648	212.859746663912	228.210715007384	-760.587035989699	-17.6297334839103	1	FALSE	191.071861624645	180.268861624645	173.752842282893	185.852642365066
3	I2633	2	245.183377246582	240.820789030326	249.545965462837	-760.587035989699	-8.8139394323104	1	FALSE	245.81246997222	203.40746997222	199.686074089018	204.140876298218
3	I2634	2	245.183377246582	240.820789030326	249.545965462837	-760.587035989699	-10.4644484729169	1	FALSE	253.689253074872	197.141253074872	196.005766494951	201.87883173437
3	I2635	1	220.535230835648	212.859746663912	228.210715007384	-760.587035989699	-13.3327997737379	1	FALSE	236.115432915327	199.254432915327	195.338944519604	199.812092877708
3	I2636	1	220.535230835648	212.859746663912	228.210715007384	-760.587035989699	-8.88746841343761	1	FALSE	219.355371216425	193.478371216425	190.105812039019	195.145036855476
3	I2637	2	245.183377246582	240.820789030326	249.545965462837	-760.587035989699	-8.76072559616065	1	FALSE	240.929227219467	191.524227219467	189.1628636381	194.801507735569
3	I2650	2	245.183377246582	240.820789030326	249.545965462837	-760.587035989699	-15.2061863353527	1	FALSE	235.829122631686	194.353122631686	189.851162981608	194.553455253294
3	I2651	2	245.183377246582	240.820789030326	249.545965462837	-760.587035989699	-7.86481348876806	1	FALSE	247.38685798767	188.08585798767	180.198479864879	188.33639681499
3	I2657	2	245.183377246582	240.820789030326	249.545965462837	-760.587035989699	-15.1881389959516	1	FALSE	237.115076631909	210.093076631909	204.778322545246	210.775253419664
3	I2659	1	220.535230835648	212.859746663912	228.210715007384	-760.587035989699	-12.2431360074051	1	FALSE	212.596750270003	203.189750270003	199.745911096021	204.035358222017
3	I2932	3	266.336270577121	257.964533714698	274.708007439544	-760.587035989699	-11.5675712986827	1	FALSE	256.624490591928	160.847490591928	153.611746259267	161.25635770252
3	I2933	1	220.535230835648	212.859746663912	228.210715007384	-760.587035989699	-9.95437508113521	1	FALSE	213.307615360843	174.856615360843	172.711504661607	176.993122175959
3	I2934	3	266.336270577121	257.964533714698	274.708007439544	-760.587035989699	-11.2601807115244	1	FALSE	255.10751744537	186.81851744537	178.024851990074	188.672742747741
3	I2935	2	245.183377246582	240.820789030326	249.545965462837	-760.587035989699	-13.7507175149965	1	FALSE	258.197017078233	181.022017078233	174.962439085041	188.567307143023
3	I2977	1	220.535230835648	212.859746663912	228.210715007384	-760.587035989699	-10.0395439912804	1	FALSE	228.22802994649	168.23802994649	166.592272361304	176.47743694045
3	I2978	3	266.336270577121	257.964533714698	274.708007439544	-760.587035989699	-15.9155510461404	1	FALSE	294.97450880303	188.78350880303	177.981035286925	188.467666139217
3	I2979	1	220.535230835648	212.859746663912	228.210715007384	-760.587035989699	-12.385068094987	1	FALSE	234.831456148409	186.660456148409	175.035094417599	188.338492761799
3	I2980	3	266.336270577121	257.964533714698	274.708007439544	-760.587035989699	-16.5676014779301	1	FALSE	237.218031669527	186.655031669527	180.541358960417	189.599047884085
3	I2988	3	266.336270577121	257.964533714698	274.708007439544	-760.587035989699	-13.1554651641836	1	FALSE	273.647449752935	191.847449752935	189.870795842367	195.058451921297
3	I3085	3	266.336270577121	257.964533714698	274.708007439544	-760.587035989699	-10.9981522319375	1	FALSE	255.972305014995	182.361305014995	178.095070414486	188.620882282815
3	I3133	3	266.336270577121	257.964533714698	274.708007439544	-760.587035989699	-18.5203748084532	1	FALSE	276.99409303435	197.69509303435	190.527476076319	198.76809507003
3	I3134	1	220.535230835648	212.859746663912	228.210715007384	-760.587035989699	-9.99404844291685	1	FALSE	221.689733646418	191.047733646418	190.56346986114	198.955011334048
3	I3136	3	266.336270577121	257.964533714698	274.708007439544	-760.587035989699	-12.0965821914624	1	FALSE	249.84788417586	190.67688417586	190.129854535001	195.009214458305
3	I3138	1	220.535230835648	212.859746663912	228.210715007384	-760.587035989699	-9.45859305767957	1	FALSE	215.339783487242	187.867783487242	174.576935558944	187.671908589013
3	I5370	2	245.183377246582	240.820789030326	249.545965462837	-760.587035989699	-12.5123586532225	1	FALSE	233.553423514649	192.667423514649	188.354529556818	211.605562057666
3	I5371	1	220.535230835648	212.859746663912	228.210715007384	-760.587035989699	-9.81152537766912	1	FALSE	215.076136773195	194.725136773195	188.608443087578	211.922627285821
3	I6764	1	220.535230835648	212.859746663912	228.210715007384	-760.587035989699	-11.3755024873178	1	FALSE	233.302955974818	174.749955974818	160.399220468908	203.654717185834
3	I7554	3	266.336270577121	257.964533714698	274.708007439544	-760.587035989699	-13.0096757577129	1	FALSE	246.695178344355	188.740178344355	180.753268081794	189.713261674091
3	I3040.SG	2	245.183377246582	240.820789030326	249.545965462837	-760.587035989699	-10.2250259610649	1	FALSE	238.585192287624	198.446192287624	194.808043118028	199.82166039034
3	I5374.SG	3	266.336270577121	257.964533714698	274.708007439544	-760.587035989699	-20.5354806771725	1	FALSE	340.961513726286	157.810513726286	157.64648182675	164.517038195361
3	I5387.SG	1	220.535230835648	212.859746663912	228.210715007384	-760.587035989699	-14.6275550905172	1	FALSE	198.212888733725	173.250888733725	160.184763910781	186.509368103829
3	I6746.SG	2	245.183377246582	240.820789030326	249.545965462837	-760.587035989699	-8.63559164515586	1	FALSE	249.496433879375	191.419433879375	190.713661787963	201.423075008596
3	I6747.SG	2	245.183377246582	240.820789030326	249.545965462837	-760.587035989699	-7.64322655491083	1	FALSE	245.432875249756	199.798875249756	195.751728013973	199.733173401555
3	I6750.SG	3	266.336270577121	257.964533714698	274.708007439544	-760.587035989699	-12.4171072952474	1	FALSE	253.121529283896	202.081529283896	198.379376281269	205.164891645254
3	I6751.SG	3	266.336270577121	257.964533714698	274.708007439544	-760.587035989699	-10.4544782645542	1	FALSE	259.099341999809	198.306341999809	198.338413442336	205.185720254667
3	I6753.SG	2	245.183377246582	240.820789030326	249.545965462837	-760.587035989699	-10.4311212570562	1	FALSE	251.278102932607	185.177102932607	176.772470291056	201.007616999559
3	I6755.SG	2	245.183377246582	240.820789030326	249.545965462837	-760.587035989699	-8.7372482444035	1	FALSE	247.21172475334	197.33072475334	195.718720664539	199.612051421091
3	I6757.SG	3	266.336270577121	257.964533714698	274.708007439544	-760.587035989699	-10.693895932676	1	FALSE	263.981010364895	196.386010364895	190.434532820051	199.489434043079
3	I6759.SG	3	266.336270577121	257.964533714698	274.708007439544	-760.587035989699	-18.0283137259233	1	FALSE	293.821905075911	195.645905075911	195.688166501853	199.629291165545
3	I6760.SG	3	266.336270577121	257.964533714698	274.708007439544	-760.587035989699	-10.7635159971456	1	FALSE	257.12403379669	203.69803379669	202.328284649791	210.368054136668
3	I6761.SG	2	245.183377246582	240.820789030326	249.545965462837	-760.587035989699	-7.4190308756148	1	FALSE	243.848296824897	199.888296824897	194.82892949974	199.888296824897
3	I6762.SG	2	245.183377246582	240.820789030326	249.545965462837	-760.587035989699	-9.02796381490288	1	FALSE	239.065084767964	209.758084767964	194.928779867665	212.225079022548
3	SB338B2_lib.SG	2	245.183377246582	240.820789030326	249.545965462837	-760.587035989699	-8.44698734856989	1	FALSE	240.38591296609	201.90391296609	199.872085942201	204.557221990095
3	SB379D2_lib.SG	2	245.183377246582	240.820789030326	249.545965462837	-760.587035989699	-8.80205758367286	1	FALSE	246.261072039322	197.198072039322	195.751604180617	199.755458281541
3	SB379D2_lib.SG	2	245.183377246582	240.820789030326	249.545965462837	-760.587035989699	-8.9724203292942	1	FALSE	248.180866233057	199.117866233057	195.705685911301	199.861482632679
4	ASH3.SG	2	241.029933370146	236.204181652795	245.855685087496	-719.827655156573	-7.50076449050097	1	FALSE	242.433769000862	202.016769000862	196.063639708978	203.913476660748
4	PB357.SG	4	264.083172273813	257.456664519308	270.709680028317	-719.827655156573	-9.72007656139193	1	FALSE	256.947061272409	198.855061272409	195.782305926101	200.065895943337
4	PN112.SG	4	264.083172273813	257.456664519308	270.709680028317	-719.827655156573	-8.80264844076939	1	FALSE	265.970822065843	195.887822065843	195.829076576329	201.676676055313
4	PN13.SG	1	221.477306889141	213.689780297488	229.264833480795	-719.827655156573	-8.81667552407843	1	FALSE	227.562677064656	198.033677064656	195.779667698096	201.838469291429
4	PN04.SG	4	264.083172273813	257.456664519308	270.709680028317	-719.827655156573	-14.5637394309178	1	FALSE	284.428306899127	201.285306899127	200.260190106521	210.25912797965
4	PN05.SG	2	241.029933370146	236.204181652795	245.855685087496	-719.827655156573	-7.91243058716573	1	FALSE	243.838140560985	204.176140560985	200.354656548081	210.28481025688
4	PN107.SG	2	241.029933370146	236.204181652795	245.855685087496	-719.827655156573	-10.168627051765	1	FALSE	237.958926311205	205.183926311205	200.436537372763	209.843380719116
4	PN10_PN113.SG	4	264.083172273813	257.456664519308	270.709680028317	-719.827655156573	-13.7319352011249	1	FALSE	265.229232808324	209.011232808324	200.491035310194	210.046794440201
4	CAK530.SG	3	258.590773794547	234.050779886131	283.130767702963	-719.827655156573	-17.7207409607551	1	FALSE	291.575056172208	165.728056172208	163.89504634046	172.426093285685
4	CAK531.SG	1	221.477306889141	213.689780297488	229.264833480795	-719.827655156573	-9.82864877205747	1	FALSE	215.265987271842	170.772987271842	163.800657954767	172.414702817733
4	CAK532.SG	4	264.083172273813	257.456664519308	270.709680028317	-719.827655156573	-11.0295313864809	1	FALSE	260.04637616022	176.57137616022	172.980153854928	177.048802128397
4	CAK533.SG	1	221.477306889141	213.689780297488	229.264833480795	-719.827655156573	-9.67895625008183	1	FALSE	229.905607240975	179.609607240975	173.532464284982	179.815568380715
4	CAK68.SG	1	221.477306889141	213.689780297488	229.264833480795	-719.827655156573	-7.78999277607463	1	FALSE	222.882205794125	169.691205794125	158.229012256149	170.528786487362
4	bally.SG	4	264.083172273813	257.456664519308	270.709680028317	-719.827655156573	-10.0696056081644	1	FALSE	265.749843218099	185.554843218099	177.544388630627	188.685988466821
4	bal004.SG	4	264.083172273813	257.456664519308	270.709680028317	-719.827655156573	-11.3437727315366	1	FALSE	252.19666551189	186.39466551189	180.806275159409	189.729372629256
4	lai001.SG	3	258.590773794547	234.050779886131	283.130767702963	-719.827655156573	-12.3874234455717	1	FALSE	240.410142151087	182.925142151087	180.684594582641	189.738542539719
4	mid001.SG	3	258.590773794547	234.050779886131	283.130767702963	-719.827655156573	-18.5194277847534	1	FALSE	325.977427051498	185.819427051498	180.866433298521	189.589137656865
4	mid002.SG	2	241.029933370146	236.204181652795	245.855685087496	-719.827655156573	-13.1670195385671	1	FALSE	251.63886780307	194.96086780307	190.283289608629	198.76924327237
4	I2630	4	264.083172273813	257.456664519308	270.709680028317	-719.827655156573	-8.79904072124934	1	FALSE	267.493068708868	158.769068708868	157.658716072029	163.032758280335
4	I2631	4	264.083172273813	257.456664519308	270.709680028317	-719.827655156573	-22.2524608627526	1	FALSE	194.434968156201	183.631968156201	173.967855323472	185.931121152992
4	I2633	2	241.029933370146	236.204181652795	245.855685087496	-719.827655156573	-8.69050974779964	1	FALSE	242.226779950522	199.821779950522	199.648572961933	204.062194454833
4	I2634	4	264.083172273813	257.456664519308	270.709680028317	-719.827655156573	-10.7752523553235	1	FALSE	253.710600981936	197.162600981936	195.770709525835	201.890648291662
4	I2635	3	258.590773794547	234.050779886131	283.130767702963	-719.827655156573	-13.4486145748614	1	FALSE	234.115267147609	197.254267147609	195.363689987504	199.777076845157
4	I2636	1	221.477306889141	213.689780297488	229.264833480795	-719.827655156573	-8.31887744491651	1	FALSE	218.583299219846	192.706299219846	190.008945535969	195.14807181432
4	I2637	2	241.029933370146	236.204181652795	245.855685087496	-719.827655156573	-8.44429402814497	1	FALSE	244.212147092236	194.807147092236	189.069851190932	194.911161038492
4	I2650	2	241.029933370146	236.204181652795	245.855685087496	-719.827655156573	-10.8629490849893	1	FALSE	235.296509060419	193.820509060419	189.874863705731	194.526778567482
4	I2651	2	241.029933370146	236.204181652795	245.855685087496	-719.827655156573	-8.0053741290806	1	FALSE	244.079493168498	184.778493168498	180.223251496043	188.222239229696
4	I2657	2	241.029933370146	236.204181652795	245.855685087496	-719.827655156573	-15.4875870923898	1	FALSE	233.22102246191	206.19902246191	204.805471243097	210.745789784311
4	I2659	1	221.477306889141	213.689780297488	229.264833480795	-719.827655156573	-12.5703200851452	1	FALSE	210.426406014604	201.019406014604	199.777833078827	204.035481787536
4	I2932	4	264.083172273813	257.456664519308	270.709680028317	-719.827655156573	-12.1905315489325	1	FALSE	249.536585091844	153.759585091844	153.767852239497	161.381087123184
4	I2933	1	221.477306889141	213.689780297488	229.264833480795	-719.827655156573	-8.98368734140892	1	FALSE	215.414023750427	176.963023750427	172.734258753538	177.073698421058
4	I2934	3	258.590773794547	234.050779886131	283.130767702963	-719.827655156573	-12.0654125511981	1	FALSE	250.333047564426	182.044047564426	177.957540138791	188.662113294624
4	I2935	4	264.083172273813	257.456664519308	270.709680028317	-719.827655156573	-8.68400133985542	1	FALSE	263.315351164861	186.140351164861	175.322117218124	188.694396469898
4	I2977	2	241.029933370146	236.204181652795	245.855685087496	-719.827655156573	-9.50295533973129	1	FALSE	235.27957326208	175.28957326208	166.664587157296	176.801440439287
4	I2978	3	258.590773794547	234.050779886131	283.130767702963	-719.827655156573	-14.3619967032432	1	FALSE	287.338095317619	181.14709531762	178.163271357022	188.450689528137
4	I2979	1	221.477306889141	213.689780297488	229.264833480795	-719.827655156573	-9.06413763386031	1	FALSE	225.704438868904	177.533438868904	174.863470315772	188.613829181206
4	I2980	1	221.477306889141	213.689780297488	229.264833480795	-719.827655156573	-13.9893686692579	1	FALSE	238.473249154856	187.910249154857	180.600952311914	189.564480831496
4	I2988	4	264.083172273813	257.456664519308	270.709680028317	-719.827655156573	-11.3040814223126	1	FALSE	274.695021690023	192.895021690023	189.873770326739	195.012122771204
4	I3085	4	264.083172273813	257.456664519308	270.709680028317	-719.827655156573	-10.3617825388825	1	FALSE	256.716230176197	183.105230176197	178.099258280575	188.679325229847
4	I3133	4	264.083172273813	257.456664519308	270.709680028317	-719.827655156573	-10.716952262305	1	FALSE	271.623400391263	192.324400391263	190.447416938162	198.773982352926
4	I3134	1	221.477306889141	213.689780297488	229.264833480795	-719.827655156573	-11.2253170496309	1	FALSE	221.850609025859	191.208609025859	190.429200033799	199.039747291347
4	I3136	3	258.590773794547	234.050779886131	283.130767702963	-719.827655156573	-11.7440894815856	1	FALSE	252.028591509437	192.857591509437	190.09168071763	195.093606391456
4	I3138	1	221.477306889141	213.689780297488	229.264833480795	-719.827655156573	-11.7701314260863	1	FALSE	208.221908297256	180.749908297256	174.409329766341	187.664864097841
4	I5370	2	241.029933370146	236.204181652795	245.855685087496	-719.827655156573	-8.08188708912478	1	FALSE	237.726555453673	196.840555453673	187.890257197432	211.538222944364
4	I5371	1	221.477306889141	213.689780297488	229.264833480795	-719.827655156573	-9.07791701177255	1	FALSE	228.308803941099	207.957803941099	188.259940472199	211.96565432183
4	I6764	2	241.029933370146	236.204181652795	245.855685087496	-719.827655156573	-9.91143602935984	1	FALSE	240.794551016757	182.241551016757	162.112666377964	203.433240274067
4	I7554	3	258.590773794547	234.050779886131	283.130767702963	-719.827655156573	-13.8787033183245	1	FALSE	246.846010402286	188.891010402286	180.746725518338	189.514090355285
4	I3040.SG	2	241.029933370146	236.204181652795	245.855685087496	-719.827655156573	-9.33357158999039	1	FALSE	240.042495458005	199.903495458005	194.802907005734	199.91622265578
4	I5374.SG	3	258.590773794547	234.050779886131	283.130767702963	-719.827655156573	-19.7739860775681	1	FALSE	341.641616237861	158.490616237861	157.461980691936	164.363897127997
4	I5387.SG	2	241.029933370146	236.204181652795	245.855685087496	-719.827655156573	-20.8343256965942	1	FALSE	197.023989070581	172.061989070581	159.880755744275	186.448161776311
4	I6746.SG	4	264.083172273813	257.456664519308	270.709680028317	-719.827655156573	-11.3683898905591	1	FALSE	254.178399036656	196.101399036656	190.796208676804	201.468903091445
4	I6747.SG	2	241.029933370146	236.204181652795	245.855685087496	-719.827655156573	-8.09805139695393	1	FALSE	244.573711224297	198.939711224297	195.684388494419	199.706105175386
4	I6750.SG	4	264.083172273813	257.456664519308	270.709680028317	-719.827655156573	-10.1534186914773	1	FALSE	255.705688749602	204.665688749602	198.53930261036	205.233216744632
4	I6751.SG	4	264.083172273813	257.456664519308	270.709680028317	-719.827655156573	-10.4874822471841	1	FALSE	265.737610387819	204.944610387819	198.383539347976	205.143317483016
4	I6753.SG	2	241.029933370146	236.204181652795	245.855685087496	-719.827655156573	-8.7813944347223	1	FALSE	244.476598267968	178.375598267968	176.492600795547	201.915859038948
4	I6755.SG	2	241.029933370146	236.204181652795	245.855685087496	-719.827655156573	-9.23766800608927	1	FALSE	246.665406407994	196.784406407994	195.728526295338	199.665529131782
4	I6757.SG	4	264.083172273813	257.456664519308	270.709680028317	-719.827655156573	-8.91435596122823	1	FALSE	267.13052167264	199.53552167264	190.527961832205	199.458124371678
4	I6759.SG	4	264.083172273813	257.456664519308	270.709680028317	-719.827655156573	-21.2816678886545	1	FALSE	296.908298185941	198.732298185941	195.640124198199	199.551807287015
4	I6760.SG	4	264.083172273813	257.456664519308	270.709680028317	-719.827655156573	-10.0605453080912	1	FALSE	259.218705248177	205.792705248177	202.378837770314	210.417940852366
4	I6761.SG	2	241.029933370146	236.204181652795	245.855685087496	-719.827655156573	-7.57598816409983	1	FALSE	239.1935294914	195.2335294914	194.762168390485	199.933284457553
4	I6762.SG	1	221.477306889141	213.689780297488	229.264833480795	-719.827655156573	-10.2828452763177	1	FALSE	229.547527052665	200.240527052665	195.494317351508	211.969728367071
4	SB338B2_lib.SG	2	241.029933370146	236.204181652795	245.855685087496	-719.827655156573	-7.41831954715078	1	FALSE	241.917794821624	203.435794821624	199.898706543708	204.549068311728
4	SB379D2_lib.SG	2	241.029933370146	236.204181652795	245.855685087496	-719.827655156573	-9.15064244810395	1	FALSE	245.906022934028	196.843022934028	195.767158436921	199.843226457413
4	SB379D2_lib.SG	2	241.029933370146	236.204181652795	245.855685087496	-719.827655156573	-9.75331710650599	1	FALSE	248.202986137393	199.139986137393	195.824555067545	199.818191388172
