# CLUSTERING STRENGTH + LIKELIHOOD K SELECTION RESULTS (DATES)
# Recommended K: 4+
# Method: DATES
# Clustering strength threshold: 0.983
# Likelihood thresholds: k1 to k2(k=2):1.2 k1 to k2(k=3):2.59 k2 to k3:0.71 k3 to k4:0.49
#
model_k	pop	cluster	joint_date_est_best	joint_date_lowerci	joint_date_upperci	likelihood_mean	likelihood_per_ind	recommended_k	is_recommended	ind_date_est	sample_age_est_best	sample_age_lowerci_mean	sample_age_upperci_mean
1	PEN001_real2	1	259.378144614966	258.377215627737	260.379073602194	-2086.14309929776	-169.648149970131	4+	FALSE	265.229987071241	260.182987071241	260.041859515726	261.35213838664
1	PEN003	1	259.378144614966	258.377215627737	260.379073602194	-2086.14309929776	-215.56059165856	4+	FALSE	264.906718359258	260.269718359258	260.043509589741	261.142384774584
1	PEN003	1	259.378144614966	258.377215627737	260.379073602194	-2086.14309929776	-210.144493285414	4+	FALSE	264.759421904001	260.122421904001	260.039060005885	261.007259779126
1	LBR001	1	259.378144614966	258.377215627737	260.379073602194	-2086.14309929776	-11.5728989282407	4+	FALSE	263.439057129495	239.171057129495	238.014340468624	244.009522935875
1	LBR002	1	259.378144614966	258.377215627737	260.379073602194	-2086.14309929776	-7.55459549397743	4+	FALSE	260.801940681161	245.573940681161	244.911769720181	254.686726399497
1	LBR003	1	259.378144614966	258.377215627737	260.379073602194	-2086.14309929776	-10.9692179959678	4+	FALSE	259.505219435783	236.006219435783	234.283074401984	241.818063965797
1	LBR004	1	259.378144614966	258.377215627737	260.379073602194	-2086.14309929776	-8.69987665663863	4+	FALSE	264.703419096015	238.677419096015	238.417329837149	247.329979251618
1	BERG02-2.SG	1	259.378144614966	258.377215627737	260.379073602194	-2086.14309929776	-8.68068572324115	4+	FALSE	254.116263041452	213.274263041452	205.845484484658	213.787823053168
1	BERG157-2.SG	1	259.378144614966	258.377215627737	260.379073602194	-2086.14309929776	-7.63307802559525	4+	FALSE	257.915843642197	222.743843642197	209.876345020353	222.930451302922
1	BERG157-7.SG	1	259.378144614966	258.377215627737	260.379073602194	-2086.14309929776	-55.1550002104998	4+	FALSE	248.720574975722	223.754574975722	220.588928991056	223.872418577043
1	BUCH2.SG	1	259.378144614966	258.377215627737	260.379073602194	-2086.14309929776	-8.28841952771797	4+	FALSE	263.425153580991	225.898153580991	219.889825855249	226.576937621451
1	PSS4693.SG	1	259.378144614966	258.377215627737	260.379073602194	-2086.14309929776	-40.7891492109095	4+	FALSE	232.402589330792	198.245589330792	190.275918695118	198.28583700742
1	ROS102.SG	1	259.378144614966	258.377215627737	260.379073602194	-2086.14309929776	-632.061527219666	4+	FALSE	244.183791615141	241.014791615141	240.540950492557	241.042289436363
1	ROS45.SG	1	259.378144614966	258.377215627737	260.379073602194	-2086.14309929776	-6.89526946200731	4+	FALSE	259.505917196115	236.476917196115	234.351022165129	240.522403512965
1	ROS78.SG	1	259.378144614966	258.377215627737	260.379073602194	-2086.14309929776	-8.0332230494574	4+	FALSE	262.614892955162	239.382892955161	230.657408433035	240.745657566295
1	ROS82.SG	1	259.378144614966	258.377215627737	260.379073602194	-2086.14309929776	-7.77288224965185	4+	FALSE	256.568397651054	234.807397651054	232.435789655627	240.190796089359
1	WET370.SG	1	259.378144614966	258.377215627737	260.379073602194	-2086.14309929776	-12.2508021817368	4+	FALSE	270.236640674613	194.648640674613	190.497024792031	199.505525955604
1	BLP10.SG	1	259.378144614966	258.377215627737	260.379073602194	-2086.14309929776	-36.0017486268573	4+	FALSE	232.955809260475	218.154809260475	212.636886859191	220.949789176179
1	Es97-1.SG	1	259.378144614966	258.377215627737	260.379073602194	-2086.14309929776	-7.55187761383681	4+	FALSE	261.630328380867	222.103328380867	219.937650218011	240.640174772956
1	FLR001	1	259.378144614966	258.377215627737	260.379073602194	-2086.14309929776	-19.6237771463298	4+	FALSE	249.093429334616	229.664429334616	225.964041004035	231.796308443108
1	FLR002	1	259.378144614966	258.377215627737	260.379073602194	-2086.14309929776	-12.6182378769458	4+	FALSE	246.953730599778	212.999730599778	211.189028941627	219.943334490753
1	FLR003	1	259.378144614966	258.377215627737	260.379073602194	-2086.14309929776	-18.5143509659608	4+	FALSE	274.971564834396	228.562564834396	225.292245517743	231.166234785418
1	FLR004	1	259.378144614966	258.377215627737	260.379073602194	-2086.14309929776	-23.258027779165	4+	FALSE	264.179521528542	228.872521528542	228.911454686384	233.981736386012
1	FLR005	1	259.378144614966	258.377215627737	260.379073602194	-2086.14309929776	-10.5825400828119	4+	FALSE	267.659299483437	222.910299483437	221.977852545939	228.090102893016
1	FLR007	1	259.378144614966	258.377215627737	260.379073602194	-2086.14309929776	-9.4670031464546	4+	FALSE	256.245222060639	225.208222060639	224.465170816702	228.336857496554
1	FLR010	1	259.378144614966	258.377215627737	260.379073602194	-2086.14309929776	-13.2001482580463	4+	FALSE	249.001335228681	226.711335228681	224.972702550874	228.390577288717
1	FLR013	1	259.378144614966	258.377215627737	260.379073602194	-2086.14309929776	-13.8801637900828	4+	FALSE	247.95126505673	228.39026505673	225.153941897587	229.737638693469
1	FLR014	1	259.378144614966	258.377215627737	260.379073602194	-2086.14309929776	-21.0723039302999	4+	FALSE	258.056476247277	228.488476247277	226.107198874342	231.801924224426
1	GRG003	1	259.378144614966	258.377215627737	260.379073602194	-2086.14309929776	-7.24995433879647	4+	FALSE	257.111331748377	226.111331748377	214.569149636165	243.897201965281
1	GRG008	1	259.378144614966	258.377215627737	260.379073602194	-2086.14309929776	-8.77458008873	4+	FALSE	253.904051104972	213.107051104972	213.09591891269	239.102329270515
1	GRG015	1	259.378144614966	258.377215627737	260.379073602194	-2086.14309929776	-8.4493299790721	4+	FALSE	259.37410368741	231.858103687409	223.680833646046	241.179671635369
1	GRG016	1	259.378144614966	258.377215627737	260.379073602194	-2086.14309929776	-9.53926491765462	4+	FALSE	255.753750003641	227.684750003641	225.680842048733	231.68329353174
1	GRG018	1	259.378144614966	258.377215627737	260.379073602194	-2086.14309929776	-10.9962705531914	4+	FALSE	263.955981211866	235.651981211866	231.821157235978	240.254660266423
1	GRG019	1	259.378144614966	258.377215627737	260.379073602194	-2086.14309929776	-8.14656132692141	4+	FALSE	262.726066601823	235.048066601823	219.992986811849	244.028150446164
1	GRG022	1	259.378144614966	258.377215627737	260.379073602194	-2086.14309929776	-9.8981068177708	4+	FALSE	263.355948972178	223.385948972178	213.136023402746	230.818998128442
1	GRG023	1	259.378144614966	258.377215627737	260.379073602194	-2086.14309929776	-7.63416036324738	4+	FALSE	256.148939521526	213.200939521526	213.005704865126	229.03983640946
1	GRG025	1	259.378144614966	258.377215627737	260.379073602194	-2086.14309929776	-7.16529433150342	4+	FALSE	261.891145640489	216.681145640489	212.720641234773	231.178747791065
1	GRG027	1	259.378144614966	258.377215627737	260.379073602194	-2086.14309929776	-10.7606256365944	4+	FALSE	267.532312480089	235.287312480089	234.590689069987	242.191094336756
1	GRG028	1	259.378144614966	258.377215627737	260.379073602194	-2086.14309929776	-11.3298710796054	4+	FALSE	266.583532245861	238.959532245861	234.293486482511	242.049334438225
1	GRG032	1	259.378144614966	258.377215627737	260.379073602194	-2086.14309929776	-8.46081184838981	4+	FALSE	258.56307428433	214.45307428433	212.666181414317	223.344869894808
1	GRG035	1	259.378144614966	258.377215627737	260.379073602194	-2086.14309929776	-6.9745139036476	4+	FALSE	261.231267639538	240.605267639538	225.260462206123	247.296907841103
1	GRG041	1	259.378144614966	258.377215627737	260.379073602194	-2086.14309929776	-8.27654112966757	4+	FALSE	263.819449482158	244.470449482158	220.465472335595	247.522115210138
1	GRG043	1	259.378144614966	258.377215627737	260.379073602194	-2086.14309929776	-9.12458896079255	4+	FALSE	257.498324891331	223.271324891331	214.095785091714	246.274821246126
1	GRG047	1	259.378144614966	258.377215627737	260.379073602194	-2086.14309929776	-6.61610671456554	4+	FALSE	260.011419849844	243.480419849844	226.019117031579	247.6948861831
1	GRG049	1	259.378144614966	258.377215627737	260.379073602194	-2086.14309929776	-19.7241622895052	4+	FALSE	293.69106600594	230.75006600594	229.188943985635	240.060787156659
1	GRG050	1	259.378144614966	258.377215627737	260.379073602194	-2086.14309929776	-7.73635469365929	4+	FALSE	257.188129868526	229.396129868526	221.130609277628	242.264915644358
1	GRG052	1	259.378144614966	258.377215627737	260.379073602194	-2086.14309929776	-10.1718071533823	4+	FALSE	254.188588700468	224.725588700468	213.744291451543	246.178802696107
1	GRG056	1	259.378144614966	258.377215627737	260.379073602194	-2086.14309929776	-8.3046479220385	4+	FALSE	254.782398912434	218.861398912434	213.329290457685	242.053271697244
1	GRG057	1	259.378144614966	258.377215627737	260.379073602194	-2086.14309929776	-13.2779296110181	4+	FALSE	273.026149082826	237.555149082826	232.195838688324	240.379258617949
1	OBN002	1	259.378144614966	258.377215627737	260.379073602194	-2086.14309929776	-55.0802948144102	4+	FALSE	253.050895754041	245.956895754041	244.655769964344	248.174374086999
1	OBN004	1	259.378144614966	258.377215627737	260.379073602194	-2086.14309929776	-16.9354373650105	4+	FALSE	240.573503914145	234.529503914145	230.417690757492	236.589771444556
1	OBN005	1	259.378144614966	258.377215627737	260.379073602194	-2086.14309929776	-6.74056017409276	4+	FALSE	260.399055467959	242.896055467959	242.840535753059	248.789225483479
1	OBN006	1	259.378144614966	258.377215627737	260.379073602194	-2086.14309929776	-63.4577137146705	4+	FALSE	257.960744559541	254.824744559541	252.830423862066	255.61852233047
1	OBN007	1	259.378144614966	258.377215627737	260.379073602194	-2086.14309929776	-12.7705140867848	4+	FALSE	247.265272164892	230.376272164892	225.242437945413	231.460800154618
1	OBN008	1	259.378144614966	258.377215627737	260.379073602194	-2086.14309929776	-16.26805843262	4+	FALSE	249.793260650523	236.489260650523	230.808641258625	236.936863837847
1	OBN009	1	259.378144614966	258.377215627737	260.379073602194	-2086.14309929776	-11.1319248395855	4+	FALSE	267.245673889132	227.858673889132	225.64499288883	231.356819235628
1	OBN010	1	259.378144614966	258.377215627737	260.379073602194	-2086.14309929776	-10.2099060941644	4+	FALSE	256.834177272281	240.937177272281	235.141833846657	247.593173820289
1	OBN011	1	259.378144614966	258.377215627737	260.379073602194	-2086.14309929776	-19.8045179829313	4+	FALSE	292.604019901641	235.524019901641	230.694771890971	236.843026690162
1	PRI001	1	259.378144614966	258.377215627737	260.379073602194	-2086.14309929776	-18.9182572457526	4+	FALSE	243.182328668267	224.379328668267	215.841839311355	224.486000779767
1	PRI005	1	259.378144614966	258.377215627737	260.379073602194	-2086.14309929776	-39.9675834921833	4+	FALSE	238.043735526707	222.013735526707	216.504092941635	223.133593426818
1	PRI006	1	259.378144614966	258.377215627737	260.379073602194	-2086.14309929776	-8.76680732959333	4+	FALSE	254.418162755327	219.616162755327	216.340073108274	223.127003673664
2	PEN001_real2	2	265.366850054976	263.923272832171	266.81042727778	-1054.26263754219	-43.2213738119583	4+	FALSE	265.342165286915	260.295165286915	260.061485791046	264.019950785216
2	PEN003	2	265.366850054976	263.923272832171	266.81042727778	-1054.26263754219	-59.1000415166925	4+	FALSE	265.450354464414	260.813354464414	260.172373557818	263.984038397204
2	PEN003	2	265.366850054976	263.923272832171	266.81042727778	-1054.26263754219	-66.9681185636196	4+	FALSE	266.897036060986	262.260036060986	260.168239166428	264.272520213688
2	LBR001	2	265.366850054976	263.923272832171	266.81042727778	-1054.26263754219	-5.87177985388562	4+	FALSE	264.555434898699	240.287434898699	238.206339288386	244.45872223818
2	LBR002	2	265.366850054976	263.923272832171	266.81042727778	-1054.26263754219	-5.67418197513669	4+	FALSE	265.368728491358	250.140728491358	245.217504197316	255.326418385308
2	LBR003	2	265.366850054976	263.923272832171	266.81042727778	-1054.26263754219	-7.14151402531698	4+	FALSE	264.127314500908	240.628314500908	234.848472433863	242.332650764513
2	LBR004	2	265.366850054976	263.923272832171	266.81042727778	-1054.26263754219	-10.6825846494099	4+	FALSE	272.82749397071	246.80149397071	238.544551872478	247.404990683568
2	BERG02-2.SG	1	246.69381720326	244.964831942445	248.422802464075	-1054.26263754219	-7.17820747048889	4+	FALSE	248.267083689732	207.425083689732	205.641124779599	213.796013798215
2	BERG157-2.SG	1	246.69381720326	244.964831942445	248.422802464075	-1054.26263754219	-9.04973505355099	4+	FALSE	252.751213686154	217.579213686154	209.404696909976	222.583942175178
2	BERG157-7.SG	1	246.69381720326	244.964831942445	248.422802464075	-1054.26263754219	-15.9923956844499	4+	FALSE	247.104866897107	222.138866897107	216.156056907202	223.767823922998
2	BUCH2.SG	1	246.69381720326	244.964831942445	248.422802464075	-1054.26263754219	-15.0536783697622	4+	FALSE	260.006574134507	222.479574134507	219.881951339942	226.439251839931
2	PSS4693.SG	1	246.69381720326	244.964831942445	248.422802464075	-1054.26263754219	-19.108523363503	4+	FALSE	230.69191648393	196.53491648393	189.75684249614	198.244040306125
2	ROS102.SG	1	246.69381720326	244.964831942445	248.422802464075	-1054.26263754219	-129.589436976107	4+	FALSE	243.658696746227	240.489696746227	239.591133583703	241.003349466649
2	ROS45.SG	2	265.366850054976	263.923272832171	266.81042727778	-1054.26263754219	-7.62719514975315	4+	FALSE	261.808216407266	238.779216407266	234.405917365503	240.527867335314
2	ROS78.SG	2	265.366850054976	263.923272832171	266.81042727778	-1054.26263754219	-8.07288621530599	4+	FALSE	261.225233394809	237.993233394809	230.56044940105	240.911297894283
2	ROS82.SG	1	246.69381720326	244.964831942445	248.422802464075	-1054.26263754219	-12.549518531557	4+	FALSE	257.237194229742	235.476194229742	232.480561151792	240.226031968933
2	WET370.SG	1	246.69381720326	244.964831942445	248.422802464075	-1054.26263754219	-20.1463612269179	4+	FALSE	273.256032792762	197.668032792762	190.423699087298	199.425740745201
2	BLP10.SG	1	246.69381720326	244.964831942445	248.422802464075	-1054.26263754219	-18.7714156725702	4+	FALSE	230.069470053312	215.268470053312	212.371016968923	220.848833342731
2	Es97-1.SG	2	265.366850054976	263.923272832171	266.81042727778	-1054.26263754219	-7.81453592413096	4+	FALSE	264.511737719309	224.984737719309	220.553824300545	242.75527474379
2	FLR001	1	246.69381720326	244.964831942445	248.422802464075	-1054.26263754219	-7.56340846687989	4+	FALSE	247.392839815447	227.963839815447	225.895936141705	231.581568626961
2	FLR002	1	246.69381720326	244.964831942445	248.422802464075	-1054.26263754219	-9.9228184503924	4+	FALSE	252.381570249353	218.427570249353	211.367545527113	219.971378986271
2	FLR003	2	265.366850054976	263.923272832171	266.81042727778	-1054.26263754219	-9.99901298505816	4+	FALSE	271.992407037742	225.583407037742	225.45181697726	231.291976012184
2	FLR004	2	265.366850054976	263.923272832171	266.81042727778	-1054.26263754219	-7.8783246895512	4+	FALSE	266.261658920511	230.954658920511	229.020084491	236.14695023463
2	FLR005	2	265.366850054976	263.923272832171	266.81042727778	-1054.26263754219	-9.45470660744166	4+	FALSE	271.025071065904	226.276071065904	221.950983364933	228.120961751772
2	FLR007	1	246.69381720326	244.964831942445	248.422802464075	-1054.26263754219	-11.1821358028016	4+	FALSE	256.856690673928	225.819690673928	224.403534694542	228.318322547636
2	FLR010	1	246.69381720326	244.964831942445	248.422802464075	-1054.26263754219	-7.14802302357879	4+	FALSE	247.436547827878	225.146547827878	224.965502899388	228.333691651144
2	FLR013	1	246.69381720326	244.964831942445	248.422802464075	-1054.26263754219	-7.4270559142215	4+	FALSE	248.614544961581	229.053544961581	225.113671422371	229.723782924137
2	FLR014	2	265.366850054976	263.923272832171	266.81042727778	-1054.26263754219	-27.2994360924214	4+	FALSE	260.311838317676	230.743838317676	227.258120374059	231.967531004555
2	GRG003	1	246.69381720326	244.964831942445	248.422802464075	-1054.26263754219	-8.42577679475926	4+	FALSE	251.401867311115	220.401867311115	213.191623734643	242.580011911508
2	GRG008	1	246.69381720326	244.964831942445	248.422802464075	-1054.26263754219	-10.480889655899	4+	FALSE	254.70201774149	213.90501774149	212.766046446216	241.847765795995
2	GRG015	2	265.366850054976	263.923272832171	266.81042727778	-1054.26263754219	-19.4717961354222	4+	FALSE	257.82050831367	230.30450831367	214.438615652658	242.963509361393
2	GRG016	1	246.69381720326	244.964831942445	248.422802464075	-1054.26263754219	-11.8595872933338	4+	FALSE	258.26873267333	230.19973267333	225.594100256368	231.660996459046
2	GRG018	1	246.69381720326	244.964831942445	248.422802464075	-1054.26263754219	-15.7846369146578	4+	FALSE	266.834350446501	238.530350446501	231.955716147158	240.259576158917
2	GRG019	1	246.69381720326	244.964831942445	248.422802464075	-1054.26263754219	-9.43093782308683	4+	FALSE	250.412481388969	222.734481388969	213.650619729222	244.10192895926
2	GRG022	2	265.366850054976	263.923272832171	266.81042727778	-1054.26263754219	-5.83487577214699	4+	FALSE	266.331663830799	226.361663830799	213.228967724301	236.352596641934
2	GRG023	2	265.366850054976	263.923272832171	266.81042727778	-1054.26263754219	-6.34863295335649	4+	FALSE	266.675397464349	223.727397464349	212.776042664024	236.888344290076
2	GRG025	2	265.366850054976	263.923272832171	266.81042727778	-1054.26263754219	-9.53593018293983	4+	FALSE	259.316327124007	214.106327124007	212.906376792983	233.4624497802
2	GRG027	2	265.366850054976	263.923272832171	266.81042727778	-1054.26263754219	-7.76759889244237	4+	FALSE	267.540095745117	235.295095745117	234.730772834072	242.361407605308
2	GRG028	2	265.366850054976	263.923272832171	266.81042727778	-1054.26263754219	-6.53553438166804	4+	FALSE	264.012748353231	236.388748353231	234.403528058637	242.095758940237
2	GRG032	1	246.69381720326	244.964831942445	248.422802464075	-1054.26263754219	-11.5829193890718	4+	FALSE	257.391397375344	213.281397375344	212.551456551234	223.028950940223
2	GRG035	1	246.69381720326	244.964831942445	248.422802464075	-1054.26263754219	-8.7705729422976	4+	FALSE	243.104868275149	222.478868275149	216.820279304271	246.715610680986
2	GRG041	1	246.69381720326	244.964831942445	248.422802464075	-1054.26263754219	-8.56486964924966	4+	FALSE	251.806728783733	232.457728783733	214.631599216539	246.820306881065
2	GRG043	1	246.69381720326	244.964831942445	248.422802464075	-1054.26263754219	-10.6199121379104	4+	FALSE	255.651281839947	221.424281839947	212.867660615926	243.928610989159
2	GRG047	1	246.69381720326	244.964831942445	248.422802464075	-1054.26263754219	-15.1763111515817	4+	FALSE	237.292900561463	220.761900561463	220.361518177379	247.109953074583
2	GRG049	2	265.366850054976	263.923272832171	266.81042727778	-1054.26263754219	-20.5012574124484	4+	FALSE	298.183589586797	235.242589586797	229.171975067263	240.139670685017
2	GRG050	2	265.366850054976	263.923272832171	266.81042727778	-1054.26263754219	-7.33755795612024	4+	FALSE	268.591650327037	240.799650327037	214.303039394976	246.385299544116
2	GRG052	1	246.69381720326	244.964831942445	248.422802464075	-1054.26263754219	-13.3966744103755	4+	FALSE	261.34643229371	231.88343229371	213.618351670032	246.87752078753
2	GRG056	1	246.69381720326	244.964831942445	248.422802464075	-1054.26263754219	-7.65956096157337	4+	FALSE	249.635311399963	213.714311399963	212.961589553327	241.694502473651
2	GRG057	1	246.69381720326	244.964831942445	248.422802464075	-1054.26263754219	-18.3890539371847	4+	FALSE	268.007523886108	232.536523886108	232.183951847107	240.235607977952
2	OBN002	1	246.69381720326	244.964831942445	248.422802464075	-1054.26263754219	-38.7671574007815	4+	FALSE	243.929962229608	236.835962229608	235.966869100646	245.486594272578
2	OBN004	1	246.69381720326	244.964831942445	248.422802464075	-1054.26263754219	-10.2868780364906	4+	FALSE	238.863951420151	232.819951420151	230.449322008844	236.455538791921
2	OBN005	2	265.366850054976	263.923272832171	266.81042727778	-1054.26263754219	-7.2536087373613	4+	FALSE	262.591228849644	245.088228849644	242.833100435738	248.830501963676
2	OBN006	1	246.69381720326	244.964831942445	248.422802464075	-1054.26263754219	-108.041532177251	4+	FALSE	250.434815077096	247.298815077096	246.633719273577	249.123806005453
2	OBN007	1	246.69381720326	244.964831942445	248.422802464075	-1054.26263754219	-8.22982904947184	4+	FALSE	246.177865042559	229.288865042559	225.260397071726	231.535928486239
2	OBN008	1	246.69381720326	244.964831942445	248.422802464075	-1054.26263754219	-7.48508473478304	4+	FALSE	245.1110002187	231.8070002187	230.482493976996	236.770025748394
2	OBN009	2	265.366850054976	263.923272832171	266.81042727778	-1054.26263754219	-8.38793620430391	4+	FALSE	269.960543575401	230.573543575401	225.633825504188	231.51440156637
2	OBN010	2	265.366850054976	263.923272832171	266.81042727778	-1054.26263754219	-7.02763282956338	4+	FALSE	263.19216306626	247.29516306626	230.706608818478	248.025617222967
2	OBN011	1	246.69381720326	244.964831942445	248.422802464075	-1054.26263754219	-20.20500927242	4+	FALSE	287.611928224955	230.531928224955	230.631037692539	236.794456579024
2	PRI001	1	246.69381720326	244.964831942445	248.422802464075	-1054.26263754219	-8.30101498104631	4+	FALSE	242.288098426605	223.485098426605	215.786817400239	224.53645794739
2	PRI005	1	246.69381720326	244.964831942445	248.422802464075	-1054.26263754219	-17.6631476104178	4+	FALSE	234.60298274325	218.57298274325	216.445258387831	223.105111972296
2	PRI006	1	246.69381720326	244.964831942445	248.422802464075	-1054.26263754219	-11.6505136943118	4+	FALSE	253.922440442515	219.120440442515	216.194302099757	223.047899638145
3	PEN001_real2	3	263.626986617106	262.176366298023	265.077606936189	-737.482888255248	-8.43358890593952	4+	FALSE	265.194214768986	260.147214768986	260.119920061469	264.361576655081
3	PEN003	3	263.626986617106	262.176366298023	265.077606936189	-737.482888255248	-10.7337622834736	4+	FALSE	265.136094283973	260.499094283973	260.082926315388	264.413118937601
3	PEN003	3	263.626986617106	262.176366298023	265.077606936189	-737.482888255248	-7.13844092553744	4+	FALSE	264.72728514285	260.09028514285	260.117765197023	264.41310848156
3	LBR001	2	260.949928131565	258.386365147438	263.513491115691	-737.482888255248	-11.6085165923947	4+	FALSE	263.726338451355	239.458338451355	238.038575418528	244.381454295226
3	LBR002	2	260.949928131565	258.386365147438	263.513491115691	-737.482888255248	-8.61376640331114	4+	FALSE	260.871043311845	245.643043311845	245.052400761018	255.213119301013
3	LBR003	3	263.626986617106	262.176366298023	265.077606936189	-737.482888255248	-8.86014746854442	4+	FALSE	260.703590854102	237.204590854102	234.671199003068	242.269048251417
3	LBR004	2	260.949928131565	258.386365147438	263.513491115691	-737.482888255248	-8.57114633514567	4+	FALSE	265.879145364539	239.853145364539	238.519568404001	247.029731790344
3	BERG02-2.SG	2	260.949928131565	258.386365147438	263.513491115691	-737.482888255248	-13.0057030996115	4+	FALSE	251.461809097561	210.619809097561	205.658007752092	213.640002514774
3	BERG157-2.SG	2	260.949928131565	258.386365147438	263.513491115691	-737.482888255248	-8.20880021282732	4+	FALSE	256.761785102489	221.589785102489	209.789075299964	222.973512176292
3	BERG157-7.SG	1	241.041002698031	238.471791016301	243.61021437976	-737.482888255248	-6.92842749069196	4+	FALSE	239.36036419289	214.39436419289	214.642667629623	223.271470723374
3	BUCH2.SG	2	260.949928131565	258.386365147438	263.513491115691	-737.482888255248	-7.6580762312457	4+	FALSE	258.903587149487	221.376587149487	219.898320241856	226.525027994731
3	PSS4693.SG	1	241.041002698031	238.471791016301	243.61021437976	-737.482888255248	-12.281892867045	4+	FALSE	232.281991776688	198.124991776688	189.419500572341	198.259077835615
3	ROS102.SG	1	241.041002698031	238.471791016301	243.61021437976	-737.482888255248	-39.9324666276133	4+	FALSE	240.522104241525	237.353104241525	235.285704000022	240.963170220078
3	ROS45.SG	2	260.949928131565	258.386365147438	263.513491115691	-737.482888255248	-9.29463853691417	4+	FALSE	258.035860280342	235.006860280342	234.459106283777	240.548161961653
3	ROS78.SG	2	260.949928131565	258.386365147438	263.513491115691	-737.482888255248	-8.82186555537888	4+	FALSE	264.063984569585	240.831984569585	231.017520901722	240.755447989796
3	ROS82.SG	2	260.949928131565	258.386365147438	263.513491115691	-737.482888255248	-7.56605192383478	4+	FALSE	258.751599656411	236.990599656411	232.461509272689	240.1520703566
3	WET370.SG	2	260.949928131565	258.386365147438	263.513491115691	-737.482888255248	-12.0279778019559	4+	FALSE	272.405291537116	196.817291537116	190.623992758254	199.417535222684
3	BLP10.SG	1	241.041002698031	238.471791016301	243.61021437976	-737.482888255248	-12.223086713111	4+	FALSE	232.446737760467	217.645737760467	212.45598507453	220.851787435281
3	Es97-1.SG	2	260.949928131565	258.386365147438	263.513491115691	-737.482888255248	-12.4630177814949	4+	FALSE	271.206276220633	231.679276220633	219.871878968219	242.117921950661
3	FLR001	1	241.041002698031	238.471791016301	243.61021437976	-737.482888255248	-12.5274770675176	4+	FALSE	248.46415861758	229.03515861758	225.735988745937	231.708241052502
3	FLR002	2	260.949928131565	258.386365147438	263.513491115691	-737.482888255248	-11.1570802852147	4+	FALSE	251.123388602887	217.169388602887	211.105162371482	219.861210354258
3	FLR003	2	260.949928131565	258.386365147438	263.513491115691	-737.482888255248	-18.0340769224249	4+	FALSE	276.257554406748	229.848554406748	225.330524537388	231.20190154816
3	FLR004	3	263.626986617106	262.176366298023	265.077606936189	-737.482888255248	-6.91172708922257	4+	FALSE	265.68587774032	230.37887774032	229.002415700171	236.179504795233
3	FLR005	2	260.949928131565	258.386365147438	263.513491115691	-737.482888255248	-8.9522426042283	4+	FALSE	266.825317970042	222.076317970042	221.948773487338	228.087894444902
3	FLR007	2	260.949928131565	258.386365147438	263.513491115691	-737.482888255248	-9.16812064367782	4+	FALSE	257.574805735599	226.537805735599	224.416407061184	228.267288402416
3	FLR010	2	260.949928131565	258.386365147438	263.513491115691	-737.482888255248	-14.2354257461367	4+	FALSE	249.7750822949	227.4850822949	224.939720804348	228.409623615489
3	FLR013	2	260.949928131565	258.386365147438	263.513491115691	-737.482888255248	-18.2671502383136	4+	FALSE	246.206967973064	226.645967973064	225.0593998106	229.702177177183
3	FLR014	3	263.626986617106	262.176366298023	265.077606936189	-737.482888255248	-14.4504720060571	4+	FALSE	259.58040440641	230.01240440641	226.863530272269	231.924062456354
3	GRG003	2	260.949928131565	258.386365147438	263.513491115691	-737.482888255248	-7.91304975255447	4+	FALSE	257.194598181506	226.194598181506	213.486900696132	243.87822168293
3	GRG008	2	260.949928131565	258.386365147438	263.513491115691	-737.482888255248	-9.95761177147227	4+	FALSE	253.608762634997	212.811762634997	213.431153853058	243.622558999674
3	GRG015	1	241.041002698031	238.471791016301	243.61021437976	-737.482888255248	-5.14766730096497	4+	FALSE	241.594218137313	214.078218137313	212.77708043178	243.997776109193
3	GRG016	2	260.949928131565	258.386365147438	263.513491115691	-737.482888255248	-9.78426391091395	4+	FALSE	254.67730118987	226.60830118987	225.538827183558	231.67980915452
3	GRG018	2	260.949928131565	258.386365147438	263.513491115691	-737.482888255248	-10.5352167013757	4+	FALSE	265.158879301183	236.854879301183	231.868829565379	240.205044148574
3	GRG019	2	260.949928131565	258.386365147438	263.513491115691	-737.482888255248	-7.80473390229595	4+	FALSE	259.676126415004	231.998126415004	212.773610257344	244.603444424658
3	GRG022	2	260.949928131565	258.386365147438	263.513491115691	-737.482888255248	-16.2339539154524	4+	FALSE	267.634509340788	227.664509340788	212.503538535176	234.176378856812
3	GRG023	2	260.949928131565	258.386365147438	263.513491115691	-737.482888255248	-7.49676439350471	4+	FALSE	259.100441157361	216.152441157361	213.161701253141	232.520228270109
3	GRG025	2	260.949928131565	258.386365147438	263.513491115691	-737.482888255248	-7.02667898821382	4+	FALSE	261.823602094419	216.613602094419	213.012099641907	232.995410019066
3	GRG027	2	260.949928131565	258.386365147438	263.513491115691	-737.482888255248	-10.4634198379156	4+	FALSE	268.73308991682	236.48808991682	234.617277855661	242.215176276207
3	GRG028	2	260.949928131565	258.386365147438	263.513491115691	-737.482888255248	-8.32095377731376	4+	FALSE	264.703353843716	237.079353843716	234.376590955614	241.83069616583
3	GRG032	2	260.949928131565	258.386365147438	263.513491115691	-737.482888255248	-8.2858042095095	4+	FALSE	259.139182840538	215.029182840538	212.607030351446	223.349738922736
3	GRG035	2	260.949928131565	258.386365147438	263.513491115691	-737.482888255248	-11.5612976815167	4+	FALSE	267.11775978432	246.49175978432	214.389435953178	247.056416394065
3	GRG041	2	260.949928131565	258.386365147438	263.513491115691	-737.482888255248	-7.27764296639248	4+	FALSE	260.513850214097	241.164850214097	215.21632820846	247.885013932163
3	GRG043	2	260.949928131565	258.386365147438	263.513491115691	-737.482888255248	-14.705858138853	4+	FALSE	276.812301883186	242.585301883186	213.482967537961	246.602601237828
3	GRG047	2	260.949928131565	258.386365147438	263.513491115691	-737.482888255248	-7.4131245169295	4+	FALSE	258.919894882918	242.388894882918	217.546998754551	247.957488407182
3	GRG049	2	260.949928131565	258.386365147438	263.513491115691	-737.482888255248	-18.297317367112	4+	FALSE	292.072034893116	229.131034893116	229.156949994861	240.047930878909
3	GRG050	2	260.949928131565	258.386365147438	263.513491115691	-737.482888255248	-8.75728053082298	4+	FALSE	262.824752498851	235.032752498851	212.919518119972	245.872399205941
3	GRG052	2	260.949928131565	258.386365147438	263.513491115691	-737.482888255248	-11.6965383358881	4+	FALSE	272.142069793251	242.679069793251	214.167088150446	246.943629197943
3	GRG056	2	260.949928131565	258.386365147438	263.513491115691	-737.482888255248	-7.74785547471065	4+	FALSE	257.709008541002	221.788008541002	213.717666048823	244.806212543543
3	GRG057	2	260.949928131565	258.386365147438	263.513491115691	-737.482888255248	-11.5536813699954	4+	FALSE	271.860371581434	236.389371581434	232.203139116763	240.37750884247
3	OBN002	1	241.041002698031	238.471791016301	243.61021437976	-737.482888255248	-14.4957165409305	4+	FALSE	243.20536610021	236.11136610021	231.282938211059	241.902874160691
3	OBN004	2	260.949928131565	258.386365147438	263.513491115691	-737.482888255248	-21.1762132595805	4+	FALSE	237.153422747362	231.109422747362	230.425378172276	236.58514789768
3	OBN005	2	260.949928131565	258.386365147438	263.513491115691	-737.482888255248	-7.77644220503435	4+	FALSE	264.135981524403	246.632981524403	242.90672108952	248.828758660903
3	OBN006	3	263.626986617106	262.176366298023	265.077606936189	-737.482888255248	-55.5679900743799	4+	FALSE	258.252027113474	255.116027113474	253.959663962463	255.671699081713
3	OBN007	2	260.949928131565	258.386365147438	263.513491115691	-737.482888255248	-15.3073333280993	4+	FALSE	245.377975815849	228.488975815849	225.160493317969	231.500269497964
3	OBN008	1	241.041002698031	238.471791016301	243.61021437976	-737.482888255248	-7.19793207563949	4+	FALSE	244.249384981668	230.945384981668	230.422064065793	236.770914469862
3	OBN009	2	260.949928131565	258.386365147438	263.513491115691	-737.482888255248	-8.21301490900805	4+	FALSE	265.138000365251	225.751000365251	225.667266938192	231.486350633062
3	OBN010	2	260.949928131565	258.386365147438	263.513491115691	-737.482888255248	-13.0579759794476	4+	FALSE	258.004176148732	242.107176148732	230.75472893501	247.71855335982
3	OBN011	2	260.949928131565	258.386365147438	263.513491115691	-737.482888255248	-18.895631070425	4+	FALSE	289.953439338058	232.873439338058	230.636050217436	236.89012377779
3	PRI001	2	260.949928131565	258.386365147438	263.513491115691	-737.482888255248	-20.6619671576359	4+	FALSE	243.486931125802	224.683931125802	215.658847605369	224.594372681826
3	PRI005	1	241.041002698031	238.471791016301	243.61021437976	-737.482888255248	-9.79227802862347	4+	FALSE	235.031984125602	219.001984125602	216.463799789615	223.054713647746
3	PRI006	2	260.949928131565	258.386365147438	263.513491115691	-737.482888255248	-9.28453242387203	4+	FALSE	255.873848484488	221.071848484488	216.248352765647	223.134049447254
4	PEN001_real2	4	265.160746944754	263.253360846036	267.068133043472	-613.788264536631	-1.64053529903103	4+	TRUE	265.150739865224	260.103739865224	260.126048354332	264.83558913455
4	PEN003	4	265.160746944754	263.253360846036	267.068133043472	-613.788264536631	-2.03278393452673	4+	TRUE	265.185479716227	260.548479716227	260.343018087736	265.049529904633
4	PEN003	4	265.160746944754	263.253360846036	267.068133043472	-613.788264536631	-4.05444439003222	4+	TRUE	265.935632788671	261.298632788671	260.28507053117	265.042326773717
4	LBR001	3	263.547665501487	260.796742912257	266.298588090717	-613.788264536631	-6.74135298604372	4+	TRUE	264.204340920544	239.936340920544	238.105540623245	244.410882811329
4	LBR002	3	263.547665501487	260.796742912257	266.298588090717	-613.788264536631	-6.27969264239457	4+	TRUE	264.02623308305	248.79823308305	244.877615257034	255.10890808166
4	LBR003	3	263.547665501487	260.796742912257	266.298588090717	-613.788264536631	-9.15661061509384	4+	TRUE	264.853994883329	241.354994883329	234.605804794934	242.399954426765
4	LBR004	3	263.547665501487	260.796742912257	266.298588090717	-613.788264536631	-10.525994977305	4+	TRUE	271.081446885792	245.055446885792	238.513989713342	247.230714198751
4	BERG02-2.SG	2	247.897796175406	243.832294078067	251.963298272746	-613.788264536631	-7.57469096698832	4+	TRUE	246.530692320504	205.688692320504	205.710356916214	213.796998784962
4	BERG157-2.SG	2	247.897796175406	243.832294078067	251.963298272746	-613.788264536631	-7.66850921365699	4+	TRUE	246.033601820215	210.861601820215	209.368922534797	222.972958128002
4	BERG157-7.SG	1	246.857886576075	244.166258797863	249.549514354286	-613.788264536631	-6.29648536509294	4+	TRUE	245.389750243382	220.423750243382	214.898313320014	223.68385287657
4	BUCH2.SG	3	263.547665501487	260.796742912257	266.298588090717	-613.788264536631	-9.39600083388398	4+	TRUE	257.481048171972	219.954048171972	219.927627483349	226.57021362638
4	PSS4693.SG	2	247.897796175406	243.832294078067	251.963298272746	-613.788264536631	-18.6349272294226	4+	TRUE	232.29513672534	198.13813672534	189.541161283372	198.255171399031
4	ROS102.SG	1	246.857886576075	244.166258797863	249.549514354286	-613.788264536631	-20.0701881626035	4+	TRUE	244.14060502154	240.97160502154	236.529491886592	241.023632699425
4	ROS45.SG	3	263.547665501487	260.796742912257	266.298588090717	-613.788264536631	-6.12710781113723	4+	TRUE	263.434496299549	240.405496299549	234.462269201808	240.571042293266
4	ROS78.SG	3	263.547665501487	260.796742912257	266.298588090717	-613.788264536631	-6.10471084986603	4+	TRUE	263.332478649506	240.100478649506	230.797275687136	240.766198243177
4	ROS82.SG	3	263.547665501487	260.796742912257	266.298588090717	-613.788264536631	-11.1801018329663	4+	TRUE	254.794899586848	233.033899586848	232.375866106346	240.221824543418
4	WET370.SG	2	247.897796175406	243.832294078067	251.963298272746	-613.788264536631	-17.8547219030256	4+	TRUE	271.787818145009	196.199818145009	190.426985716777	199.388761886557
4	BLP10.SG	2	247.897796175406	243.832294078067	251.963298272746	-613.788264536631	-17.4041950012327	4+	TRUE	232.337830722371	217.536830722371	212.31208541843	220.794467327201
4	Es97-1.SG	3	263.547665501487	260.796742912257	266.298588090717	-613.788264536631	-8.01761745611471	4+	TRUE	266.896856020336	227.369856020336	220.11312323822	241.501313538714
4	FLR001	2	247.897796175406	243.832294078067	251.963298272746	-613.788264536631	-8.85083853749468	4+	TRUE	247.613826528695	228.184826528695	225.74108237236	231.679172587564
4	FLR002	2	247.897796175406	243.832294078067	251.963298272746	-613.788264536631	-9.00468394028483	4+	TRUE	247.349846341337	213.395846341337	211.192466231648	219.898527732172
4	FLR003	3	263.547665501487	260.796742912257	266.298588090717	-613.788264536631	-14.6956006115182	4+	TRUE	275.98304958663	229.57404958663	225.406679442643	231.344531244835
4	FLR004	4	265.160746944754	263.253360846036	267.068133043472	-613.788264536631	-5.90180462714992	4+	TRUE	266.107543643734	230.800543643734	229.066267126535	236.360055345976
4	FLR005	3	263.547665501487	260.796742912257	266.298588090717	-613.788264536631	-8.17565339785152	4+	TRUE	266.915681921442	222.166681921442	221.961549024448	228.140682535695
4	FLR007	2	247.897796175406	243.832294078067	251.963298272746	-613.788264536631	-10.0036939507179	4+	TRUE	255.761634845675	224.724634845675	224.472622916788	228.359128895689
4	FLR010	2	247.897796175406	243.832294078067	251.963298272746	-613.788264536631	-7.61062385158038	4+	TRUE	249.819976339728	227.529976339728	224.908799577022	228.390503904175
4	FLR013	2	247.897796175406	243.832294078067	251.963298272746	-613.788264536631	-7.43103766207849	4+	TRUE	247.488103728655	227.927103728655	225.164763263094	229.724382683332
4	FLR014	4	265.160746944754	263.253360846036	267.068133043472	-613.788264536631	-18.4746221006639	4+	TRUE	260.473288751503	230.905288751503	225.8065567978	231.962706976516
4	GRG003	2	247.897796175406	243.832294078067	251.963298272746	-613.788264536631	-7.46419057160268	4+	TRUE	248.803953067466	217.803953067466	214.896700417531	245.785655845456
4	GRG008	3	263.547665501487	260.796742912257	266.298588090717	-613.788264536631	-7.62436440645955	4+	TRUE	261.51315732275	220.71615732275	213.24656203755	241.220389926873
4	GRG015	3	263.547665501487	260.796742912257	266.298588090717	-613.788264536631	-6.96031945094321	4+	TRUE	263.964569158425	236.448569158425	213.105196076711	242.109393788685
4	GRG016	2	247.897796175406	243.832294078067	251.963298272746	-613.788264536631	-11.1165365926559	4+	TRUE	258.493482541126	230.424482541126	225.627537720724	231.728398103661
4	GRG018	2	247.897796175406	243.832294078067	251.963298272746	-613.788264536631	-13.0456491471387	4+	TRUE	263.153993337619	234.849993337619	231.946815956229	240.175868281538
4	GRG019	3	263.547665501487	260.796742912257	266.298588090717	-613.788264536631	-6.16920214075492	4+	TRUE	262.806497814627	235.128497814627	213.030642608438	244.200867086433
4	GRG022	3	263.547665501487	260.796742912257	266.298588090717	-613.788264536631	-6.33691389593811	4+	TRUE	264.326184457429	224.356184457429	212.593246901607	233.613840863109
4	GRG023	3	263.547665501487	260.796742912257	266.298588090717	-613.788264536631	-6.41804987188204	4+	TRUE	264.963837001215	222.015837001215	212.970923999923	234.780940220558
4	GRG025	3	263.547665501487	260.796742912257	266.298588090717	-613.788264536631	-7.66544209044816	4+	TRUE	259.762417282747	214.552417282747	213.105251781443	235.604245508356
4	GRG027	3	263.547665501487	260.796742912257	266.298588090717	-613.788264536631	-8.10601869010727	4+	TRUE	267.557055658059	235.312055658059	234.632934922151	242.178457095652
4	GRG028	3	263.547665501487	260.796742912257	266.298588090717	-613.788264536631	-7.14456929975796	4+	TRUE	266.534305223095	238.910305223095	234.443204467002	242.045521388157
4	GRG032	3	263.547665501487	260.796742912257	266.298588090717	-613.788264536631	-9.71543424668617	4+	TRUE	258.088362512775	213.978362512775	212.608883571811	223.200422167878
4	GRG035	2	247.897796175406	243.832294078067	251.963298272746	-613.788264536631	-17.9384609495795	4+	TRUE	257.065090090737	236.439090090737	216.218255495187	247.915300201359
4	GRG041	2	247.897796175406	243.832294078067	251.963298272746	-613.788264536631	-10.9813016935958	4+	TRUE	239.420583513969	220.071583513969	214.086840853893	247.300715644711
4	GRG043	2	247.897796175406	243.832294078067	251.963298272746	-613.788264536631	-8.72350742224898	4+	TRUE	251.134528812798	216.907528812798	214.040517720735	247.369847854758
4	GRG047	3	263.547665501487	260.796742912257	266.298588090717	-613.788264536631	-10.061382718492	4+	TRUE	257.167531140522	240.636531140522	217.680129658714	247.390013123264
4	GRG049	3	263.547665501487	260.796742912257	266.298588090717	-613.788264536631	-21.6853120652681	4+	TRUE	301.237045287329	238.296045287329	229.222297208489	240.078644290009
4	GRG050	2	247.897796175406	243.832294078067	251.963298272746	-613.788264536631	-15.8076189466178	4+	TRUE	253.907454879723	226.115454879723	212.935378540715	243.39317913109
4	GRG052	2	247.897796175406	243.832294078067	251.963298272746	-613.788264536631	-9.00468744619255	4+	TRUE	246.520595022821	217.057595022821	213.679184194812	246.87774653347
4	GRG056	3	263.547665501487	260.796742912257	266.298588090717	-613.788264536631	-7.37438056396651	4+	TRUE	264.405466598768	228.484466598768	213.317606832633	244.150103467941
4	GRG057	3	263.547665501487	260.796742912257	266.298588090717	-613.788264536631	-10.8946930211318	4+	TRUE	270.212810580624	234.741810580624	232.268438055418	240.408079566044
4	OBN002	1	246.857886576075	244.166258797863	249.549514354286	-613.788264536631	-5.64807293798364	4+	TRUE	248.658454504156	241.564454504156	232.500475529482	247.966359142447
4	OBN004	2	247.897796175406	243.832294078067	251.963298272746	-613.788264536631	-9.95137437781928	4+	TRUE	240.258783646017	234.214783646017	230.383892356269	236.483744847905
4	OBN005	3	263.547665501487	260.796742912257	266.298588090717	-613.788264536631	-6.52957350139555	4+	TRUE	263.176119273053	245.673119273053	242.756952210296	248.850626484125
4	OBN006	1	246.857886576075	244.166258797863	249.549514354286	-613.788264536631	-19.3316162206167	4+	TRUE	249.91085085944	246.77485085944	246.587185305951	255.393329587773
4	OBN007	2	247.897796175406	243.832294078067	251.963298272746	-613.788264536631	-8.07426488346175	4+	TRUE	247.394254657016	230.505254657016	225.061924876989	231.402310694376
4	OBN008	2	247.897796175406	243.832294078067	251.963298272746	-613.788264536631	-8.66250356151808	4+	TRUE	249.798514840073	236.494514840073	230.616700864163	236.77614395574
4	OBN009	3	263.547665501487	260.796742912257	266.298588090717	-613.788264536631	-7.49028210378313	4+	TRUE	266.859043067574	227.472043067574	225.606591534967	231.315999753047
4	OBN010	3	263.547665501487	260.796742912257	266.298588090717	-613.788264536631	-10.6770214398797	4+	TRUE	259.700118910208	243.803118910208	230.756301825334	247.797539921573
4	OBN011	2	247.897796175406	243.832294078067	251.963298272746	-613.788264536631	-20.1414023922415	4+	TRUE	292.103094852571	235.023094852571	230.629629837209	236.815486645442
4	PRI001	2	247.897796175406	243.832294078067	251.963298272746	-613.788264536631	-8.65941947586727	4+	TRUE	242.780129156136	223.977129156136	215.470529022668	224.563909351342
4	PRI005	2	247.897796175406	243.832294078067	251.963298272746	-613.788264536631	-21.5344604141161	4+	TRUE	234.046833329707	218.016833329707	216.359793333271	223.051320686604
4	PRI006	3	263.547665501487	260.796742912257	266.298588090717	-613.788264536631	-9.94100784672303	4+	TRUE	257.190433872922	222.388433872922	216.19726703336	223.158478054019
