# CLUSTERING STRENGTH + LIKELIHOOD K SELECTION RESULTS (DATES)
# Recommended K: 1
# Method: DATES
# Clustering strength threshold: 0.983
# Likelihood thresholds: k1 to k2(k=2):1.2 k1 to k2(k=3):2.59 k2 to k3:0.71 k3 to k4:0.49
#
model_k	pop	cluster	joint_date_est_best	joint_date_lowerci	joint_date_upperci	likelihood_mean	likelihood_per_ind	recommended_k	is_recommended	ind_date_est	sample_age_est_best	sample_age_lowerci_mean	sample_age_upperci_mean
1	FLR001	1	257.350345005272	255.510111470136	259.190578540409	-633.799065284619	-15.3432148066017	1	TRUE	249.258707917042	229.829707917042	225.960406950207	231.774183407133
1	FLR002	1	257.350345005272	255.510111470136	259.190578540409	-633.799065284619	-10.1455768554216	1	TRUE	250.978911665491	217.024911665491	211.252417411921	219.878891915988
1	FLR003	1	257.350345005272	255.510111470136	259.190578540409	-633.799065284619	-16.7261959141511	1	TRUE	271.681849527504	225.272849527504	225.301876238958	231.158076559699
1	FLR004	1	257.350345005272	255.510111470136	259.190578540409	-633.799065284619	-39.2687470318971	1	TRUE	264.535257593	229.228257593	228.908450935834	233.162807529593
1	FLR005	1	257.350345005272	255.510111470136	259.190578540409	-633.799065284619	-16.8260021798676	1	TRUE	271.738776286979	226.989776286979	221.985289471932	228.14671394509
1	FLR007	1	257.350345005272	255.510111470136	259.190578540409	-633.799065284619	-8.99861145874317	1	TRUE	258.62962701859	227.59262701859	224.45395867826	228.341706987877
1	FLR010	1	257.350345005272	255.510111470136	259.190578540409	-633.799065284619	-11.2653913828585	1	TRUE	248.799060595426	226.509060595426	224.979536006964	228.397476616461
1	FLR013	1	257.350345005272	255.510111470136	259.190578540409	-633.799065284619	-11.2522036727533	1	TRUE	248.448852339606	228.887852339606	225.15690651058	229.802926269162
1	FLR014	1	257.350345005272	255.510111470136	259.190578540409	-633.799065284619	-26.2609143888323	1	TRUE	256.483202552702	226.915202552702	225.778316201462	231.598080455728
1	GRG003	1	257.350345005272	255.510111470136	259.190578540409	-633.799065284619	-8.05338954680927	1	TRUE	261.44538266092	230.44538266092	214.178609112111	242.887720457969
1	GRG008	1	257.350345005272	255.510111470136	259.190578540409	-633.799065284619	-7.516371234409	1	TRUE	255.005057476208	214.208057476208	213.133089462229	238.146335784404
1	GRG015	1	257.350345005272	255.510111470136	259.190578540409	-633.799065284619	-10.36496509193	1	TRUE	256.639053525109	229.123053525109	220.627234752049	238.839033307159
1	GRG016	1	257.350345005272	255.510111470136	259.190578540409	-633.799065284619	-8.97327011331685	1	TRUE	258.082322675227	230.013322675227	225.670798039861	231.762838572743
1	GRG018	1	257.350345005272	255.510111470136	259.190578540409	-633.799065284619	-12.0121285033307	1	TRUE	268.412568214071	240.108568214071	231.890888505104	240.317494677959
1	GRG019	1	257.350345005272	255.510111470136	259.190578540409	-633.799065284619	-8.11250245398029	1	TRUE	255.04766858751	227.36966858751	217.535773490714	241.290982378165
1	GRG022	1	257.350345005272	255.510111470136	259.190578540409	-633.799065284619	-8.91365507474887	1	TRUE	255.490321559494	215.520321559494	213.000405878328	228.380136946674
1	GRG023	1	257.350345005272	255.510111470136	259.190578540409	-633.799065284619	-8.10014532382228	1	TRUE	260.572132830783	217.624132830783	212.953102153967	229.105718951074
1	GRG025	1	257.350345005272	255.510111470136	259.190578540409	-633.799065284619	-7.87151784364274	1	TRUE	260.862621627253	215.652621627253	212.679975609561	230.498952013815
1	GRG027	1	257.350345005272	255.510111470136	259.190578540409	-633.799065284619	-15.2484675093286	1	TRUE	269.522531042097	237.277531042097	234.588451855463	242.145056390405
1	GRG028	1	257.350345005272	255.510111470136	259.190578540409	-633.799065284619	-9.29853977520544	1	TRUE	262.421499048091	234.797499048091	234.247886677875	241.870259371439
1	GRG032	1	257.350345005272	255.510111470136	259.190578540409	-633.799065284619	-8.22916879662249	1	TRUE	256.893471243522	212.783471243522	212.66787704786	223.197446751918
1	GRG035	1	257.350345005272	255.510111470136	259.190578540409	-633.799065284619	-9.49683746869052	1	TRUE	261.915599725445	241.289599725445	222.821438695038	246.187021542158
1	GRG041	1	257.350345005272	255.510111470136	259.190578540409	-633.799065284619	-8.16542769651102	1	TRUE	261.614577654221	242.265577654221	218.925996406844	247.032010338236
1	GRG043	1	257.350345005272	255.510111470136	259.190578540409	-633.799065284619	-9.51805610328072	1	TRUE	262.967218005675	228.740218005675	213.43319190242	245.037734069463
1	GRG047	1	257.350345005272	255.510111470136	259.190578540409	-633.799065284619	-8.05223513271268	1	TRUE	253.882045962091	237.351045962091	225.365980156598	247.575778706024
1	GRG049	1	257.350345005272	255.510111470136	259.190578540409	-633.799065284619	-21.1579551979512	1	TRUE	297.229129391215	234.288129391215	229.127277195956	239.893672002414
1	GRG050	1	257.350345005272	255.510111470136	259.190578540409	-633.799065284619	-8.93955845128574	1	TRUE	259.82884837125	232.03684837125	218.678812387433	241.705958108235
1	GRG052	1	257.350345005272	255.510111470136	259.190578540409	-633.799065284619	-9.39957211851159	1	TRUE	259.094482991057	229.631482991057	213.796729605071	246.546072841323
1	GRG056	1	257.350345005272	255.510111470136	259.190578540409	-633.799065284619	-7.19480885747885	1	TRUE	257.428568296511	221.507568296511	213.109727762847	241.139004599453
1	GRG057	1	257.350345005272	255.510111470136	259.190578540409	-633.799065284619	-13.5471714902013	1	TRUE	271.987612950654	236.516612950654	232.217631451691	240.310097160916
1	OBN002	1	257.350345005272	255.510111470136	259.190578540409	-633.799065284619	-41.2765062840613	1	TRUE	253.698331309209	246.604331309209	243.175099674513	248.11375972422
1	OBN004	1	257.350345005272	255.510111470136	259.190578540409	-633.799065284619	-14.2970519065894	1	TRUE	241.707569751395	235.663569751395	230.430281970186	236.611891160808
1	OBN005	1	257.350345005272	255.510111470136	259.190578540409	-633.799065284619	-8.56555046729877	1	TRUE	261.915807952263	244.412807952263	242.859989861768	248.772164267113
1	OBN006	1	257.350345005272	255.510111470136	259.190578540409	-633.799065284619	-77.4378335077561	1	TRUE	257.67430939829	254.53830939829	250.452915319345	255.570259769756
1	OBN007	1	257.350345005272	255.510111470136	259.190578540409	-633.799065284619	-12.2021156411751	1	TRUE	245.736175989076	228.847175989076	225.268967777984	231.518522439029
1	OBN008	1	257.350345005272	255.510111470136	259.190578540409	-633.799065284619	-13.3799056703055	1	TRUE	249.619162990392	236.315162990392	230.693671799877	236.886743752947
1	OBN009	1	257.350345005272	255.510111470136	259.190578540409	-633.799065284619	-11.628897259693	1	TRUE	265.511671798532	226.124671798532	225.618504991531	231.465328668974
1	OBN010	1	257.350345005272	255.510111470136	259.190578540409	-633.799065284619	-11.2290657865719	1	TRUE	259.094492392002	243.197492392002	232.695057457542	247.575290613584
1	OBN011	1	257.350345005272	255.510111470136	259.190578540409	-633.799065284619	-19.0503801042052	1	TRUE	287.617227439112	230.537227439112	230.635889179164	236.834960128475
1	PRI001	1	257.350345005272	255.510111470136	259.190578540409	-633.799065284619	-16.0216172783745	1	TRUE	243.29590071042	224.49290071042	215.8605401189	224.600792568959
1	PRI005	1	257.350345005272	255.510111470136	259.190578540409	-633.799065284619	-37.4711409341556	1	TRUE	236.896117049342	220.866117049342	216.515598973243	223.130950931726
1	PRI006	1	257.350345005272	255.510111470136	259.190578540409	-633.799065284619	-6.98639896953576	1	TRUE	256.546245485336	221.744245485336	216.37253266514	223.08471342765
2	FLR001	1	251.861390023396	249.659851895715	254.062928151076	-485.699118174811	-5.84206815371498	1	FALSE	250.964653328274	231.535653328274	225.74273520654	231.713375350946
2	FLR002	2	264.68725311841	260.986461563799	268.388044673021	-485.699118174811	-11.4202583822889	1	FALSE	253.180158542292	219.226158542292	211.398019996977	219.949418246906
2	FLR003	2	264.68725311841	260.986461563799	268.388044673021	-485.699118174811	-10.1411702877038	1	FALSE	272.2142599974	225.8052599974	225.347033372276	231.204527624544
2	FLR004	2	264.68725311841	260.986461563799	268.388044673021	-485.699118174811	-27.6362441529183	1	FALSE	265.710919929506	230.403919929506	229.015918018746	236.376161393111
2	FLR005	2	264.68725311841	260.986461563799	268.388044673021	-485.699118174811	-7.81419403737479	1	FALSE	267.027419223598	222.278419223598	222.055969975005	228.154954387868
2	FLR007	2	264.68725311841	260.986461563799	268.388044673021	-485.699118174811	-9.99585551179588	1	FALSE	256.644655027632	225.607655027632	224.447389664553	228.322928280351
2	FLR010	1	251.861390023396	249.659851895715	254.062928151076	-485.699118174811	-8.08052703281035	1	FALSE	249.394461900308	227.104461900308	224.964963340909	228.35377488103
2	FLR013	1	251.861390023396	249.659851895715	254.062928151076	-485.699118174811	-8.58465360682783	1	FALSE	248.838621243748	229.277621243748	225.110041127141	229.766682842058
2	FLR014	1	251.861390023396	249.659851895715	254.062928151076	-485.699118174811	-17.3695154813196	1	FALSE	255.220563836808	225.652563836808	225.670420069563	230.222825527856
2	GRG003	2	264.68725311841	260.986461563799	268.388044673021	-485.699118174811	-13.9035602172136	1	FALSE	274.775347266014	243.775347266014	214.416224677448	246.033695228731
2	GRG008	2	264.68725311841	260.986461563799	268.388044673021	-485.699118174811	-7.54663682848529	1	FALSE	265.084096113299	224.287096113299	213.528423255775	243.573120453013
2	GRG015	1	251.861390023396	249.659851895715	254.062928151076	-485.699118174811	-6.02347804650941	1	FALSE	253.584655720779	226.068655720779	216.24800237062	240.477369320537
2	GRG016	2	264.68725311841	260.986461563799	268.388044673021	-485.699118174811	-10.3781761703189	1	FALSE	255.631015337579	227.562015337579	225.698315208769	231.634717216216
2	GRG018	2	264.68725311841	260.986461563799	268.388044673021	-485.699118174811	-10.0208460641191	1	FALSE	260.330532674482	232.026532674482	231.829764890551	240.286307222862
2	GRG019	1	251.861390023396	249.659851895715	254.062928151076	-485.699118174811	-5.76115516300634	1	FALSE	250.934471635042	223.256471635042	215.76561674301	244.478424936201
2	GRG022	1	251.861390023396	249.659851895715	254.062928151076	-485.699118174811	-5.9469118258135	1	FALSE	253.781676867772	213.811676867772	212.774108171288	234.464810691342
2	GRG023	1	251.861390023396	249.659851895715	254.062928151076	-485.699118174811	-8.50809717933005	1	FALSE	256.701859830155	213.753859830155	213.394624111035	237.239880286922
2	GRG025	2	264.68725311841	260.986461563799	268.388044673021	-485.699118174811	-7.92003204519019	1	FALSE	265.07909261572	219.86909261572	213.013790042273	236.690212824449
2	GRG027	2	264.68725311841	260.986461563799	268.388044673021	-485.699118174811	-9.03533309524888	1	FALSE	269.90457979581	237.65957979581	234.629456769155	242.144890832055
2	GRG028	2	264.68725311841	260.986461563799	268.388044673021	-485.699118174811	-10.2014789871868	1	FALSE	269.258360989938	241.634360989938	234.364700991841	242.111170505606
2	GRG032	2	264.68725311841	260.986461563799	268.388044673021	-485.699118174811	-8.66143196535774	1	FALSE	260.011288706443	215.901288706443	212.745580162011	223.18650592399
2	GRG035	1	251.861390023396	249.659851895715	254.062928151076	-485.699118174811	-13.1714665263052	1	FALSE	243.82374206761	223.19774206761	220.815195510347	246.931223067389
2	GRG041	2	264.68725311841	260.986461563799	268.388044673021	-485.699118174811	-11.3554631991926	1	FALSE	255.89548643486	236.54648643486	218.019419895219	248.000889860227
2	GRG043	2	264.68725311841	260.986461563799	268.388044673021	-485.699118174811	-9.22987891114882	1	FALSE	270.544782997087	236.317782997087	214.474757431058	246.182519514904
2	GRG047	2	264.68725311841	260.986461563799	268.388044673021	-485.699118174811	-8.30695950064496	1	FALSE	264.416377297644	247.885377297644	223.062493293713	247.633824565856
2	GRG049	2	264.68725311841	260.986461563799	268.388044673021	-485.699118174811	-17.3629088214435	1	FALSE	294.980337476391	232.039337476391	229.230361433308	239.959331563752
2	GRG050	1	251.861390023396	249.659851895715	254.062928151076	-485.699118174811	-5.83710335372962	1	FALSE	250.179704900133	222.387704900133	214.950131817438	243.031953550027
2	GRG052	2	264.68725311841	260.986461563799	268.388044673021	-485.699118174811	-16.1419615130402	1	FALSE	245.238122119313	215.775122119313	214.637574247276	247.331998615118
2	GRG056	2	264.68725311841	260.986461563799	268.388044673021	-485.699118174811	-7.97182694594307	1	FALSE	261.803560598465	225.882560598465	213.450004888832	245.88644807913
2	GRG057	2	264.68725311841	260.986461563799	268.388044673021	-485.699118174811	-11.3300029732219	1	FALSE	275.951845446815	240.480845446815	232.285179049184	240.36723786228
2	OBN002	1	251.861390023396	249.659851895715	254.062928151076	-485.699118174811	-11.9118878925307	1	FALSE	251.876463245793	244.782463245793	239.108583413431	247.927947410582
2	OBN004	1	251.861390023396	249.659851895715	254.062928151076	-485.699118174811	-15.3987661662158	1	FALSE	238.10694472326	232.06294472326	230.3675023184	236.617845617184
2	OBN005	2	264.68725311841	260.986461563799	268.388044673021	-485.699118174811	-8.0235598341733	1	FALSE	263.697393727529	246.194393727529	242.850497948188	248.900294849433
2	OBN006	1	251.861390023396	249.659851895715	254.062928151076	-485.699118174811	-31.8355294256364	1	FALSE	252.163670358516	249.027670358516	246.93673743178	253.813501798229
2	OBN007	2	264.68725311841	260.986461563799	268.388044673021	-485.699118174811	-15.932798311693	1	FALSE	248.243915189706	231.354915189706	225.211483144338	231.556831017452
2	OBN008	1	251.861390023396	249.659851895715	254.062928151076	-485.699118174811	-6.79199387289615	1	FALSE	249.195387233411	235.891387233411	230.694231808964	236.784874353572
2	OBN009	2	264.68725311841	260.986461563799	268.388044673021	-485.699118174811	-8.10947890542188	1	FALSE	266.971316654297	227.584316654297	225.634322509273	231.5195732687
2	OBN010	1	251.861390023396	249.659851895715	254.062928151076	-485.699118174811	-5.35559611103115	1	FALSE	251.597054087543	235.700054087543	231.328925378226	246.890121365765
2	OBN011	2	264.68725311841	260.986461563799	268.388044673021	-485.699118174811	-17.8150303217517	1	FALSE	289.770031619975	232.690031619975	230.683939894539	236.814486131832
2	PRI001	1	251.861390023396	249.659851895715	254.062928151076	-485.699118174811	-16.0709461983359	1	FALSE	238.787855317843	219.984855317843	215.673931136196	224.574397415872
2	PRI005	1	251.861390023396	249.659851895715	254.062928151076	-485.699118174811	-24.067576150596	1	FALSE	236.563674178712	220.533674178712	216.464033972339	223.15427390027
2	PRI006	2	264.68725311841	260.986461563799	268.388044673021	-485.699118174811	-12.886759005325	1	FALSE	257.396785106568	222.594785106568	216.323498539527	222.976251611752
3	FLR001	1	247.777871198273	243.243139079107	252.312603317438	-396.463422356902	-9.41669344613048	1	FALSE	247.204144030556	227.775144030556	225.837296261079	231.729472016004
3	FLR002	1	247.777871198273	243.243139079107	252.312603317438	-396.463422356902	-8.94339138578873	1	FALSE	246.65350905868	212.69950905868	211.203706461723	219.872627371124
3	FLR003	3	264.318627239376	260.909974193511	267.72728028524	-396.463422356902	-11.1371113385953	1	FALSE	273.229745340341	226.820745340341	225.359600515479	231.297596975895
3	FLR004	3	264.318627239376	260.909974193511	267.72728028524	-396.463422356902	-12.756316611269	1	FALSE	265.710897415281	230.403897415281	229.158809757309	236.306764170245
3	FLR005	3	264.318627239376	260.909974193511	267.72728028524	-396.463422356902	-8.17896839861462	1	FALSE	268.119179247327	223.370179247327	222.038652716654	228.195355173012
3	FLR007	1	247.777871198273	243.243139079107	252.312603317438	-396.463422356902	-10.4554559500705	1	FALSE	257.001937430158	225.964937430158	224.366674580834	228.327613071028
3	FLR010	1	247.777871198273	243.243139079107	252.312603317438	-396.463422356902	-7.54745373167124	1	FALSE	247.925680893079	225.635680893079	224.945974098973	228.356813680381
3	FLR013	1	247.777871198273	243.243139079107	252.312603317438	-396.463422356902	-7.53483608491207	1	FALSE	248.031946631794	228.470946631794	225.188934939641	229.704868610225
3	FLR014	2	255.941166562497	252.885515613209	258.996817511785	-396.463422356902	-3.18484809033792	1	FALSE	255.786780942627	226.218780942627	225.737882197084	231.071597743242
3	GRG003	1	247.777871198273	243.243139079107	252.312603317438	-396.463422356902	-7.91756225318299	1	FALSE	250.084216732465	219.084216732465	213.112732804646	246.221817011662
3	GRG008	3	264.318627239376	260.909974193511	267.72728028524	-396.463422356902	-8.53810184647498	1	FALSE	269.269948990696	228.472948990696	212.751910632609	243.416405144048
3	GRG015	3	264.318627239376	260.909974193511	267.72728028524	-396.463422356902	-11.7409003593491	1	FALSE	260.226023611851	232.710023611851	215.132910310889	245.923462949161
3	GRG016	1	247.777871198273	243.243139079107	252.312603317438	-396.463422356902	-9.94635228179231	1	FALSE	255.653491926678	227.584491926678	225.630449929525	231.671273366947
3	GRG018	1	247.777871198273	243.243139079107	252.312603317438	-396.463422356902	-14.0711684530447	1	FALSE	265.565289331688	237.261289331688	231.858657509525	240.269653815371
3	GRG019	3	264.318627239376	260.909974193511	267.72728028524	-396.463422356902	-7.38641669814726	1	FALSE	267.109473627753	239.431473627753	213.951387932424	246.589480873289
3	GRG022	3	264.318627239376	260.909974193511	267.72728028524	-396.463422356902	-7.37052603287906	1	FALSE	262.358488566503	222.388488566503	212.586225211687	238.686011870076
3	GRG023	3	264.318627239376	260.909974193511	267.72728028524	-396.463422356902	-6.41986112780023	1	FALSE	263.549455609514	220.601455609514	212.585067785611	241.41956629215
3	GRG025	3	264.318627239376	260.909974193511	267.72728028524	-396.463422356902	-9.0709274311619	1	FALSE	258.660224847267	213.450224847267	212.971841751797	239.502125388078
3	GRG027	3	264.318627239376	260.909974193511	267.72728028524	-396.463422356902	-11.5228716947298	1	FALSE	273.270738793874	241.025738793874	234.701548271899	242.192950139745
3	GRG028	3	264.318627239376	260.909974193511	267.72728028524	-396.463422356902	-6.77453376429974	1	FALSE	262.353450484372	234.729450484372	234.32732708791	242.254598877093
3	GRG032	1	247.777871198273	243.243139079107	252.312603317438	-396.463422356902	-10.3761214572207	1	FALSE	256.68347861072	212.57347861072	212.533605962626	223.293119762402
3	GRG035	1	247.777871198273	243.243139079107	252.312603317438	-396.463422356902	-10.7238313395531	1	FALSE	251.730885154803	231.104885154803	216.119358251204	247.352819536381
3	GRG041	3	264.318627239376	260.909974193511	267.72728028524	-396.463422356902	-7.58823909264334	1	FALSE	266.528765164453	247.179765164453	213.790281394696	247.445259242627
3	GRG043	1	247.777871198273	243.243139079107	252.312603317438	-396.463422356902	-8.44001465662513	1	FALSE	248.612476763294	214.385476763294	213.988527352714	245.685489514394
3	GRG047	1	247.777871198273	243.243139079107	252.312603317438	-396.463422356902	-8.30716170259134	1	FALSE	247.016310131085	230.485310131085	220.815668366517	247.871749096417
3	GRG049	3	264.318627239376	260.909974193511	267.72728028524	-396.463422356902	-20.3702096752865	1	FALSE	299.175073026097	236.234073026097	229.067122709958	240.045669883805
3	GRG050	3	264.318627239376	260.909974193511	267.72728028524	-396.463422356902	-6.88490360781088	1	FALSE	262.885671697126	235.093671697126	215.518558736949	245.999429542904
3	GRG052	1	247.777871198273	243.243139079107	252.312603317438	-396.463422356902	-9.21173018630786	1	FALSE	243.68475427932	214.22175427932	213.282973349227	246.655368010397
3	GRG056	1	247.777871198273	243.243139079107	252.312603317438	-396.463422356902	-8.6706392490748	1	FALSE	252.45370341589	216.53270341589	212.956001102326	244.590229537322
3	GRG057	3	264.318627239376	260.909974193511	267.72728028524	-396.463422356902	-10.4933794438724	1	FALSE	270.502408636606	235.031408636606	232.159340455396	240.339877978606
3	OBN002	2	255.941166562497	252.885515613209	258.996817511785	-396.463422356902	-5.18306284109267	1	FALSE	254.222094074184	247.128094074184	241.142593446109	248.086682322901
3	OBN004	1	247.777871198273	243.243139079107	252.312603317438	-396.463422356902	-9.29582624191027	1	FALSE	242.219131722088	236.175131722088	230.410598237151	236.600720991697
3	OBN005	3	264.318627239376	260.909974193511	267.72728028524	-396.463422356902	-6.67206735654098	1	FALSE	263.089510989233	245.586510989233	242.976845142721	248.910732375638
3	OBN006	2	255.941166562497	252.885515613209	258.996817511785	-396.463422356902	-4.79141391625791	1	FALSE	256.783310101485	253.647310101485	247.25220592567	255.16605331154
3	OBN007	1	247.777871198273	243.243139079107	252.312603317438	-396.463422356902	-8.71487634485697	1	FALSE	242.998001351146	226.109001351146	225.195107420083	231.480452292475
3	OBN008	1	247.777871198273	243.243139079107	252.312603317438	-396.463422356902	-9.48691198011574	1	FALSE	245.073576739894	231.769576739894	230.462254152644	236.777618407388
3	OBN009	3	264.318627239376	260.909974193511	267.72728028524	-396.463422356902	-8.33030243192181	1	FALSE	269.119536603081	229.732536603081	225.619272970467	231.426757604214
3	OBN010	2	255.941166562497	252.885515613209	258.996817511785	-396.463422356902	-6.21438771333674	1	FALSE	255.458228740162	239.561228740162	230.716026153407	247.585114063259
3	OBN011	1	247.777871198273	243.243139079107	252.312603317438	-396.463422356902	-19.8338353644985	1	FALSE	291.115352763021	234.035352763021	230.617332899841	236.715095283347
3	PRI001	1	247.777871198273	243.243139079107	252.312603317438	-396.463422356902	-9.07093246744625	1	FALSE	241.929907283499	223.126907283499	215.515050125535	224.635502513864
3	PRI005	1	247.777871198273	243.243139079107	252.312603317438	-396.463422356902	-16.2934880624358	1	FALSE	236.97165286648	220.94165286648	216.504554630831	223.089173655982
3	PRI006	3	264.318627239376	260.909974193511	267.72728028524	-396.463422356902	-11.5957902452504	1	FALSE	256.68469035292	221.88269035292	216.258180901475	222.974019713293
4	FLR001	1	246.122739884823	241.269119846539	250.976359923107	-367.315357105049	-9.69266196318528	1	FALSE	245.290778850185	225.861778850185	225.743026292321	231.672540146201
4	FLR002	1	246.122739884823	241.269119846539	250.976359923107	-367.315357105049	-8.90048970634338	1	FALSE	246.861024875283	212.907024875283	211.312513311527	219.880235636181
4	FLR003	4	268.400123206537	262.167653275318	274.632593137756	-367.315357105049	-8.09205865208498	1	FALSE	272.381101110641	225.972101110641	225.398791269366	231.132229718063
4	FLR004	3	265.387777853584	261.437994364425	269.337561342742	-367.315357105049	-8.26193576167826	1	FALSE	265.864316256687	230.557316256687	229.000404997093	236.420795551036
4	FLR005	4	268.400123206537	262.167653275318	274.632593137756	-367.315357105049	-7.3770258077839	1	FALSE	268.811277930074	224.062277930074	221.963999009445	228.157622356717
4	FLR007	1	246.122739884823	241.269119846539	250.976359923107	-367.315357105049	-10.8299702066124	1	FALSE	256.267667393364	225.230667393364	224.486815219488	228.309138226827
4	FLR010	1	246.122739884823	241.269119846539	250.976359923107	-367.315357105049	-8.01557004811751	1	FALSE	248.744293241666	226.454293241666	224.978944512286	228.38333342273
4	FLR013	1	246.122739884823	241.269119846539	250.976359923107	-367.315357105049	-7.78791782595623	1	FALSE	248.084448662234	228.523448662234	225.091689744653	229.73385244867
4	FLR014	2	256.011665308532	252.598411732805	259.42491888426	-367.315357105049	-3.58830332907694	1	FALSE	256.488738948426	226.920738948426	225.85454214353	231.702944095829
4	GRG003	4	268.400123206537	262.167653275318	274.632593137756	-367.315357105049	-7.52258151497159	1	FALSE	270.176303773586	239.176303773586	214.14306089781	246.691018089353
4	GRG008	4	268.400123206537	262.167653275318	274.632593137756	-367.315357105049	-10.9741874525551	1	FALSE	276.920675307525	236.123675307525	213.974893760003	245.191809199085
4	GRG015	3	265.387777853584	261.437994364425	269.337561342742	-367.315357105049	-5.27778155560249	1	FALSE	266.625239875273	239.109239875273	216.612228659713	246.949068130926
4	GRG016	4	268.400123206537	262.167653275318	274.632593137756	-367.315357105049	-10.2031024729397	1	FALSE	259.915858236041	231.846858236041	225.659063055228	231.685091574086
4	GRG018	4	268.400123206537	262.167653275318	274.632593137756	-367.315357105049	-10.0234707106523	1	FALSE	266.895527018322	238.591527018322	231.916436131403	240.325844732481
4	GRG019	3	265.387777853584	261.437994364425	269.337561342742	-367.315357105049	-5.36825334298509	1	FALSE	265.436011176318	237.758011176318	215.057150869896	246.725927102671
4	GRG022	3	265.387777853584	261.437994364425	269.337561342742	-367.315357105049	-4.97539277659506	1	FALSE	266.367225842811	226.397225842811	212.947393835722	236.278288924535
4	GRG023	3	265.387777853584	261.437994364425	269.337561342742	-367.315357105049	-6.19128094060999	1	FALSE	265.002473907753	222.054473907753	213.098666981594	240.417309040537
4	GRG025	4	268.400123206537	262.167653275318	274.632593137756	-367.315357105049	-8.09860841715255	1	FALSE	265.821180055754	220.611180055754	213.077887021271	238.408581031503
4	GRG027	4	268.400123206537	262.167653275318	274.632593137756	-367.315357105049	-7.32408334228988	1	FALSE	267.719005389676	235.474005389676	234.77646736108	242.231658503972
4	GRG028	3	265.387777853584	261.437994364425	269.337561342742	-367.315357105049	-7.39760711123346	1	FALSE	262.541510871276	234.917510871276	234.40124603791	242.113603380927
4	GRG032	4	268.400123206537	262.167653275318	274.632593137756	-367.315357105049	-9.88512287029284	1	FALSE	260.337223788754	216.227223788754	212.61437322606	223.385445484027
4	GRG035	3	265.387777853584	261.437994364425	269.337561342742	-367.315357105049	-6.97149263190049	1	FALSE	268.579496417696	247.953496417696	216.874302798949	247.111323332813
4	GRG041	1	246.122739884823	241.269119846539	250.976359923107	-367.315357105049	-9.58173764679323	1	FALSE	252.470984639937	233.121984639937	214.559786247888	247.537628150479
4	GRG043	4	268.400123206537	262.167653275318	274.632593137756	-367.315357105049	-8.75655807412939	1	FALSE	272.08451184249	237.857511842491	213.713849364181	247.056046926966
4	GRG047	1	246.122739884823	241.269119846539	250.976359923107	-367.315357105049	-14.1842774307886	1	FALSE	238.194857603978	221.663857603978	217.485401495651	247.394471506206
4	GRG049	4	268.400123206537	262.167653275318	274.632593137756	-367.315357105049	-16.4781714273853	1	FALSE	292.321159725127	229.380159725127	229.265727615418	239.918588867034
4	GRG050	3	265.387777853584	261.437994364425	269.337561342742	-367.315357105049	-4.98472064501236	1	FALSE	265.954721251138	238.162721251138	217.372198088352	246.23451555048
4	GRG052	1	246.122739884823	241.269119846539	250.976359923107	-367.315357105049	-9.31661464574153	1	FALSE	250.991029453475	221.528029453475	213.156048426338	247.032183583153
4	GRG056	1	246.122739884823	241.269119846539	250.976359923107	-367.315357105049	-7.93544756136365	1	FALSE	248.678256316088	212.757256316088	213.276298236035	245.194493468236
4	GRG057	4	268.400123206537	262.167653275318	274.632593137756	-367.315357105049	-8.81429913115571	1	FALSE	268.038829292849	232.567829292849	232.27153023477	240.426046648535
4	OBN002	2	256.011665308532	252.598411732805	259.42491888426	-367.315357105049	-3.59598767276388	1	FALSE	255.006059585464	247.912059585464	237.234479647201	248.162966219077
4	OBN004	1	246.122739884823	241.269119846539	250.976359923107	-367.315357105049	-10.1681283218984	1	FALSE	237.615841768073	231.571841768073	230.49447367025	236.571412787623
4	OBN005	3	265.387777853584	261.437994364425	269.337561342742	-367.315357105049	-9.40642176292318	1	FALSE	260.264233709785	242.761233709785	242.904539531085	248.926275121662
4	OBN006	2	256.011665308532	252.598411732805	259.42491888426	-367.315357105049	-2.66134947358474	1	FALSE	256.265955622791	253.129955622791	247.239505281489	255.393711226242
4	OBN007	1	246.122739884823	241.269119846539	250.976359923107	-367.315357105049	-8.10867386153569	1	FALSE	244.71245192798	227.82345192798	225.185957267498	231.452684914966
4	OBN008	1	246.122739884823	241.269119846539	250.976359923107	-367.315357105049	-10.1016166008831	1	FALSE	249.486434949625	236.182434949625	230.493406198897	236.842140564509
4	OBN009	4	268.400123206537	262.167653275318	274.632593137756	-367.315357105049	-8.26308177660088	1	FALSE	264.971299393115	225.584299393115	225.675411568323	231.503797654506
4	OBN010	3	265.387777853584	261.437994364425	269.337561342742	-367.315357105049	-5.67544641034364	1	FALSE	263.701207142742	247.804207142742	231.590758532652	247.8809342387
4	OBN011	1	246.122739884823	241.269119846539	250.976359923107	-367.315357105049	-19.9966729548291	1	FALSE	291.443234472112	234.363234472112	230.678807037798	236.861407600495
4	PRI001	1	246.122739884823	241.269119846539	250.976359923107	-367.315357105049	-9.9304894826681	1	FALSE	238.836475129641	220.033475129641	215.623201705222	224.468356959853
4	PRI005	1	246.122739884823	241.269119846539	250.976359923107	-367.315357105049	-14.2722279189121	1	FALSE	236.768334489787	220.738334489787	216.598304767686	223.109701021375
4	PRI006	1	246.122739884823	241.269119846539	250.976359923107	-367.315357105049	-12.3245358651171	1	FALSE	252.87136070955	218.06936070955	216.403412453032	222.958625631873
