# CLUSTERING STRENGTH + LIKELIHOOD K SELECTION RESULTS (DATES)
# Recommended K: 2
# Method: DATES
# Clustering strength threshold: 0.983
# Likelihood thresholds: k1 to k2(k=2):1.2 k1 to k2(k=3):2.59 k2 to k3:0.71 k3 to k4:0.49
#
model_k	pop	cluster	joint_date_est_best	joint_date_lowerci	joint_date_upperci	likelihood_mean	likelihood_per_ind	recommended_k	is_recommended	ind_date_est	sample_age_est_best	sample_age_lowerci_mean	sample_age_upperci_mean
1	BERG02-2.SG	1	251.227315658974	249.783696679883	252.670934638065	-1067.8195402814	-7.05683864513386	2	FALSE	249.581061849383	208.739061849383	205.669175009278	213.719415283584
1	BERG157-2.SG	1	251.227315658974	249.783696679883	252.670934638065	-1067.8195402814	-7.64512044566407	2	FALSE	253.153289081009	217.981289081009	209.293293475057	222.821934993512
1	BERG157-7.SG	1	251.227315658974	249.783696679883	252.670934638065	-1067.8195402814	-16.0990477113267	2	FALSE	248.548015480937	223.582015480937	217.653781206939	223.820595509148
1	BUCH2.SG	1	251.227315658974	249.783696679883	252.670934638065	-1067.8195402814	-10.9214142980857	2	FALSE	260.139916842835	222.612916842835	219.817205481231	226.569854363125
1	PSS4693.SG	1	251.227315658974	249.783696679883	252.670934638065	-1067.8195402814	-25.2820268768777	2	FALSE	231.471315493618	197.314315493618	189.908080486421	198.22241285869
1	ROS102.SG	1	251.227315658974	249.783696679883	252.670934638065	-1067.8195402814	-207.720583935103	2	FALSE	244.199410795273	241.030410795273	240.261469926087	241.062724102189
1	ROS45.SG	1	251.227315658974	249.783696679883	252.670934638065	-1067.8195402814	-14.4767428217169	2	FALSE	258.157187894754	235.128187894754	234.268797575441	240.19504257403
1	ROS78.SG	1	251.227315658974	249.783696679883	252.670934638065	-1067.8195402814	-9.65375416894254	2	FALSE	255.764519286698	232.532519286698	230.501144285414	240.37678096431
1	ROS82.SG	1	251.227315658974	249.783696679883	252.670934638065	-1067.8195402814	-12.0041733939911	2	FALSE	261.18708984287	239.42608984287	232.423694097549	240.082238708344
1	WET370.SG	1	251.227315658974	249.783696679883	252.670934638065	-1067.8195402814	-14.9647378910691	2	FALSE	269.164712989589	193.576712989589	190.43183556747	199.413559321948
1	BLP10.SG	1	251.227315658974	249.783696679883	252.670934638065	-1067.8195402814	-17.4852802332955	2	FALSE	235.635684366277	220.834684366277	212.385800761655	220.951500766607
1	Es97-1.SG	1	251.227315658974	249.783696679883	252.670934638065	-1067.8195402814	-14.1924515854752	2	FALSE	263.066454199739	223.539454199739	219.886318891908	237.552473731006
1	FLR001	1	251.227315658974	249.783696679883	252.670934638065	-1067.8195402814	-8.11721672980484	2	FALSE	248.125508899838	228.696508899838	225.860231599245	231.678427680917
1	FLR002	1	251.227315658974	249.783696679883	252.670934638065	-1067.8195402814	-9.75278113777529	2	FALSE	247.826872763446	213.872872763446	211.235407542331	219.868804925254
1	FLR003	1	251.227315658974	249.783696679883	252.670934638065	-1067.8195402814	-30.8591021433728	2	FALSE	273.939002044772	227.530002044772	225.25926703442	231.064436902819
1	FLR004	1	251.227315658974	249.783696679883	252.670934638065	-1067.8195402814	-89.772736160838	2	FALSE	264.378885958115	229.071885958115	228.895689334463	231.685246168698
1	FLR005	1	251.227315658974	249.783696679883	252.670934638065	-1067.8195402814	-25.5450668283241	2	FALSE	271.17098417241	226.42198417241	221.960850788147	228.034583078105
1	FLR007	1	251.227315658974	249.783696679883	252.670934638065	-1067.8195402814	-10.0606478364317	2	FALSE	257.810976852635	226.773976852635	224.433512743818	228.349934526767
1	FLR010	1	251.227315658974	249.783696679883	252.670934638065	-1067.8195402814	-7.26279005701666	2	FALSE	249.311332604237	227.021332604237	224.960306775681	228.354642054707
1	FLR013	1	251.227315658974	249.783696679883	252.670934638065	-1067.8195402814	-8.3152595539364	2	FALSE	246.592414614791	227.031414614791	225.204633669229	229.774439931914
1	FLR014	1	251.227315658974	249.783696679883	252.670934638065	-1067.8195402814	-37.1760927121105	2	FALSE	255.925868673646	226.357868673646	225.675929517901	229.550636816897
1	GRG003	1	251.227315658974	249.783696679883	252.670934638065	-1067.8195402814	-7.58696181892487	2	FALSE	248.029181069561	217.029181069561	213.166052447507	237.486921759722
1	GRG008	1	251.227315658974	249.783696679883	252.670934638065	-1067.8195402814	-7.79761598815623	2	FALSE	254.564853176354	213.767853176354	212.670765669152	233.513797504046
1	GRG015	1	251.227315658974	249.783696679883	252.670934638065	-1067.8195402814	-9.33422034778717	2	FALSE	250.734842261537	223.218842261537	214.850259198075	232.890920944504
1	GRG016	1	251.227315658974	249.783696679883	252.670934638065	-1067.8195402814	-10.1431335502651	2	FALSE	258.091269209789	230.022269209789	225.623457570079	231.666044109677
1	GRG018	1	251.227315658974	249.783696679883	252.670934638065	-1067.8195402814	-13.2362435170209	2	FALSE	265.327361249644	237.023361249644	231.85125932474	240.163851185818
1	GRG019	1	251.227315658974	249.783696679883	252.670934638065	-1067.8195402814	-7.05774044678354	2	FALSE	251.777178101668	224.099178101668	214.072738609476	235.066778936432
1	GRG022	1	251.227315658974	249.783696679883	252.670934638065	-1067.8195402814	-8.1909052965997	2	FALSE	252.915995479822	212.945995479822	212.729095092176	225.845711529421
1	GRG023	1	251.227315658974	249.783696679883	252.670934638065	-1067.8195402814	-9.55243550008627	2	FALSE	256.439892127786	213.491892127786	212.715020429875	226.13422315522
1	GRG025	1	251.227315658974	249.783696679883	252.670934638065	-1067.8195402814	-20.0801974024015	2	FALSE	264.293393277002	219.083393277002	212.63308659462	224.551776371248
1	GRG027	1	251.227315658974	249.783696679883	252.670934638065	-1067.8195402814	-21.4377302434733	2	FALSE	267.403185716261	235.158185716261	234.615678931015	241.949772021601
1	GRG028	1	251.227315658974	249.783696679883	252.670934638065	-1067.8195402814	-18.0840817331402	2	FALSE	262.366240249479	234.742240249479	234.231592332994	241.419127634706
1	GRG032	1	251.227315658974	249.783696679883	252.670934638065	-1067.8195402814	-13.9436831885161	2	FALSE	264.975686796573	220.865686796573	212.487219298844	223.204275515829
1	GRG035	1	251.227315658974	249.783696679883	252.670934638065	-1067.8195402814	-6.86818371014355	2	FALSE	250.688613897358	230.062613897358	217.936632274983	242.7368306796
1	GRG041	1	251.227315658974	249.783696679883	252.670934638065	-1067.8195402814	-12.6753562006628	2	FALSE	240.761767325195	221.412767325195	216.100940460871	245.414880669601
1	GRG043	1	251.227315658974	249.783696679883	252.670934638065	-1067.8195402814	-9.0249019111057	2	FALSE	253.509660643304	219.282660643304	212.804444327152	243.120324077609
1	GRG047	1	251.227315658974	249.783696679883	252.670934638065	-1067.8195402814	-9.41615601937837	2	FALSE	256.632647049388	240.101647049388	220.23480077561	246.365284550744
1	GRG049	1	251.227315658974	249.783696679883	252.670934638065	-1067.8195402814	-21.7745886276466	2	FALSE	292.159264742205	229.218264742205	229.193749150259	239.864013426472
1	GRG050	1	251.227315658974	249.783696679883	252.670934638065	-1067.8195402814	-10.9562650047941	2	FALSE	255.969681267594	228.177681267594	214.324338787368	235.009391718943
1	GRG052	1	251.227315658974	249.783696679883	252.670934638065	-1067.8195402814	-10.952651397974	2	FALSE	242.520957433297	213.057957433297	213.121107232291	246.584408847931
1	GRG056	1	251.227315658974	249.783696679883	252.670934638065	-1067.8195402814	-9.91956068366167	2	FALSE	258.471314212484	222.550314212484	212.820567458402	234.347376482661
1	GRG057	1	251.227315658974	249.783696679883	252.670934638065	-1067.8195402814	-16.2616916218463	2	FALSE	269.659373260441	234.188373260441	232.228724194257	240.181745499609
1	OBN002	1	251.227315658974	249.783696679883	252.670934638065	-1067.8195402814	-27.5065152523204	2	FALSE	250.536370162978	243.442370162978	239.361649032903	247.929486468534
1	OBN004	1	251.227315658974	249.783696679883	252.670934638065	-1067.8195402814	-12.0502924007139	2	FALSE	239.665894988664	233.621894988664	230.392020461582	236.540322238273
1	OBN005	1	251.227315658974	249.783696679883	252.670934638065	-1067.8195402814	-15.1004061777414	2	FALSE	261.472121653952	243.969121653952	242.759222928931	248.796710216121
1	OBN006	1	251.227315658974	249.783696679883	252.670934638065	-1067.8195402814	-68.115362072562	2	FALSE	251.028050054831	247.892050054831	246.802428933518	252.206506919187
1	OBN007	1	251.227315658974	249.783696679883	252.670934638065	-1067.8195402814	-8.68849397180886	2	FALSE	247.924648084728	231.035648084728	225.129838420778	231.48681911764
1	OBN008	1	251.227315658974	249.783696679883	252.670934638065	-1067.8195402814	-7.08130347581118	2	FALSE	249.553872746304	236.249872746304	230.541448217451	236.854479901164
1	OBN009	1	251.227315658974	249.783696679883	252.670934638065	-1067.8195402814	-21.0190482560396	2	FALSE	265.416825660483	226.029825660483	225.576003744961	231.320113690171
1	OBN010	1	251.227315658974	249.783696679883	252.670934638065	-1067.8195402814	-12.9172732475604	2	FALSE	254.960768832213	239.063768832213	230.633107339963	243.939071917703
1	OBN011	1	251.227315658974	249.783696679883	252.670934638065	-1067.8195402814	-20.320621921343	2	FALSE	290.450676864404	233.370676864404	230.724788118195	236.768897249893
1	PRI001	1	251.227315658974	249.783696679883	252.670934638065	-1067.8195402814	-10.6875135278195	2	FALSE	242.650245688891	223.847245688891	215.620995272937	224.555573908934
1	PRI005	1	251.227315658974	249.783696679883	252.670934638065	-1067.8195402814	-18.8485177342845	2	FALSE	238.383785112501	222.353785112501	216.616843848689	223.055460216752
1	PRI006	1	251.227315658974	249.783696679883	252.670934638065	-1067.8195402814	-6.82602286673402	2	FALSE	252.253619313631	217.451619313631	216.241253833661	222.981297954768
2	BERG02-2.SG	2	260.692212719899	258.040255717406	263.344169722392	-758.837632003208	-14.3209257472893	2	TRUE	250.32073401819	209.47873401819	205.549384448309	213.702217422567
2	BERG157-2.SG	2	260.692212719899	258.040255717406	263.344169722392	-758.837632003208	-13.3829692117127	2	TRUE	249.041545083227	213.869545083227	209.195718531762	222.92064715709
2	BERG157-7.SG	1	246.667946452406	244.879820329842	248.456072574971	-758.837632003208	-8.56134933794748	2	TRUE	243.939346468967	218.973346468967	215.991831250663	223.69520721872
2	BUCH2.SG	2	260.692212719899	258.040255717406	263.344169722392	-758.837632003208	-7.48878855571351	2	TRUE	260.156958767045	222.629958767045	219.805164354121	226.677926340531
2	PSS4693.SG	1	246.667946452406	244.879820329842	248.456072574971	-758.837632003208	-23.4088768606194	2	TRUE	228.700466040066	194.543466040066	189.776002332515	198.220161587
2	ROS102.SG	1	246.667946452406	244.879820329842	248.456072574971	-758.837632003208	-58.8595961224241	2	TRUE	243.503171752745	240.334171752745	239.56564785025	241.000158665702
2	ROS45.SG	2	260.692212719899	258.040255717406	263.344169722392	-758.837632003208	-9.69723763485624	2	TRUE	258.089358917274	235.060358917274	234.508077775582	240.481804437985
2	ROS78.SG	2	260.692212719899	258.040255717406	263.344169722392	-758.837632003208	-8.93064171744504	2	TRUE	258.156854818798	234.924854818798	230.542557238368	240.680157903096
2	ROS82.SG	2	260.692212719899	258.040255717406	263.344169722392	-758.837632003208	-7.93900803649205	2	TRUE	257.181660078559	235.420660078559	232.49611566096	240.162970232461
2	WET370.SG	2	260.692212719899	258.040255717406	263.344169722392	-758.837632003208	-11.3163512551119	2	TRUE	270.334259820747	194.746259820747	190.521905342374	199.488690512138
2	BLP10.SG	1	246.667946452406	244.879820329842	248.456072574971	-758.837632003208	-13.9999551453887	2	TRUE	235.608750760278	220.807750760278	212.587558822645	221.018427162623
2	Es97-1.SG	2	260.692212719899	258.040255717406	263.344169722392	-758.837632003208	-7.58744646211881	2	TRUE	263.08410543426	223.55710543426	219.983148891874	242.178122677973
2	FLR001	1	246.667946452406	244.879820329842	248.456072574971	-758.837632003208	-5.83120515296091	2	TRUE	246.908256057222	227.479256057222	225.716299260193	231.698245502948
2	FLR002	2	260.692212719899	258.040255717406	263.344169722392	-758.837632003208	-13.5413221511462	2	TRUE	245.531121012977	211.577121012977	211.399063527584	219.983055143963
2	FLR003	2	260.692212719899	258.040255717406	263.344169722392	-758.837632003208	-15.0968127692593	2	TRUE	273.707526124763	227.298526124763	225.269602362208	231.155896811946
2	FLR004	2	260.692212719899	258.040255717406	263.344169722392	-758.837632003208	-33.4974417982102	2	TRUE	266.224823690256	230.917823690256	229.005199289523	235.776681382667
2	FLR005	2	260.692212719899	258.040255717406	263.344169722392	-758.837632003208	-10.1732225525194	2	TRUE	268.500498308249	223.751498308249	222.096898502648	228.063315846947
2	FLR007	2	260.692212719899	258.040255717406	263.344169722392	-758.837632003208	-8.83786264459312	2	TRUE	259.244597219202	228.207597219202	224.404892274572	228.337257809978
2	FLR010	2	260.692212719899	258.040255717406	263.344169722392	-758.837632003208	-16.7885932094579	2	TRUE	247.72660691171	225.43660691171	224.944694936032	228.348621991862
2	FLR013	2	260.692212719899	258.040255717406	263.344169722392	-758.837632003208	-14.5163892635195	2	TRUE	248.752170542301	229.191170542301	225.134974423397	229.788674418216
2	FLR014	2	260.692212719899	258.040255717406	263.344169722392	-758.837632003208	-31.1298113078444	2	TRUE	261.078274929959	231.510274929959	225.679410991142	231.859147187056
2	GRG003	2	260.692212719899	258.040255717406	263.344169722392	-758.837632003208	-14.6448922248298	2	TRUE	249.691315736422	218.691315736422	213.148606277537	245.130625108972
2	GRG008	2	260.692212719899	258.040255717406	263.344169722392	-758.837632003208	-8.40918539260919	2	TRUE	265.414308448069	224.617308448069	213.078968868857	241.853621004599
2	GRG015	1	246.667946452406	244.879820329842	248.456072574971	-758.837632003208	-5.42064066275511	2	TRUE	247.801220081652	220.285220081652	213.807912969164	242.916756402701
2	GRG016	2	260.692212719899	258.040255717406	263.344169722392	-758.837632003208	-8.8258147868098	2	TRUE	259.429663713713	231.360663713713	225.660090954517	231.776918104867
2	GRG018	2	260.692212719899	258.040255717406	263.344169722392	-758.837632003208	-10.4861473507171	2	TRUE	265.868424634786	237.564424634786	231.90725831876	240.343642843139
2	GRG019	1	246.667946452406	244.879820329842	248.456072574971	-758.837632003208	-6.41896593996962	2	TRUE	244.341424825362	216.663424825362	213.795542914262	245.427863233532
2	GRG022	1	246.667946452406	244.879820329842	248.456072574971	-758.837632003208	-16.6920826542546	2	TRUE	254.827604347968	214.857604347968	212.751559285347	233.812197179733
2	GRG023	2	260.692212719899	258.040255717406	263.344169722392	-758.837632003208	-12.6548352357183	2	TRUE	267.776174089946	224.828174089946	212.738488486502	235.924167319068
2	GRG025	2	260.692212719899	258.040255717406	263.344169722392	-758.837632003208	-7.20549550304503	2	TRUE	261.254252623604	216.044252623604	212.884589773603	235.11567494965
2	GRG027	2	260.692212719899	258.040255717406	263.344169722392	-758.837632003208	-11.9570721759924	2	TRUE	269.996380674433	237.751380674433	234.648041911839	242.302852810327
2	GRG028	2	260.692212719899	258.040255717406	263.344169722392	-758.837632003208	-8.0758438966282	2	TRUE	263.548327537451	235.924327537451	234.387035555323	242.117014021214
2	GRG032	2	260.692212719899	258.040255717406	263.344169722392	-758.837632003208	-8.29618737964477	2	TRUE	258.175305395717	214.065305395717	212.549482045961	223.280745157773
2	GRG035	1	246.667946452406	244.879820329842	248.456072574971	-758.837632003208	-9.5238517881922	2	TRUE	241.076296201411	220.450296201411	218.178573687744	246.738780340405
2	GRG041	2	260.692212719899	258.040255717406	263.344169722392	-758.837632003208	-7.58681891737229	2	TRUE	258.305994636517	238.956994636517	216.191615021255	247.195788293071
2	GRG043	2	260.692212719899	258.040255717406	263.344169722392	-758.837632003208	-12.0396630799181	2	TRUE	248.67950658518	214.45250658518	214.606720215774	246.784377788052
2	GRG047	2	260.692212719899	258.040255717406	263.344169722392	-758.837632003208	-9.60661790523196	2	TRUE	255.717011863473	239.186011863473	217.926914013931	247.274280943176
2	GRG049	2	260.692212719899	258.040255717406	263.344169722392	-758.837632003208	-21.409562947397	2	TRUE	301.977249462665	239.036249462665	229.155406527037	239.925527706958
2	GRG050	1	246.667946452406	244.879820329842	248.456072574971	-758.837632003208	-6.68984411543016	2	TRUE	243.803878254358	216.011878254358	213.635550580719	242.470086088205
2	GRG052	2	260.692212719899	258.040255717406	263.344169722392	-758.837632003208	-9.56468195589398	2	TRUE	265.337610771758	235.874610771758	214.393457308012	246.864019948615
2	GRG056	2	260.692212719899	258.040255717406	263.344169722392	-758.837632003208	-13.0007223682852	2	TRUE	271.188223060198	235.267223060198	213.210532293722	243.421783572038
2	GRG057	2	260.692212719899	258.040255717406	263.344169722392	-758.837632003208	-10.7404705596897	2	TRUE	269.956332588374	234.485332588374	232.314387031571	240.239810718928
2	OBN002	1	246.667946452406	244.879820329842	248.456072574971	-758.837632003208	-12.6102592584957	2	TRUE	248.497035937609	241.403035937609	236.01411052015	246.127705016573
2	OBN004	1	246.667946452406	244.879820329842	248.456072574971	-758.837632003208	-11.8672157127597	2	TRUE	241.966303746305	235.922303746305	230.50510422697	236.394816861711
2	OBN005	2	260.692212719899	258.040255717406	263.344169722392	-758.837632003208	-7.22130047660003	2	TRUE	261.293574792356	243.790574792356	242.850437477164	248.892598366816
2	OBN006	1	246.667946452406	244.879820329842	248.456072574971	-758.837632003208	-52.975426663716	2	TRUE	250.478436121453	247.342436121453	246.633700987058	249.117629263276
2	OBN007	2	260.692212719899	258.040255717406	263.344169722392	-758.837632003208	-15.4417289110046	2	TRUE	244.882277429711	227.993277429711	225.135168268545	231.448961355434
2	OBN008	1	246.667946452406	244.879820329842	248.456072574971	-758.837632003208	-6.90659244042914	2	TRUE	243.99409684521	230.69009684521	230.444975603871	236.924754651608
2	OBN009	2	260.692212719899	258.040255717406	263.344169722392	-758.837632003208	-11.3175077626342	2	TRUE	268.387509941909	229.000509941909	225.579664216983	231.548252961457
2	OBN010	1	246.667946452406	244.879820329842	248.456072574971	-758.837632003208	-22.1992546578745	2	TRUE	254.979591518361	239.082591518361	230.567691703826	246.391314486807
2	OBN011	2	260.692212719899	258.040255717406	263.344169722392	-758.837632003208	-18.5592303897733	2	TRUE	288.444855981199	231.364855981199	230.649572273463	236.7810394047
2	PRI001	2	260.692212719899	258.040255717406	263.344169722392	-758.837632003208	-20.4504489174079	2	TRUE	243.370220572599	224.567220572599	215.560388580256	224.563603578655
2	PRI005	1	246.667946452406	244.879820329842	248.456072574971	-758.837632003208	-11.975153875728	2	TRUE	238.519998692514	222.489998692514	216.578666055201	223.085509405272
2	PRI006	2	260.692212719899	258.040255717406	263.344169722392	-758.837632003208	-13.1583091597703	2	TRUE	252.53865712847	217.73665712847	216.244510052327	223.074580634213
3	BERG02-2.SG	2	246.842528406155	242.321936869206	251.363119943104	-576.255415235666	-9.78269900431935	2	FALSE	252.523015222092	211.681015222092	205.511165288202	213.686729329365
3	BERG157-2.SG	2	246.842528406155	242.321936869206	251.363119943104	-576.255415235666	-8.74749950772444	2	FALSE	252.026328086733	216.854328086733	209.393260070355	222.707061237806
3	BERG157-7.SG	1	246.766492672579	244.659841939625	248.873143405534	-576.255415235666	-6.00544592472503	2	FALSE	247.946060408532	222.980060408532	215.118724882777	223.732724068628
3	BUCH2.SG	3	262.100144266867	259.536669227173	264.66361930656	-576.255415235666	-7.86405692432697	2	FALSE	261.275082818929	223.748082818929	219.914215001544	226.496460741909
3	PSS4693.SG	2	246.842528406155	242.321936869206	251.363119943104	-576.255415235666	-20.2953024072741	2	FALSE	230.16239628097	196.00539628097	189.738825378673	198.211159003632
3	ROS102.SG	1	246.766492672579	244.659841939625	248.873143405534	-576.255415235666	-18.9085926409562	2	FALSE	244.139859443769	240.970859443769	239.691001093681	241.041135642445
3	ROS45.SG	3	262.100144266867	259.536669227173	264.66361930656	-576.255415235666	-8.41794100599196	2	FALSE	258.164412154187	235.135412154187	234.435799119566	240.52650554759
3	ROS78.SG	3	262.100144266867	259.536669227173	264.66361930656	-576.255415235666	-6.4066071101754	2	FALSE	260.520000650006	237.288000650006	230.657460378383	240.788754357657
3	ROS82.SG	3	262.100144266867	259.536669227173	264.66361930656	-576.255415235666	-9.56983668072101	2	FALSE	255.619779937395	233.858779937395	232.451136806924	240.192107495112
3	WET370.SG	2	246.842528406155	242.321936869206	251.363119943104	-576.255415235666	-15.4966156173463	2	FALSE	267.11803021994	191.53003021994	190.612637170693	199.511536361408
3	BLP10.SG	2	246.842528406155	242.321936869206	251.363119943104	-576.255415235666	-14.0665007127748	2	FALSE	234.239908383949	219.438908383949	212.256180343751	220.799431114641
3	Es97-1.SG	3	262.100144266867	259.536669227173	264.66361930656	-576.255415235666	-7.47414061769799	2	FALSE	261.976010617233	222.449010617233	219.996355777797	240.69937549731
3	FLR001	2	246.842528406155	242.321936869206	251.363119943104	-576.255415235666	-9.87941674991676	2	FALSE	248.965986497214	229.536986497214	225.77065958535	231.750992179832
3	FLR002	2	246.842528406155	242.321936869206	251.363119943104	-576.255415235666	-9.81098871680441	2	FALSE	253.672254679016	219.718254679016	211.158983004945	220.00364723163
3	FLR003	3	262.100144266867	259.536669227173	264.66361930656	-576.255415235666	-14.6491072608073	2	FALSE	274.484770238614	228.075770238614	225.311308159984	231.250838712152
3	FLR004	3	262.100144266867	259.536669227173	264.66361930656	-576.255415235666	-18.944443830591	2	FALSE	266.627827475017	231.320827475017	228.976617086513	235.259255776249
3	FLR005	3	262.100144266867	259.536669227173	264.66361930656	-576.255415235666	-13.0897254420803	2	FALSE	273.002696992395	228.253696992395	221.981020176883	228.049290199282
3	FLR007	2	246.842528406155	242.321936869206	251.363119943104	-576.255415235666	-11.2507167491629	2	FALSE	257.839498791084	226.802498791084	224.432140104731	228.329037096792
3	FLR010	2	246.842528406155	242.321936869206	251.363119943104	-576.255415235666	-7.53972932099635	2	FALSE	247.323414724824	225.033414724824	224.970116209752	228.364946565514
3	FLR013	2	246.842528406155	242.321936869206	251.363119943104	-576.255415235666	-7.58851323455733	2	FALSE	248.042302075886	228.481302075886	225.128627199342	229.707192737277
3	FLR014	3	262.100144266867	259.536669227173	264.66361930656	-576.255415235666	-26.6987570842239	2	FALSE	257.853542434763	228.285542434763	227.215902839987	231.925323964363
3	GRG003	3	262.100144266867	259.536669227173	264.66361930656	-576.255415235666	-7.25739892251211	2	FALSE	259.950803061681	228.950803061681	212.970780551301	244.291583440957
3	GRG008	3	262.100144266867	259.536669227173	264.66361930656	-576.255415235666	-8.35177189913604	2	FALSE	257.812842675963	217.015842675963	212.967125201664	241.173707370763
3	GRG015	3	262.100144266867	259.536669227173	264.66361930656	-576.255415235666	-7.16994854488796	2	FALSE	260.978987851817	233.462987851817	214.163233175766	241.292733526124
3	GRG016	2	246.842528406155	242.321936869206	251.363119943104	-576.255415235666	-9.6524386623212	2	FALSE	253.80825166232	225.73925166232	225.647424493849	231.73441949737
3	GRG018	2	246.842528406155	242.321936869206	251.363119943104	-576.255415235666	-13.3590301884495	2	FALSE	263.060046194857	234.756046194857	232.001841660965	240.123033577501
3	GRG019	3	262.100144266867	259.536669227173	264.66361930656	-576.255415235666	-10.2028184435185	2	FALSE	256.463226073316	228.785226073316	214.086613428247	245.007443968539
3	GRG022	3	262.100144266867	259.536669227173	264.66361930656	-576.255415235666	-6.28201715873362	2	FALSE	262.766238361791	222.796238361791	213.207109891144	232.561209224098
3	GRG023	3	262.100144266867	259.536669227173	264.66361930656	-576.255415235666	-6.21587320543571	2	FALSE	262.387722615893	219.439722615893	212.654080592828	233.248786453208
3	GRG025	3	262.100144266867	259.536669227173	264.66361930656	-576.255415235666	-7.53249506134403	2	FALSE	265.649188217279	220.439188217279	213.469893557028	233.993690404376
3	GRG027	3	262.100144266867	259.536669227173	264.66361930656	-576.255415235666	-10.8884988491038	2	FALSE	270.269450624778	238.024450624778	234.68475181954	242.308624746012
3	GRG028	3	262.100144266867	259.536669227173	264.66361930656	-576.255415235666	-10.0232218221928	2	FALSE	268.456799332532	240.832799332532	234.220797604532	242.215717901461
3	GRG032	3	262.100144266867	259.536669227173	264.66361930656	-576.255415235666	-8.95713563549595	2	FALSE	260.145095124605	216.035095124605	212.583458550179	223.400457094051
3	GRG035	3	262.100144266867	259.536669227173	264.66361930656	-576.255415235666	-7.50430728327	2	FALSE	265.587159513332	244.961159513332	216.579019476194	247.023872117903
3	GRG041	2	246.842528406155	242.321936869206	251.363119943104	-576.255415235666	-8.7321654264101	2	FALSE	241.887150632421	222.538150632421	215.450152132793	246.957010255886
3	GRG043	2	246.842528406155	242.321936869206	251.363119943104	-576.255415235666	-12.1249374458667	2	FALSE	259.316526811748	225.089526811748	213.151382117732	246.464093367104
3	GRG047	3	262.100144266867	259.536669227173	264.66361930656	-576.255415235666	-6.40445375267046	2	FALSE	263.044744160932	246.513744160932	218.166728322727	247.8731394128
3	GRG049	3	262.100144266867	259.536669227173	264.66361930656	-576.255415235666	-22.312081619474	2	FALSE	301.552471866274	238.611471866274	229.239810868823	240.181537040434
3	GRG050	3	262.100144266867	259.536669227173	264.66361930656	-576.255415235666	-6.18440491559995	2	FALSE	261.517234709813	233.725234709813	214.331568677777	245.074478029606
3	GRG052	2	246.842528406155	242.321936869206	251.363119943104	-576.255415235666	-9.32176353039987	2	FALSE	251.545777840218	222.082777840218	213.149556743156	246.621363669484
3	GRG056	3	262.100144266867	259.536669227173	264.66361930656	-576.255415235666	-8.1479650215369	2	FALSE	258.176879183233	222.255879183233	213.194793333033	242.689372183356
3	GRG057	3	262.100144266867	259.536669227173	264.66361930656	-576.255415235666	-13.4518373007304	2	FALSE	275.093154247099	239.622154247099	232.218784513745	240.318283450862
3	OBN002	1	246.766492672579	244.659841939625	248.873143405534	-576.255415235666	-3.2200524847918	2	FALSE	247.13219971362	240.03819971362	236.792916383794	245.224239668044
3	OBN004	2	246.842528406155	242.321936869206	251.363119943104	-576.255415235666	-9.35249386319086	2	FALSE	241.070798758972	235.026798758972	230.378716184832	236.562293935118
3	OBN005	3	262.100144266867	259.536669227173	264.66361930656	-576.255415235666	-7.79316862281967	2	FALSE	266.101711759201	248.598711759201	242.816145835871	248.903051025024
3	OBN006	1	246.766492672579	244.659841939625	248.873143405534	-576.255415235666	-18.6958151105619	2	FALSE	249.762851057302	246.626851057302	246.584033945476	249.161875692155
3	OBN007	2	246.842528406155	242.321936869206	251.363119943104	-576.255415235666	-8.66437619191002	2	FALSE	242.240248902136	225.351248902136	225.080876966169	231.515556617049
3	OBN008	2	246.842528406155	242.321936869206	251.363119943104	-576.255415235666	-9.10563371778309	2	FALSE	244.815616067595	231.511616067595	230.460983747135	236.796030036951
3	OBN009	3	262.100144266867	259.536669227173	264.66361930656	-576.255415235666	-7.30127823269362	2	FALSE	264.967637233157	225.580637233157	225.677216029892	231.508715059716
3	OBN010	3	262.100144266867	259.536669227173	264.66361930656	-576.255415235666	-7.28495819363167	2	FALSE	260.96138556543	245.06438556543	230.610403562397	247.667030499517
3	OBN011	2	246.842528406155	242.321936869206	251.363119943104	-576.255415235666	-19.6152503398591	2	FALSE	288.277370260721	231.197370260721	230.676985764829	236.879876919673
3	PRI001	2	246.842528406155	242.321936869206	251.363119943104	-576.255415235666	-8.13854694168664	2	FALSE	243.246166944814	224.443166944814	215.52884743466	224.443873633645
3	PRI005	2	246.842528406155	242.321936869206	251.363119943104	-576.255415235666	-14.5201073490813	2	FALSE	237.205605476102	221.175605476102	216.429811965957	223.128673685923
3	PRI006	2	246.842528406155	242.321936869206	251.363119943104	-576.255415235666	-10.0005329553927	2	FALSE	251.463584260874	216.661584260874	216.282570520084	222.955546353478
4	BERG02-2.SG	2	246.562452872037	242.481143531366	250.643762212708	-526.710992215178	-7.30366262172556	2	FALSE	246.504038211927	205.662038211927	205.577937350874	213.702924598367
4	BERG157-2.SG	2	246.562452872037	242.481143531366	250.643762212708	-526.710992215178	-7.48673570876587	2	FALSE	246.566440815118	211.394440815118	209.319732235661	222.802934902055
4	BERG157-7.SG	1	241.734821020777	237.784213192944	245.68542884861	-526.710992215178	-4.55401610231768	2	FALSE	241.012954948638	216.046954948638	214.771073555715	223.531352130397
4	BUCH2.SG	4	266.08895808609	262.297294361931	269.880621810249	-526.710992215178	-7.97221451240498	2	FALSE	262.481058447786	224.954058447786	219.925882381545	226.590630728086
4	PSS4693.SG	2	246.562452872037	242.481143531366	250.643762212708	-526.710992215178	-17.1217676454741	2	FALSE	232.026598048074	197.869598048074	189.955061034007	198.259516036936
4	ROS102.SG	1	241.734821020777	237.784213192944	245.68542884861	-526.710992215178	-9.71324111660597	2	FALSE	240.540952746929	237.371952746929	231.727101135766	240.927594584646
4	ROS45.SG	4	266.08895808609	262.297294361931	269.880621810249	-526.710992215178	-8.96282656018158	2	FALSE	263.400914891808	240.371914891808	234.400826347742	240.573338183769
4	ROS78.SG	4	266.08895808609	262.297294361931	269.880621810249	-526.710992215178	-8.07358646510428	2	FALSE	263.821467507588	240.589467507588	230.635588315948	240.919937565923
4	ROS82.SG	2	246.562452872037	242.481143531366	250.643762212708	-526.710992215178	-13.2438775837737	2	FALSE	257.715057255594	235.954057255594	232.418575235472	240.243361751216
4	WET370.SG	4	266.08895808609	262.297294361931	269.880621810249	-526.710992215178	-10.6022737893193	2	FALSE	269.74169868646	194.15369868646	190.46613746479	199.376351714109
4	BLP10.SG	2	246.562452872037	242.481143531366	250.643762212708	-526.710992215178	-12.2738760201467	2	FALSE	235.796479720378	220.995479720378	212.21158605345	220.922951067336
4	Es97-1.SG	4	266.08895808609	262.297294361931	269.880621810249	-526.710992215178	-7.62242743078886	2	FALSE	263.0757113133	223.5487113133	220.010468199429	242.786988032271
4	FLR001	2	246.562452872037	242.481143531366	250.643762212708	-526.710992215178	-9.00318683013119	2	FALSE	248.79583642688	229.36683642688	225.789280338313	231.696970508265
4	FLR002	2	246.562452872037	242.481143531366	250.643762212708	-526.710992215178	-9.30545858615034	2	FALSE	250.029589226825	216.075589226825	211.262519006218	219.961595386267
4	FLR003	4	266.08895808609	262.297294361931	269.880621810249	-526.710992215178	-9.0631045095835	2	FALSE	272.305399668385	225.896399668385	225.35928802696	231.206892323829
4	FLR004	3	259.509189961075	256.381037280713	262.637342641437	-526.710992215178	-14.0130346442517	2	FALSE	264.387707428911	229.080707428911	229.023027178965	236.12972793497
4	FLR005	4	266.08895808609	262.297294361931	269.880621810249	-526.710992215178	-8.0260769960109	2	FALSE	270.076319760092	225.327319760092	221.99708925816	228.139225300269
4	FLR007	2	246.562452872037	242.481143531366	250.643762212708	-526.710992215178	-10.8274379250594	2	FALSE	256.366934333285	225.329934333285	224.425296700139	228.277752291069
4	FLR010	2	246.562452872037	242.481143531366	250.643762212708	-526.710992215178	-8.21771438366962	2	FALSE	250.564769765924	228.274769765924	224.946325938272	228.274842550999
4	FLR013	2	246.562452872037	242.481143531366	250.643762212708	-526.710992215178	-7.7285618142831	2	FALSE	249.264007750413	229.703007750413	225.12992264579	229.737805463269
4	FLR014	3	259.509189961075	256.381037280713	262.637342641437	-526.710992215178	-3.81710485615435	2	FALSE	258.628630718113	229.060630718113	225.706053658538	231.25042892437
4	GRG003	2	246.562452872037	242.481143531366	250.643762212708	-526.710992215178	-7.38267016143278	2	FALSE	247.771931904701	216.771931904701	213.219009715665	244.706191307134
4	GRG008	4	266.08895808609	262.297294361931	269.880621810249	-526.710992215178	-7.18957515266565	2	FALSE	265.141984821177	224.344984821177	213.73463270928	241.841923915075
4	GRG015	1	241.734821020777	237.784213192944	245.68542884861	-526.710992215178	-6.06857605161865	2	FALSE	242.437254982307	214.921254982307	214.153062104846	244.875066707443
4	GRG016	2	246.562452872037	242.481143531366	250.643762212708	-526.710992215178	-10.0013010900442	2	FALSE	254.224540835645	226.155540835645	225.678681295945	231.676509470879
4	GRG018	4	266.08895808609	262.297294361931	269.880621810249	-526.710992215178	-10.9543565558321	2	FALSE	260.657082527647	232.353082527647	231.837911963945	240.312480672667
4	GRG019	2	246.562452872037	242.481143531366	250.643762212708	-526.710992215178	-11.777093510249	2	FALSE	241.610985574606	213.932985574606	213.1274661781	245.394112255183
4	GRG022	3	259.509189961075	256.381037280713	262.637342641437	-526.710992215178	-15.0361771930328	2	FALSE	266.547501870426	226.577501870426	213.41218560036	233.879086874159
4	GRG023	4	266.08895808609	262.297294361931	269.880621810249	-526.710992215178	-8.37700207228956	2	FALSE	269.78948021508	226.84148021508	213.650482259358	237.136452105395
4	GRG025	4	266.08895808609	262.297294361931	269.880621810249	-526.710992215178	-10.9414581569054	2	FALSE	273.369563160235	228.159563160235	213.196465522716	237.593151372858
4	GRG027	4	266.08895808609	262.297294361931	269.880621810249	-526.710992215178	-7.92832722385605	2	FALSE	270.129262076238	237.884262076238	234.689070502115	242.296958753307
4	GRG028	4	266.08895808609	262.297294361931	269.880621810249	-526.710992215178	-7.40273910817335	2	FALSE	263.657689744039	236.033689744039	234.518055348247	242.15191099964
4	GRG032	4	266.08895808609	262.297294361931	269.880621810249	-526.710992215178	-10.3625329732167	2	FALSE	257.585956425403	213.475956425403	212.546319982375	223.303867071176
4	GRG035	2	246.562452872037	242.481143531366	250.643762212708	-526.710992215178	-8.10253974074264	2	FALSE	246.689203708535	226.063203708535	215.845383971464	247.083112316406
4	GRG041	4	266.08895808609	262.297294361931	269.880621810249	-526.710992215178	-7.22836037587751	2	FALSE	267.124775382096	247.775775382096	215.051828955516	247.705915329113
4	GRG043	4	266.08895808609	262.297294361931	269.880621810249	-526.710992215178	-8.90220234220215	2	FALSE	264.137335338874	229.910335338874	212.872793076427	245.674722605119
4	GRG047	4	266.08895808609	262.297294361931	269.880621810249	-526.710992215178	-7.05780616480247	2	FALSE	264.63784465005	248.10684465005	217.029778712562	248.10684465005
4	GRG049	4	266.08895808609	262.297294361931	269.880621810249	-526.710992215178	-19.5974089420997	2	FALSE	299.483289646176	236.542289646176	229.298926719862	239.875829356348
4	GRG050	4	266.08895808609	262.297294361931	269.880621810249	-526.710992215178	-9.21107949615908	2	FALSE	263.393409789108	235.601409789108	213.516940622191	245.196998461948
4	GRG052	4	266.08895808609	262.297294361931	269.880621810249	-526.710992215178	-11.9740998926876	2	FALSE	277.573506028336	248.110506028336	213.776169476374	247.3923660821
4	GRG056	4	266.08895808609	262.297294361931	269.880621810249	-526.710992215178	-7.37185912265466	2	FALSE	263.792103829239	227.871103829239	212.821804071843	244.265705893382
4	GRG057	4	266.08895808609	262.297294361931	269.880621810249	-526.710992215178	-10.5295198184123	2	FALSE	273.994068651399	238.523068651399	232.148537528422	240.357428066071
4	OBN002	1	241.734821020777	237.784213192944	245.68542884861	-526.710992215178	-14.2002870054549	2	FALSE	245.536175690684	238.442175690684	230.926492714623	248.065738341705
4	OBN004	2	246.562452872037	242.481143531366	250.643762212708	-526.710992215178	-10.3118383059044	2	FALSE	238.084221123807	232.040221123807	230.344983530664	236.487449472039
4	OBN005	4	266.08895808609	262.297294361931	269.880621810249	-526.710992215178	-6.81443792759362	2	FALSE	266.368260198163	248.865260198163	242.969048149766	248.865874088959
4	OBN006	3	259.509189961075	256.381037280713	262.637342641437	-526.710992215178	-8.38398556585638	2	FALSE	258.802593082373	255.666593082373	247.778539635479	255.632682938586
4	OBN007	2	246.562452872037	242.481143531366	250.643762212708	-526.710992215178	-8.16003470313213	2	FALSE	247.939348245514	231.050348245514	225.230860862349	231.446465869908
4	OBN008	2	246.562452872037	242.481143531366	250.643762212708	-526.710992215178	-9.1683692127225	2	FALSE	249.993159214014	236.689159214014	230.550190777839	236.81846183509
4	OBN009	4	266.08895808609	262.297294361931	269.880621810249	-526.710992215178	-6.83569498122423	2	FALSE	266.424684586207	227.037684586207	225.631743546693	231.501640148835
4	OBN010	3	259.509189961075	256.381037280713	262.637342641437	-526.710992215178	-13.4056515839537	2	FALSE	253.751559504194	237.854559504194	231.558490492587	248.026658237879
4	OBN011	2	246.562452872037	242.481143531366	250.643762212708	-526.710992215178	-20.5872039286506	2	FALSE	293.289968107403	236.209968107403	230.659886769438	236.803055787418
4	PRI001	2	246.562452872037	242.481143531366	250.643762212708	-526.710992215178	-8.3200413280294	2	FALSE	242.204774712107	223.401774712107	215.654240796717	224.496990361883
4	PRI005	2	246.562452872037	242.481143531366	250.643762212708	-526.710992215178	-11.751137028284	2	FALSE	238.795620713056	222.765620713056	216.424317884833	223.048135604976
4	PRI006	2	246.562452872037	242.481143531366	250.643762212708	-526.710992215178	-10.4434393975157	2	FALSE	252.279370713771	217.477370713771	216.342617676128	223.036092882602
