# CLUSTERING STRENGTH + LIKELIHOOD K SELECTION RESULTS (DATES)
# Recommended K: 1
# Method: DATES
# Clustering strength threshold: 0.983
# Likelihood thresholds: k1 to k2(k=2):1.2 k1 to k2(k=3):2.59 k2 to k3:0.71 k3 to k4:0.49
#
model_k	pop	cluster	joint_date_est_best	joint_date_lowerci	joint_date_upperci	likelihood_mean	likelihood_per_ind	recommended_k	is_recommended	ind_date_est	sample_age_est_best	sample_age_lowerci_mean	sample_age_upperci_mean
1	HBS002	1	266.187466806431	263.829066140515	268.545867472347	-2503.91187773337	-50.8251607732249	1	TRUE	261.364007868627	250.813007868627	242.577669200712	256.813266227234
1	HBS004	1	266.187466806431	263.829066140515	268.545867472347	-2503.91187773337	-20.2932383221555	1	TRUE	353.952616738186	247.710616738186	241.481557641299	256.826456136748
1	HBS006	1	266.187466806431	263.829066140515	268.545867472347	-2503.91187773337	-282.684958839894	1	TRUE	266.246235169504	255.322235169504	247.260486861955	257.016385020376
1	HBS007	1	266.187466806431	263.829066140515	268.545867472347	-2503.91187773337	-51.4937880619721	1	TRUE	268.975565989099	248.414565989099	241.464509512381	256.196990123208
1	HBS008	1	266.187466806431	263.829066140515	268.545867472347	-2503.91187773337	-19.6774414192988	1	TRUE	268.862813296959	254.821813296959	241.578264589012	256.870054379334
1	I0018	1	266.187466806431	263.829066140515	268.545867472347	-2503.91187773337	-111.393092258398	1	TRUE	275.313164270299	250.751164270299	250.820292760418	256.867207257779
1	I0022	1	266.187466806431	263.829066140515	268.545867472347	-2503.91187773337	-21.2462363602572	1	TRUE	273.092342282796	262.571342282796	243.655110845721	265.293785595236
1	I0025	1	266.187466806431	263.829066140515	268.545867472347	-2503.91187773337	-166.641823259261	1	TRUE	267.284469123576	260.557469123576	250.695567885913	265.004424907966
1	I0026	1	266.187466806431	263.829066140515	268.545867472347	-2503.91187773337	-52.933440698198	1	TRUE	262.508632465428	249.864632465428	243.62036572919	264.093079785547
1	I0054	1	266.187466806431	263.829066140515	268.545867472347	-2503.91187773337	-15.2911240738867	1	TRUE	272.747666809073	249.359666809073	248.688291312511	255.732025596784
1	I0100	1	266.187466806431	263.829066140515	268.545867472347	-2503.91187773337	-33.0460358976104	1	TRUE	261.789067194544	254.957067194544	243.639859893697	255.274633980007
1	I0797	1	266.187466806431	263.829066140515	268.545867472347	-2503.91187773337	-43.7521801546224	1	TRUE	319.979513097514	245.614513097514	243.161953926267	262.653362365506
1	I2022	1	266.187466806431	263.829066140515	268.545867472347	-2503.91187773337	-12.0126370284206	1	TRUE	281.482009457162	243.897009457162	243.608731615521	265.340224134603
1	SCH007	1	266.187466806431	263.829066140515	268.545867472347	-2503.91187773337	-515.802151280956	1	TRUE	261.036759548468	254.850759548468	251.41985957569	255.321719434245
1	SCH010	1	266.187466806431	263.829066140515	268.545867472347	-2503.91187773337	-11.2715796050237	1	TRUE	258.265896525483	254.661896525483	248.407448991784	255.219554852229
1	SCH014	1	266.187466806431	263.829066140515	268.545867472347	-2503.91187773337	-20.8057837827786	1	TRUE	269.336158052812	250.922158052812	248.375047391871	254.942195001017
1	SCH015	1	266.187466806431	263.829066140515	268.545867472347	-2503.91187773337	-24.5106844508456	1	TRUE	412.659382039187	250.018382039187	248.394650887307	255.151608852653
1	SCH016	1	266.187466806431	263.829066140515	268.545867472347	-2503.91187773337	-22.4887894617696	1	TRUE	266.851237816606	257.770237816606	249.883408066018	258.671194130006
1	SCH018	1	266.187466806431	263.829066140515	268.545867472347	-2503.91187773337	-16.2257646752059	1	TRUE	270.542889204177	249.319889204177	246.963122883064	255.563920470756
1	SMH004	1	266.187466806431	263.829066140515	268.545867472347	-2503.91187773337	-11.7774287334638	1	TRUE	274.151264166877	252.032264166877	250.662148401411	258.644847424659
1	XN164	1	266.187466806431	263.829066140515	268.545867472347	-2503.91187773337	-34.0889415017115	1	TRUE	260.230969500724	252.079969500724	250.57613155329	258.624721254422
1	XN166	1	266.187466806431	263.829066140515	268.545867472347	-2503.91187773337	-80.2980850323356	1	TRUE	268.228449592232	251.187449592232	248.421713523983	258.186765366304
1	XN167	1	266.187466806431	263.829066140515	268.545867472347	-2503.91187773337	-67.4602806879411	1	TRUE	278.910776841888	251.840776841888	250.879985017345	258.281341187837
1	XN170	1	266.187466806431	263.829066140515	268.545867472347	-2503.91187773337	-71.0007560036322	1	TRUE	262.347511137667	254.702511137667	247.119597629914	255.526254921988
1	XN171	1	266.187466806431	263.829066140515	268.545867472347	-2503.91187773337	-57.046321835144	1	TRUE	262.509028187614	251.918028187614	250.457035821575	258.517878769628
1	XN172	1	266.187466806431	263.829066140515	268.545867472347	-2503.91187773337	-101.390619903935	1	TRUE	262.549981926926	258.379981926925	251.002773211745	258.67124630194
1	XN173	1	266.187466806431	263.829066140515	268.545867472347	-2503.91187773337	-17.5955567692411	1	TRUE	298.692527492465	251.619527492465	248.708018414442	255.506830403083
1	XN174	1	266.187466806431	263.829066140515	268.545867472347	-2503.91187773337	-42.6212505945827	1	TRUE	266.92642201624	254.74142201624	238.494819020916	255.559319979089
1	XN175	1	266.187466806431	263.829066140515	268.545867472347	-2503.91187773337	-15.8796993973249	1	TRUE	291.408566538129	254.31756653813	250.405986395117	258.394390925662
1	XN178	1	266.187466806431	263.829066140515	268.545867472347	-2503.91187773337	-52.6427593163676	1	TRUE	289.924238520959	248.486238520959	248.328193016849	257.585699847487
1	XN180	1	266.187466806431	263.829066140515	268.545867472347	-2503.91187773337	-26.9889475081719	1	TRUE	302.55413386698	250.31813386698	248.738461862663	255.674415183892
1	XN182	1	266.187466806431	263.829066140515	268.545867472347	-2503.91187773337	-16.5162504430999	1	TRUE	271.651928922779	252.237928922779	246.533147991426	258.685833773754
1	XN183	1	266.187466806431	263.829066140515	268.545867472347	-2503.91187773337	-104.66693858289	1	TRUE	283.793605182284	251.072605182284	250.686742002433	256.622536883191
1	XN188	1	266.187466806431	263.829066140515	268.545867472347	-2503.91187773337	-42.3770471507519	1	TRUE	263.309003724013	256.693003724013	250.707963929642	258.814152254084
1	XN215	1	266.187466806431	263.829066140515	268.545867472347	-2503.91187773337	-13.4726414880593	1	TRUE	280.156484319842	252.831484319842	246.420913516045	255.284941854601
1	XN224	1	266.187466806431	263.829066140515	268.545867472347	-2503.91187773337	-19.8912865511479	1	TRUE	345.362203755866	254.299203755866	250.291343556052	258.477891504149
1	XN225	1	266.187466806431	263.829066140515	268.545867472347	-2503.91187773337	-235.801155829787	1	TRUE	261.698405079766	258.619405079766	252.655048216423	258.865059468163
2	HBS002	1	265.800126283263	263.385117701055	268.215134865471	-603.369343935671	-7.01792604847532	1	FALSE	262.870547203868	252.319547203868	242.648791060108	256.954167539796
2	HBS004	2	297.133076588302	277.467625327058	316.798527849547	-603.369343935671	-16.1167870837409	1	FALSE	353.643710340637	247.401710340637	241.526893953269	256.703866356339
2	HBS006	1	265.800126283263	263.385117701055	268.215134865471	-603.369343935671	-14.8784062033452	1	FALSE	266.712737968292	255.788737968292	247.558253163963	256.783050385129
2	HBS007	1	265.800126283263	263.385117701055	268.215134865471	-603.369343935671	-6.22598005883614	1	FALSE	266.064543541833	245.503543541833	241.409017927696	255.976784503883
2	HBS008	1	265.800126283263	263.385117701055	268.215134865471	-603.369343935671	-8.70236279325585	1	FALSE	265.417283103517	251.376283103517	241.477959731534	256.59673853847
2	I0018	1	265.800126283263	263.385117701055	268.215134865471	-603.369343935671	-23.5673582334732	1	FALSE	275.644917081026	251.082917081026	250.827988479209	257.393409284829
2	I0022	1	265.800126283263	263.385117701055	268.215134865471	-603.369343935671	-10.5034192567082	1	FALSE	258.130770182005	247.609770182005	243.675000537478	265.37917584605
2	I0025	1	265.800126283263	263.385117701055	268.215134865471	-603.369343935671	-9.12341011680405	1	FALSE	264.987530462056	258.260530462056	250.019948962311	265.002099713893
2	I0026	1	265.800126283263	263.385117701055	268.215134865471	-603.369343935671	-6.4957148725302	1	FALSE	267.565319306596	254.921319306596	243.569746412956	264.205733276353
2	I0054	1	265.800126283263	263.385117701055	268.215134865471	-603.369343935671	-13.1104290735367	1	FALSE	277.75047917623	254.362479176231	248.671833784003	255.618273060486
2	I0100	1	265.800126283263	263.385117701055	268.215134865471	-603.369343935671	-8.37985048754659	1	FALSE	260.903575931614	254.071575931614	243.800516040297	255.244094089609
2	I0797	2	297.133076588302	277.467625327058	316.798527849547	-603.369343935671	-36.6332866686511	1	FALSE	323.594866451268	249.229866451268	243.126382630934	264.605412872958
2	I2022	2	297.133076588302	277.467625327058	316.798527849547	-603.369343935671	-15.4403459792798	1	FALSE	289.27385674627	251.68885674627	243.394166822795	265.683605247926
2	SCH007	1	265.800126283263	263.385117701055	268.215134865471	-603.369343935671	-44.2022847420434	1	FALSE	261.238965616674	255.052965616674	250.956309989228	255.297330106675
2	SCH010	2	297.133076588302	277.467625327058	316.798527849547	-603.369343935671	-22.6046455370949	1	FALSE	256.514923550371	252.910923550371	248.407114281519	255.195204279984
2	SCH014	1	265.800126283263	263.385117701055	268.215134865471	-603.369343935671	-9.38596919394286	1	FALSE	271.012311916726	252.598311916726	248.425327869482	255.131458748656
2	SCH015	2	297.133076588302	277.467625327058	316.798527849547	-603.369343935671	-21.4505628669567	1	FALSE	412.724406610481	250.083406610481	248.423881215276	255.221008657411
2	SCH016	1	265.800126283263	263.385117701055	268.215134865471	-603.369343935671	-8.8170625963934	1	FALSE	261.4758581822	252.3948581822	249.918371337607	258.627359801971
2	SCH018	1	265.800126283263	263.385117701055	268.215134865471	-603.369343935671	-10.3306031321705	1	FALSE	270.853856053629	249.630856053629	246.996803116294	255.333025610898
2	SMH004	2	297.133076588302	277.467625327058	316.798527849547	-603.369343935671	-28.4641921568472	1	FALSE	279.414590338547	257.295590338547	250.601079583644	258.590188438709
2	XN164	1	265.800126283263	263.385117701055	268.215134865471	-603.369343935671	-7.04620343753317	1	FALSE	265.084575865147	256.933575865147	250.625615934792	258.66427679799
2	XN166	1	265.800126283263	263.385117701055	268.215134865471	-603.369343935671	-7.08158167037499	1	FALSE	268.224979199933	251.183979199933	248.385594889156	257.634697067052
2	XN167	1	265.800126283263	263.385117701055	268.215134865471	-603.369343935671	-20.6836909945053	1	FALSE	278.178673245446	251.108673245446	250.912285733765	258.530105426155
2	XN170	1	265.800126283263	263.385117701055	268.215134865471	-603.369343935671	-7.57522297668511	1	FALSE	262.404256781844	254.759256781844	247.0904322401	255.463821771353
2	XN171	1	265.800126283263	263.385117701055	268.215134865471	-603.369343935671	-7.02619502783392	1	FALSE	268.744946113532	258.153946113532	250.506226830835	258.576701000344
2	XN172	1	265.800126283263	263.385117701055	268.215134865471	-603.369343935671	-8.99211886870983	1	FALSE	262.155939235169	257.985939235169	250.857300672423	258.648207670793
2	XN173	2	297.133076588302	277.467625327058	316.798527849547	-603.369343935671	-15.0446771536424	1	FALSE	296.356203630617	249.283203630617	248.598092465557	255.508374353021
2	XN174	1	265.800126283263	263.385117701055	268.215134865471	-603.369343935671	-6.47443820190892	1	FALSE	266.462369108051	254.277369108051	238.540256792036	255.4575503879
2	XN175	2	297.133076588302	277.467625327058	316.798527849547	-603.369343935671	-22.342150318067	1	FALSE	291.579846128299	254.488846128299	250.430501528535	258.436608515369
2	XN178	1	265.800126283263	263.385117701055	268.215134865471	-603.369343935671	-34.1835940335315	1	FALSE	289.853166021525	248.415166021525	248.272724562724	257.375952490152
2	XN180	2	297.133076588302	277.467625327058	316.798527849547	-603.369343935671	-30.0281223676958	1	FALSE	301.551983475635	249.315983475635	248.813282118744	255.658897172863
2	XN182	1	265.800126283263	263.385117701055	268.215134865471	-603.369343935671	-9.73277082061527	1	FALSE	266.059364301903	246.645364301903	246.587360063286	258.762888511685
2	XN183	1	265.800126283263	263.385117701055	268.215134865471	-603.369343935671	-47.5457267332481	1	FALSE	284.251535013448	251.530535013448	250.695316077975	256.431630045696
2	XN188	1	265.800126283263	263.385117701055	268.215134865471	-603.369343935671	-6.48580545663005	1	FALSE	265.373272673189	258.757272673189	250.763897406898	258.840286011172
2	XN215	1	265.800126283263	263.385117701055	268.215134865471	-603.369343935671	-15.3104038749242	1	FALSE	281.482400900855	254.157400900855	246.510215853468	255.500043230089
2	XN224	2	297.133076588302	277.467625327058	316.798527849547	-603.369343935671	-15.0527574281297	1	FALSE	341.712159759283	250.649159759283	250.350195835079	258.409261275265
2	XN225	1	265.800126283263	263.385117701055	268.215134865471	-603.369343935671	-21.3132874700035	1	FALSE	260.939816010673	257.860816010673	252.684539748214	258.838206299551
3	HBS002	1	260.032237162573	257.203135676801	262.861338648344	-441.67219585416	-7.76393296201973	1	FALSE	263.925762072261	253.374762072261	241.601020792026	256.545110238533
3	HBS004	3	341.836420449768	236.262320934033	447.410519965503	-441.67219585416	-14.4088488887654	1	FALSE	358.11047469179	251.86847469179	241.599799426279	256.707666898427
3	HBS006	1	260.032237162573	257.203135676801	262.861338648344	-441.67219585416	-10.2616908196136	1	FALSE	257.99846806216	247.07446806216	243.022560310004	255.187953921018
3	HBS007	1	260.032237162573	257.203135676801	262.861338648344	-441.67219585416	-8.97011423272478	1	FALSE	265.377003800952	244.816003800952	241.30652975105	256.689420268023
3	HBS008	2	280.438281018285	274.999154571415	285.877407465154	-441.67219585416	-13.6960189676653	1	FALSE	266.92664208105	252.88564208105	241.64515625988	256.770654278984
3	I0018	2	280.438281018285	274.999154571415	285.877407465154	-441.67219585416	-19.9517964416068	1	FALSE	279.062547303119	254.500547303119	251.041983214138	259.060762736314
3	I0022	2	280.438281018285	274.999154571415	285.877407465154	-441.67219585416	-8.76683788793754	1	FALSE	275.541362660705	265.020362660705	243.839388458655	265.717892521342
3	I0025	1	260.032237162573	257.203135676801	262.861338648344	-441.67219585416	-6.02190167179134	1	FALSE	259.868077562552	253.141077562552	245.961768451806	261.647346134071
3	I0026	1	260.032237162573	257.203135676801	262.861338648344	-441.67219585416	-7.33768876747655	1	FALSE	256.71469625491	244.07069625491	243.713932538522	264.920928442735
3	I0054	2	280.438281018285	274.999154571415	285.877407465154	-441.67219585416	-8.58437095807219	1	FALSE	278.456172067462	255.068172067462	248.727324072053	255.780730699866
3	I0100	1	260.032237162573	257.203135676801	262.861338648344	-441.67219585416	-7.59405880323936	1	FALSE	261.282717764723	254.450717764723	243.409348587	255.357185837316
3	I0797	2	280.438281018285	274.999154571415	285.877407465154	-441.67219585416	-29.6486904084429	1	FALSE	322.590821409973	248.225821409973	243.128818686226	263.889267420798
3	I2022	2	280.438281018285	274.999154571415	285.877407465154	-441.67219585416	-14.1927773471732	1	FALSE	294.048883568151	256.463883568151	243.523790706032	265.252453264579
3	SCH007	1	260.032237162573	257.203135676801	262.861338648344	-441.67219585416	-13.824302216336	1	FALSE	259.478342185575	253.292342185575	249.007561860074	255.270530921033
3	SCH010	2	280.438281018285	274.999154571415	285.877407465154	-441.67219585416	-15.7182969563261	1	FALSE	256.084355706731	252.480355706731	248.376609134097	255.151294619843
3	SCH014	2	280.438281018285	274.999154571415	285.877407465154	-441.67219585416	-9.58499679589373	1	FALSE	273.547013319158	255.133013319158	248.497229288083	255.182866740506
3	SCH015	3	341.836420449768	236.262320934033	447.410519965503	-441.67219585416	-19.1429528564248	1	FALSE	415.891597696752	253.250597696752	248.322861440414	255.168972018957
3	SCH016	2	280.438281018285	274.999154571415	285.877407465154	-441.67219585416	-15.4961206990067	1	FALSE	266.338751806406	257.257751806406	249.917544264396	258.561530118899
3	SCH018	2	280.438281018285	274.999154571415	285.877407465154	-441.67219585416	-8.9308935693518	1	FALSE	275.045435440853	253.822435440853	247.093958026118	255.67356484156
3	SMH004	1	260.032237162573	257.203135676801	262.861338648344	-441.67219585416	-16.6156782236554	1	FALSE	278.319374202936	256.200374202936	250.59571640235	258.578952945646
3	XN164	1	260.032237162573	257.203135676801	262.861338648344	-441.67219585416	-8.52975134666157	1	FALSE	264.306770085619	256.155770085619	250.540691299165	258.679718136837
3	XN166	1	260.032237162573	257.203135676801	262.861338648344	-441.67219585416	-11.0520361553828	1	FALSE	266.130569545218	249.089569545218	248.35447605084	258.443552132562
3	XN167	2	280.438281018285	274.999154571415	285.877407465154	-441.67219585416	-12.1508872993036	1	FALSE	277.943520033467	250.873520033467	251.018339375937	258.988423384506
3	XN170	1	260.032237162573	257.203135676801	262.861338648344	-441.67219585416	-5.82958036355916	1	FALSE	260.253418476551	252.608418476551	246.736744889491	255.435433445977
3	XN171	1	260.032237162573	257.203135676801	262.861338648344	-441.67219585416	-6.47407498906832	1	FALSE	261.784284136459	251.193284136459	250.363660079255	258.359955363932
3	XN172	1	260.032237162573	257.203135676801	262.861338648344	-441.67219585416	-7.14457095036575	1	FALSE	257.047294661444	252.877294661444	250.553688813327	258.539488245991
3	XN173	3	341.836420449768	236.262320934033	447.410519965503	-441.67219585416	-15.1088730138598	1	FALSE	299.826627738999	252.753627738999	248.700159778884	255.525084074826
3	XN174	1	260.032237162573	257.203135676801	262.861338648344	-441.67219585416	-7.43478691564549	1	FALSE	257.007156898877	244.822156898877	237.60141789401	255.485782253165
3	XN175	2	280.438281018285	274.999154571415	285.877407465154	-441.67219585416	-11.4962751301379	1	FALSE	288.557614493318	251.466614493318	250.397500549394	258.492991024609
3	XN178	2	280.438281018285	274.999154571415	285.877407465154	-441.67219585416	-14.337447721686	1	FALSE	291.911420239619	250.473420239619	248.376014501056	258.377302655052
3	XN180	2	280.438281018285	274.999154571415	285.877407465154	-441.67219585416	-17.640032760465	1	FALSE	306.52300636378	254.28700636378	248.773023183425	255.650042740492
3	XN182	2	280.438281018285	274.999154571415	285.877407465154	-441.67219585416	-9.63701703768105	1	FALSE	272.699678860523	253.285678860523	246.949102036331	258.907449710561
3	XN183	2	280.438281018285	274.999154571415	285.877407465154	-441.67219585416	-19.6141978059021	1	FALSE	287.191562892334	254.470562892334	250.787380317225	258.545505653642
3	XN188	1	260.032237162573	257.203135676801	262.861338648344	-441.67219585416	-6.81641591270731	1	FALSE	259.338888321075	252.722888321075	250.6465882231	258.682919452967
3	XN215	2	280.438281018285	274.999154571415	285.877407465154	-441.67219585416	-10.0529244941395	1	FALSE	282.033482534117	254.708482534117	246.476519657403	255.402655792963
3	XN224	3	341.836420449768	236.262320934033	447.410519965503	-441.67219585416	-14.6261978453185	1	FALSE	346.259993122542	255.196993122542	250.278240467888	258.414385492547
3	XN225	1	260.032237162573	257.203135676801	262.861338648344	-441.67219585416	-7.2151566387529	1	FALSE	260.70999779142	257.63099779142	249.859809976666	258.775999297254
4	HBS002	1	256.652062045186	253.013661114698	260.290462975675	-414.770022675688	-8.52283528419089	1	FALSE	254.540548144497	243.989548144497	241.798447008894	256.778725523098
4	HBS004	4	337.856104362333	232.28225779004	443.429950934627	-414.770022675688	-14.3435099762764	1	FALSE	349.192395240249	242.950395240249	241.452565006808	256.796825418465
4	HBS006	1	256.652062045186	253.013661114698	260.290462975675	-414.770022675688	-7.13396110465818	1	FALSE	259.192306486093	248.268306486093	241.547536107184	255.231989236542
4	HBS007	2	267.421575266304	263.229197421047	271.613953111561	-414.770022675688	-9.49692449061432	1	FALSE	261.774373560875	241.213373560875	241.282909726776	256.731565476262
4	HBS008	2	267.421575266304	263.229197421047	271.613953111561	-414.770022675688	-10.8648039851472	1	FALSE	258.364209213326	244.323209213326	241.473604117647	256.58830182261
4	I0018	2	267.421575266304	263.229197421047	271.613953111561	-414.770022675688	-19.5661375369083	1	FALSE	275.762812918899	251.200812918899	251.070947443135	258.981936101658
4	I0022	2	267.421575266304	263.229197421047	271.613953111561	-414.770022675688	-8.3032962855106	1	FALSE	266.262869410018	255.741869410018	243.684263539867	265.553502829623
4	I0025	1	256.652062045186	253.013661114698	260.290462975675	-414.770022675688	-4.36125549851164	1	FALSE	256.517273996353	249.790273996353	244.616277914611	262.78254220783
4	I0026	2	267.421575266304	263.229197421047	271.613953111561	-414.770022675688	-6.99612639707839	1	FALSE	265.262250854097	252.618250854097	243.479296552344	265.491937140469
4	I0054	3	286.065305060796	277.743588053001	294.38702206859	-414.770022675688	-9.81189835583235	1	FALSE	277.701898316093	254.313898316094	248.725767978412	255.74343575281
4	I0100	2	267.421575266304	263.229197421047	271.613953111561	-414.770022675688	-11.1053337491773	1	FALSE	258.930517876168	252.098517876168	243.203312026786	255.297114165749
4	I0797	3	286.065305060796	277.743588053001	294.38702206859	-414.770022675688	-22.3193479723065	1	FALSE	320.02987703331	245.66487703331	243.131942632525	264.399150573965
4	I2022	3	286.065305060796	277.743588053001	294.38702206859	-414.770022675688	-14.2991275045019	1	FALSE	302.961662133245	265.376662133245	243.479189832163	265.360627487961
4	SCH007	1	256.652062045186	253.013661114698	260.290462975675	-414.770022675688	-6.76872919632889	1	FALSE	255.187787042445	249.001787042445	248.572926454238	255.057082781111
4	SCH010	2	267.421575266304	263.229197421047	271.613953111561	-414.770022675688	-15.3881730787447	1	FALSE	255.917621187516	252.313621187516	248.429137659592	255.146601946783
4	SCH014	2	267.421575266304	263.229197421047	271.613953111561	-414.770022675688	-8.36754275632834	1	FALSE	270.049163621645	251.635163621645	248.427801236353	255.147574590436
4	SCH015	4	337.856104362333	232.28225779004	443.429950934627	-414.770022675688	-19.2121894409428	1	FALSE	417.669285360563	255.028285360563	248.316141715831	255.238547648436
4	SCH016	2	267.421575266304	263.229197421047	271.613953111561	-414.770022675688	-8.00540289585598	1	FALSE	265.395314866414	256.314314866414	249.943391223304	258.618813672258
4	SCH018	3	286.065305060796	277.743588053001	294.38702206859	-414.770022675688	-12.2503039385297	1	FALSE	273.042876862473	251.819876862473	247.041713406214	255.56107857055
4	SMH004	3	286.065305060796	277.743588053001	294.38702206859	-414.770022675688	-10.4609814508462	1	FALSE	278.57791429113	256.45891429113	250.582393106023	258.71692110449
4	XN164	2	267.421575266304	263.229197421047	271.613953111561	-414.770022675688	-7.2310775789742	1	FALSE	265.537940396923	257.386940396923	250.619430560486	258.624624849962
4	XN166	2	267.421575266304	263.229197421047	271.613953111561	-414.770022675688	-7.31764554820287	1	FALSE	269.138423174252	252.097423174252	248.310965284639	258.554389767648
4	XN167	2	267.421575266304	263.229197421047	271.613953111561	-414.770022675688	-18.4533159547321	1	FALSE	278.638009264218	251.568009264218	251.109748359014	258.981163533205
4	XN170	2	267.421575266304	263.229197421047	271.613953111561	-414.770022675688	-9.38765601953149	1	FALSE	262.785728577156	255.140728577156	246.730597699092	255.378557130918
4	XN171	2	267.421575266304	263.229197421047	271.613953111561	-414.770022675688	-6.73315806692047	1	FALSE	268.737773246816	258.146773246816	250.509431982897	258.584206400395
4	XN172	1	256.652062045186	253.013661114698	260.290462975675	-414.770022675688	-8.76884396566366	1	FALSE	260.839096586985	256.669096586985	250.470834588582	258.590861941447
4	XN173	4	337.856104362333	232.28225779004	443.429950934627	-414.770022675688	-14.9956175229825	1	FALSE	299.329182689012	252.256182689012	248.56735014294	255.469319151204
4	XN174	2	267.421575266304	263.229197421047	271.613953111561	-414.770022675688	-7.39697762676462	1	FALSE	264.320170034648	252.135170034648	237.890008412764	255.612728185067
4	XN175	3	286.065305060796	277.743588053001	294.38702206859	-414.770022675688	-10.8507668803795	1	FALSE	292.262083478406	255.171083478406	250.381251997979	258.454804594084
4	XN178	3	286.065305060796	277.743588053001	294.38702206859	-414.770022675688	-11.9146798459203	1	FALSE	292.798305190818	251.360305190818	248.496669264361	258.402622271595
4	XN180	3	286.065305060796	277.743588053001	294.38702206859	-414.770022675688	-12.6400370195356	1	FALSE	302.851743032291	250.615743032291	248.74293819238	255.668468020789
4	XN182	3	286.065305060796	277.743588053001	294.38702206859	-414.770022675688	-11.3909157608171	1	FALSE	274.594099445129	255.180099445129	246.872634522883	258.733117277567
4	XN183	3	286.065305060796	277.743588053001	294.38702206859	-414.770022675688	-21.3453263469077	1	FALSE	285.18867732215	252.46767732215	250.820361146927	258.731545034876
4	XN188	2	267.421575266304	263.229197421047	271.613953111561	-414.770022675688	-9.04642609432916	1	FALSE	261.805833717097	255.189833717097	250.716725040379	258.767445622488
4	XN215	3	286.065305060796	277.743588053001	294.38702206859	-414.770022675688	-10.4508459469796	1	FALSE	277.206584320259	249.881584320259	246.507891660419	255.370123329148
4	XN224	4	337.856104362333	232.28225779004	443.429950934627	-414.770022675688	-14.6310531348964	1	FALSE	342.948361800902	251.885361800902	250.245120304903	258.429254431177
4	XN225	1	256.652062045186	253.013661114698	260.290462975675	-414.770022675688	-4.63779846386028	1	FALSE	255.349673927186	252.270673927186	248.738123267478	258.644454353863
