# CLUSTERING STRENGTH + LIKELIHOOD K SELECTION RESULTS (DATES)
# Recommended K: 1
# Method: DATES
# Clustering strength threshold: 0.983
# Likelihood thresholds: k1 to k2(k=2):1.2 k1 to k2(k=3):2.59 k2 to k3:0.71 k3 to k4:0.49
#
model_k	pop	cluster	joint_date_est_best	joint_date_lowerci	joint_date_upperci	likelihood_mean	likelihood_per_ind	recommended_k	is_recommended	ind_date_est	sample_age_est_best	sample_age_lowerci_mean	sample_age_upperci_mean
1	HBS002	1	256.107576235596	254.175009207858	258.040143263333	-3828.38781849224	-38.0901758246894	1	TRUE	258.65233058927	248.10133058927	241.420523551206	256.160355593279
1	HBS004	1	256.107576235596	254.175009207858	258.040143263333	-3828.38781849224	-21.5773555858728	1	TRUE	353.258516522854	247.016516522854	241.321006486074	256.818661926133
1	HBS006	1	256.107576235596	254.175009207858	258.040143263333	-3828.38781849224	-215.777413171607	1	TRUE	255.820689830681	244.896689830681	241.738651685509	252.195286957493
1	HBS007	1	256.107576235596	254.175009207858	258.040143263333	-3828.38781849224	-42.2699648263264	1	TRUE	262.045205604814	241.484205604814	241.237227873468	253.743601788696
1	HBS008	1	256.107576235596	254.175009207858	258.040143263333	-3828.38781849224	-17.7477133938485	1	TRUE	263.910170861452	249.869170861452	241.433351167175	256.67038543497
1	I0018	1	256.107576235596	254.175009207858	258.040143263333	-3828.38781849224	-139.709660540521	1	TRUE	275.481094041422	250.919094041422	250.780084265296	255.200418268488
1	I0022	1	256.107576235596	254.175009207858	258.040143263333	-3828.38781849224	-20.112011139583	1	TRUE	267.419828883173	256.898828883173	243.225623385817	264.556196527088
1	I0025	1	256.107576235596	254.175009207858	258.040143263333	-3828.38781849224	-132.030743457626	1	TRUE	260.302201685557	253.575201685557	244.075676603129	258.585205023296
1	I0026	1	256.107576235596	254.175009207858	258.040143263333	-3828.38781849224	-39.8683037896987	1	TRUE	257.47387057875	244.82987057875	243.068102413984	259.80141024546
1	I0054	1	256.107576235596	254.175009207858	258.040143263333	-3828.38781849224	-19.3234245712298	1	TRUE	274.909534005521	251.521534005521	248.664056466135	255.658927102597
1	I0100	1	256.107576235596	254.175009207858	258.040143263333	-3828.38781849224	-25.3537574367642	1	TRUE	253.491696730951	246.659696730951	243.25789859619	255.199682366891
1	I0797	1	256.107576235596	254.175009207858	258.040143263333	-3828.38781849224	-53.6362018165689	1	TRUE	318.280274007096	243.915274007096	243.063642840883	260.855494874081
1	I2022	1	256.107576235596	254.175009207858	258.040143263333	-3828.38781849224	-13.8775825134511	1	TRUE	282.568822429536	244.983822429536	243.175362385217	265.545712436527
1	SCH007	1	256.107576235596	254.175009207858	258.040143263333	-3828.38781849224	-378.134827742801	1	TRUE	257.441818396541	251.255818396541	248.390211018185	254.650720265553
1	SCH010	1	256.107576235596	254.175009207858	258.040143263333	-3828.38781849224	-10.9901889647452	1	TRUE	257.30094463942	253.69694463942	248.328186817692	255.20152186056
1	SCH014	1	256.107576235596	254.175009207858	258.040143263333	-3828.38781849224	-22.1770375411201	1	TRUE	269.065817817042	250.651817817042	248.392609578899	255.120838242126
1	SCH015	1	256.107576235596	254.175009207858	258.040143263333	-3828.38781849224	-25.276546754734	1	TRUE	414.55683533472	251.91583533472	248.381682649987	255.187547193574
1	SCH016	1	256.107576235596	254.175009207858	258.040143263333	-3828.38781849224	-19.6142007686812	1	TRUE	262.631113816388	253.550113816388	249.903915015837	258.496038118308
1	SCH018	1	256.107576235596	254.175009207858	258.040143263333	-3828.38781849224	-18.2600849817594	1	TRUE	270.837173109543	249.614173109543	246.932246098049	255.41001375473
1	SMH004	1	256.107576235596	254.175009207858	258.040143263333	-3828.38781849224	-15.0466359148062	1	TRUE	278.072646966389	255.953646966389	250.531537578132	258.685324058259
1	XN164	1	256.107576235596	254.175009207858	258.040143263333	-3828.38781849224	-25.5145422541172	1	TRUE	258.941770944474	250.790770944474	250.502460599312	258.521142686451
1	XN166	1	256.107576235596	254.175009207858	258.040143263333	-3828.38781849224	-75.6225381725954	1	TRUE	266.202896379	249.161896379	248.276056938007	256.012766045522
1	XN167	1	256.107576235596	254.175009207858	258.040143263333	-3828.38781849224	-88.4827723443305	1	TRUE	278.737911763802	251.667911763802	250.833350101053	257.397347809198
1	XN170	1	256.107576235596	254.175009207858	258.040143263333	-3828.38781849224	-54.1532615914981	1	TRUE	259.291555386284	251.646555386284	246.755634728374	255.300606867416
1	XN171	1	256.107576235596	254.175009207858	258.040143263333	-3828.38781849224	-48.6883873835821	1	TRUE	263.796934755878	253.205934755878	250.339189599462	258.460181675498
1	XN172	1	256.107576235596	254.175009207858	258.040143263333	-3828.38781849224	-75.6948637966296	1	TRUE	255.137595514958	250.967595514958	250.430796914239	258.45476020217
1	XN173	1	256.107576235596	254.175009207858	258.040143263333	-3828.38781849224	-18.2979427918031	1	TRUE	296.811772371867	249.738772371867	248.621634845705	255.553837509126
1	XN174	1	256.107576235596	254.175009207858	258.040143263333	-3828.38781849224	-33.4737428859397	1	TRUE	258.89537596539	246.71037596539	237.158597837386	254.349819593304
1	XN175	1	256.107576235596	254.175009207858	258.040143263333	-3828.38781849224	-21.1142019207375	1	TRUE	293.085000699071	255.994000699072	250.374749826618	258.399344693248
1	XN178	1	256.107576235596	254.175009207858	258.040143263333	-3828.38781849224	-81.5950679463618	1	TRUE	292.349065512836	250.911065512836	248.262956771859	256.585254967545
1	XN180	1	256.107576235596	254.175009207858	258.040143263333	-3828.38781849224	-33.9587730481994	1	TRUE	300.939467986937	248.703467986937	248.798674293952	255.488511634719
1	XN182	1	256.107576235596	254.175009207858	258.040143263333	-3828.38781849224	-17.913031782908	1	TRUE	270.245884996741	250.831884996741	246.590762827978	258.345573808656
1	XN183	1	256.107576235596	254.175009207858	258.040143263333	-3828.38781849224	-144.007987348722	1	TRUE	283.721683087124	251.000683087124	250.664342096109	255.906927404137
1	XN188	1	256.107576235596	254.175009207858	258.040143263333	-3828.38781849224	-32.5917771164037	1	TRUE	258.206396855135	251.590396855135	250.661315419299	258.771022055826
1	XN215	1	256.107576235596	254.175009207858	258.040143263333	-3828.38781849224	-14.7663037062662	1	TRUE	276.073957314828	248.748957314828	246.452298839251	255.197366663369
1	XN224	1	256.107576235596	254.175009207858	258.040143263333	-3828.38781849224	-21.7453201265606	1	TRUE	346.367824311153	255.304824311153	250.286469086406	258.455492762383
1	XN225	1	256.107576235596	254.175009207858	258.040143263333	-3828.38781849224	-173.645564602316	1	TRUE	256.413837006072	253.334837006072	248.536116359548	258.415885424037
1	I5068	1	256.107576235596	254.175009207858	258.040143263333	-3828.38781849224	-50.6806388829924	1	TRUE	256.707790131075	243.630790131075	240.458641120375	256.53862086014
1	I5069	1	256.107576235596	254.175009207858	258.040143263333	-3828.38781849224	-33.2297332486581	1	TRUE	292.45773420473	254.62373420473	245.037608765493	255.108428942159
1	I5205	1	256.107576235596	254.175009207858	258.040143263333	-3828.38781849224	-67.1028509467055	1	TRUE	255.807436874049	231.802436874049	230.633991797056	245.009405764618
1	I5206	1	256.107576235596	254.175009207858	258.040143263333	-3828.38781849224	-23.2685092193909	1	TRUE	251.898921733172	241.878921733172	232.511930154163	263.032349843915
1	I5207	1	256.107576235596	254.175009207858	258.040143263333	-3828.38781849224	-104.894205017014	1	TRUE	257.939446728118	239.964446728118	231.211351020362	247.405995766167
1	I5208	1	256.107576235596	254.175009207858	258.040143263333	-3828.38781849224	-22.3028930859944	1	TRUE	260.911260203911	248.236260203911	232.157460730897	261.652799342951
1	I1593	1	256.107576235596	254.175009207858	258.040143263333	-3828.38781849224	-772.389050399282	1	TRUE	213.866068123318	199.695068123318	198.546226977993	199.773321801198
1	I1594	1	256.107576235596	254.175009207858	258.040143263333	-3828.38781849224	-306.610550605858	1	TRUE	206.496635580764	188.831635580764	185.528800023419	188.825418216319
1	I0559	1	256.107576235596	254.175009207858	258.040143263333	-3828.38781849224	-20.7387961206093	1	TRUE	254.120992080256	197.371992080256	195.783900895987	199.771110524407
1	I0560	1	256.107576235596	254.175009207858	258.040143263333	-3828.38781849224	-14.6771014261161	1	TRUE	256.204633232681	193.426633232681	190.513389382405	199.302048970654
1	I0166	1	256.107576235596	254.175009207858	258.040143263333	-3828.38781849224	-182.35357998422	1	TRUE	250.715169166642	233.842169166642	228.98131177744	233.904026626675
2	HBS002	1	254.940996922088	253.000643563355	256.88135028082	-1815.62486494331	-6.37650460640286	1	FALSE	254.925059013041	244.374059013041	241.539717991587	256.311149213839
2	HBS004	2	296.358310182626	277.817267351149	314.899353014103	-1815.62486494331	-16.7184366705374	1	FALSE	362.903478718576	256.661478718576	241.450413274974	256.722632344619
2	HBS006	1	254.940996922088	253.000643563355	256.88135028082	-1815.62486494331	-25.6334443942355	1	FALSE	260.043119245942	249.119119245942	241.469787575105	251.141504309292
2	HBS007	1	254.940996922088	253.000643563355	256.88135028082	-1815.62486494331	-10.5861536359792	1	FALSE	261.740557603236	241.179557603236	241.134027846108	253.992827664624
2	HBS008	1	254.940996922088	253.000643563355	256.88135028082	-1815.62486494331	-13.1477079373389	1	FALSE	266.994532331074	252.953532331074	241.211395663725	256.319258374278
2	I0018	1	254.940996922088	253.000643563355	256.88135028082	-1815.62486494331	-81.9289023711127	1	FALSE	275.679861301538	251.117861301538	250.793300589646	254.996419315492
2	I0022	1	254.940996922088	253.000643563355	256.88135028082	-1815.62486494331	-8.60638977001307	1	FALSE	256.04629174585	245.52529174585	243.317990161346	264.747859403454
2	I0025	1	254.940996922088	253.000643563355	256.88135028082	-1815.62486494331	-8.52049434030912	1	FALSE	255.976328218866	249.249328218866	243.489548211801	256.718362867833
2	I0026	1	254.940996922088	253.000643563355	256.88135028082	-1815.62486494331	-6.44802650931166	1	FALSE	256.132165986491	243.488165986492	243.070132361442	258.90983174369
2	I0054	1	254.940996922088	253.000643563355	256.88135028082	-1815.62486494331	-16.1925813450323	1	FALSE	272.635216769303	249.247216769303	248.668310417636	255.690929382971
2	I0100	1	254.940996922088	253.000643563355	256.88135028082	-1815.62486494331	-7.87993919990679	1	FALSE	251.259074756199	244.427074756199	243.451034079065	255.067107119123
2	I0797	2	296.358310182626	277.817267351149	314.899353014103	-1815.62486494331	-33.5505170761249	1	FALSE	317.484643858933	243.119643858933	243.260225914336	263.97954707035
2	I2022	2	296.358310182626	277.817267351149	314.899353014103	-1815.62486494331	-15.7821741816731	1	FALSE	283.466401978633	245.881401978633	243.77618220668	265.686466272466
2	SCH007	1	254.940996922088	253.000643563355	256.88135028082	-1815.62486494331	-21.7858554713573	1	FALSE	254.797400994872	248.611400994872	248.400697559617	254.108800012369
2	SCH010	1	254.940996922088	253.000643563355	256.88135028082	-1815.62486494331	-15.4780254026264	1	FALSE	255.859025296472	252.255025296472	248.379293200477	255.22694384858
2	SCH014	1	254.940996922088	253.000643563355	256.88135028082	-1815.62486494331	-13.6393232208818	1	FALSE	267.444029826931	249.030029826931	248.381328527882	255.17513262582
2	SCH015	2	296.358310182626	277.817267351149	314.899353014103	-1815.62486494331	-21.4440432656262	1	FALSE	410.903742856917	248.262742856917	248.359359064406	255.21094308268
2	SCH016	1	254.940996922088	253.000643563355	256.88135028082	-1815.62486494331	-8.99173319853448	1	FALSE	259.808832636388	250.727832636388	249.858318734016	258.65120618037
2	SCH018	1	254.940996922088	253.000643563355	256.88135028082	-1815.62486494331	-13.5484283059375	1	FALSE	268.149499828347	246.926499828347	246.867656924512	255.459121592542
2	SMH004	2	296.358310182626	277.817267351149	314.899353014103	-1815.62486494331	-28.1696217729793	1	FALSE	278.87711169694	256.75811169694	250.563655967026	258.678559396782
2	XN164	1	254.940996922088	253.000643563355	256.88135028082	-1815.62486494331	-8.67248216465442	1	FALSE	260.198546553027	252.047546553027	250.534163091997	258.389266322783
2	XN166	1	254.940996922088	253.000643563355	256.88135028082	-1815.62486494331	-27.9918979972566	1	FALSE	267.202710392318	250.161710392318	248.266820103163	255.192457665253
2	XN167	1	254.940996922088	253.000643563355	256.88135028082	-1815.62486494331	-60.9866103224578	1	FALSE	278.989334578594	251.919334578594	250.816114409976	257.269549826941
2	XN170	1	254.940996922088	253.000643563355	256.88135028082	-1815.62486494331	-6.32726556724147	1	FALSE	256.048438436416	248.403438436416	246.71053635655	255.321917152448
2	XN171	1	254.940996922088	253.000643563355	256.88135028082	-1815.62486494331	-19.9140753528244	1	FALSE	266.56859743049	255.97759743049	250.343548016598	258.385288341517
2	XN172	1	254.940996922088	253.000643563355	256.88135028082	-1815.62486494331	-6.74278136791416	1	FALSE	256.181895578613	252.011895578613	250.415139132528	258.231883140946
2	XN173	2	296.358310182626	277.817267351149	314.899353014103	-1815.62486494331	-15.0562291257822	1	FALSE	297.690368576608	250.617368576608	248.593958867682	255.610668028264
2	XN174	1	254.940996922088	253.000643563355	256.88135028082	-1815.62486494331	-6.62207815290996	1	FALSE	254.039921858558	241.854921858558	237.418093275699	254.808052964945
2	XN175	2	296.358310182626	277.817267351149	314.899353014103	-1815.62486494331	-22.0380777663435	1	FALSE	292.624138148137	255.533138148137	250.394958593495	258.450119900701
2	XN178	1	254.940996922088	253.000643563355	256.88135028082	-1815.62486494331	-70.3567729225792	1	FALSE	291.856830894965	250.418830894965	248.341404451328	258.435131259466
2	XN180	2	296.358310182626	277.817267351149	314.899353014103	-1815.62486494331	-30.483323471844	1	FALSE	305.415477000709	253.179477000709	248.775328795467	255.735976101057
2	XN182	1	254.940996922088	253.000643563355	256.88135028082	-1815.62486494331	-19.0208828956634	1	FALSE	275.242392954917	255.828392954917	246.476965817733	258.340377062586
2	XN183	1	254.940996922088	253.000643563355	256.88135028082	-1815.62486494331	-110.30493182025	1	FALSE	284.193505221177	251.472505221177	250.662374322702	255.357916901188
2	XN188	1	254.940996922088	253.000643563355	256.88135028082	-1815.62486494331	-9.05422133100238	1	FALSE	260.666803623628	254.050803623628	250.636567271834	258.483276059745
2	XN215	2	296.358310182626	277.817267351149	314.899353014103	-1815.62486494331	-30.1854322171329	1	FALSE	280.20303925652	252.87803925652	246.583535138259	255.445271436341
2	XN224	2	296.358310182626	277.817267351149	314.899353014103	-1815.62486494331	-15.250286604644	1	FALSE	343.690346776825	252.627346776825	250.231442013573	258.422861127449
2	XN225	1	254.940996922088	253.000643563355	256.88135028082	-1815.62486494331	-11.0106139875209	1	FALSE	253.67134256457	250.59234256457	248.457471570271	258.381386720346
2	I5068	1	254.940996922088	253.000643563355	256.88135028082	-1815.62486494331	-11.4791509283919	1	FALSE	261.581099714254	248.504099714254	240.546663929542	255.943357185294
2	I5069	1	254.940996922088	253.000643563355	256.88135028082	-1815.62486494331	-32.8900065829912	1	FALSE	291.789286581119	253.955286581119	245.085198159493	255.2975632847
2	I5205	1	254.940996922088	253.000643563355	256.88135028082	-1815.62486494331	-7.20740554391906	1	FALSE	257.321978266729	233.316978266729	230.774817474386	244.155095717205
2	I5206	1	254.940996922088	253.000643563355	256.88135028082	-1815.62486494331	-8.36723961678374	1	FALSE	250.5270296971	240.5070296971	231.705803552801	262.491601286249
2	I5207	1	254.940996922088	253.000643563355	256.88135028082	-1815.62486494331	-7.31710805655911	1	FALSE	254.866300876492	236.891300876492	231.413056684791	247.921085643715
2	I5208	1	254.940996922088	253.000643563355	256.88135028082	-1815.62486494331	-7.65052488411577	1	FALSE	253.510865262696	240.835865262696	231.709741648021	262.712271461663
2	I1593	1	254.940996922088	253.000643563355	256.88135028082	-1815.62486494331	-600.636296414822	1	FALSE	213.806682115464	199.635682115464	198.621574632125	199.768645515831
2	I1594	1	254.940996922088	253.000643563355	256.88135028082	-1815.62486494331	-257.933863791089	1	FALSE	206.288604135022	188.623604135023	185.558078373733	188.854697403598
2	I0559	1	254.940996922088	253.000643563355	256.88135028082	-1815.62486494331	-7.67453909454156	1	FALSE	254.253686049136	197.504686049136	195.787218207677	199.773089538881
2	I0560	1	254.940996922088	253.000643563355	256.88135028082	-1815.62486494331	-9.38657732671007	1	FALSE	258.744871616464	195.966871616464	190.392411957212	199.111249533806
2	I0166	1	254.940996922088	253.000643563355	256.88135028082	-1815.62486494331	-20.6358869594413	1	FALSE	249.838356995451	232.965356995451	228.794019170371	233.817034934847
3	HBS002	2	270.428526456423	267.235910861791	273.621142051056	-1307.06216468762	-8.59107715001613	1	FALSE	267.465247690084	256.914247690084	241.467074165953	256.694436126106
3	HBS004	3	342.654417758321	237.080786188754	448.228049327887	-1307.06216468762	-14.4521901778902	1	FALSE	361.503261276818	255.261261276818	241.56759849655	256.580016389905
3	HBS006	1	248.254943938202	245.792704144076	250.717183732329	-1307.06216468762	-15.5243369094724	1	FALSE	252.964325223934	242.040325223934	241.313020971055	249.853070471519
3	HBS007	2	270.428526456423	267.235910861791	273.621142051056	-1307.06216468762	-8.47771270623478	1	FALSE	272.888582945665	252.327582945665	241.847240308666	256.678009190416
3	HBS008	2	270.428526456423	267.235910861791	273.621142051056	-1307.06216468762	-9.94302662244861	1	FALSE	262.286253225157	248.245253225157	241.489466721874	256.811677525236
3	I0018	2	270.428526456423	267.235910861791	273.621142051056	-1307.06216468762	-16.2563759325475	1	FALSE	275.674371006049	251.112371006049	250.913604132532	258.616164378546
3	I0022	2	270.428526456423	267.235910861791	273.621142051056	-1307.06216468762	-7.85498942204674	1	FALSE	269.84428731121	259.32328731121	244.157299652995	265.134348379382
3	I0025	1	248.254943938202	245.792704144076	250.717183732329	-1307.06216468762	-16.7754789553019	1	FALSE	254.677140036327	247.950140036327	243.097892552812	254.882266921673
3	I0026	2	270.428526456423	267.235910861791	273.621142051056	-1307.06216468762	-11.7020487788005	1	FALSE	264.115152565708	251.471152565708	243.286714394344	265.252521165531
3	I0054	2	270.428526456423	267.235910861791	273.621142051056	-1307.06216468762	-9.04683236803618	1	FALSE	272.96474340295	249.57674340295	248.642519997017	255.721974291426
3	I0100	2	270.428526456423	267.235910861791	273.621142051056	-1307.06216468762	-15.0148206120727	1	FALSE	258.739424785895	251.907424785895	243.065066688744	255.311989683934
3	I0797	2	270.428526456423	267.235910861791	273.621142051056	-1307.06216468762	-37.6716895434171	1	FALSE	319.728925071433	245.363925071433	243.050100198826	262.113255480456
3	I2022	2	270.428526456423	267.235910861791	273.621142051056	-1307.06216468762	-16.9159426703729	1	FALSE	296.000936316514	258.415936316514	243.264525205762	265.33310519362
3	SCH007	1	248.254943938202	245.792704144076	250.717183732329	-1307.06216468762	-44.8824285131061	1	FALSE	254.949977300509	248.763977300509	248.271402691691	253.20530806165
3	SCH010	2	270.428526456423	267.235910861791	273.621142051056	-1307.06216468762	-14.9320184317124	1	FALSE	256.168760081337	252.564760081337	248.353021593149	255.129864358834
3	SCH014	2	270.428526456423	267.235910861791	273.621142051056	-1307.06216468762	-7.76763616483127	1	FALSE	269.98922767882	251.57522767882	248.420920257923	255.167330233755
3	SCH015	3	342.654417758321	237.080786188754	448.228049327887	-1307.06216468762	-19.111125649709	1	FALSE	413.90676966972	251.26576966972	248.428687639535	255.182099126146
3	SCH016	2	270.428526456423	267.235910861791	273.621142051056	-1307.06216468762	-9.63686460467551	1	FALSE	263.032244902722	253.951244902722	249.935330124253	258.703287860841
3	SCH018	2	270.428526456423	267.235910861791	273.621142051056	-1307.06216468762	-9.00814225391662	1	FALSE	274.999337757731	253.776337757731	246.947446132594	255.497974599213
3	SMH004	2	270.428526456423	267.235910861791	273.621142051056	-1307.06216468762	-11.3283103467214	1	FALSE	274.808626860449	252.689626860449	250.751101958669	258.716979648611
3	XN164	2	270.428526456423	267.235910861791	273.621142051056	-1307.06216468762	-14.4125377794533	1	FALSE	259.229311609903	251.078311609903	250.509316230409	258.650568776099
3	XN166	2	270.428526456423	267.235910861791	273.621142051056	-1307.06216468762	-11.0519464367235	1	FALSE	267.671583523473	250.630583523473	248.481191490365	258.736521837002
3	XN167	2	270.428526456423	267.235910861791	273.621142051056	-1307.06216468762	-14.5222669432003	1	FALSE	278.736227615006	251.666227615006	250.821972862385	258.577809197978
3	XN170	1	248.254943938202	245.792704144076	250.717183732329	-1307.06216468762	-13.7830418154654	1	FALSE	255.943948443146	248.298948443146	246.62268091873	255.257658006961
3	XN171	2	270.428526456423	267.235910861791	273.621142051056	-1307.06216468762	-9.52225355503322	1	FALSE	266.815502800523	256.224502800523	250.518983373748	258.60921541969
3	XN172	2	270.428526456423	267.235910861791	273.621142051056	-1307.06216468762	-22.2714927841039	1	FALSE	262.729611007439	258.559611007439	250.564711158056	258.771183913258
3	XN173	3	342.654417758321	237.080786188754	448.228049327887	-1307.06216468762	-15.0747344120698	1	FALSE	301.663298292078	254.590298292078	248.712378928495	255.519397312859
3	XN174	2	270.428526456423	267.235910861791	273.621142051056	-1307.06216468762	-8.1121016098981	1	FALSE	267.696121840665	255.511121840665	237.253092934095	255.595452130345
3	XN175	2	270.428526456423	267.235910861791	273.621142051056	-1307.06216468762	-15.5872490243163	1	FALSE	292.362378020731	255.271378020731	250.346033450981	258.378991979848
3	XN178	2	270.428526456423	267.235910861791	273.621142051056	-1307.06216468762	-27.2804189947463	1	FALSE	291.216348112679	249.778348112679	248.315278048228	258.09084963885
3	XN180	2	270.428526456423	267.235910861791	273.621142051056	-1307.06216468762	-22.3342447424335	1	FALSE	302.403163327378	250.167163327378	248.736022407638	255.746251649032
3	XN182	2	270.428526456423	267.235910861791	273.621142051056	-1307.06216468762	-8.95475663658436	1	FALSE	266.080942470773	246.666942470773	246.571510488661	258.632707173944
3	XN183	2	270.428526456423	267.235910861791	273.621142051056	-1307.06216468762	-34.0750375314696	1	FALSE	284.794308805469	252.073308805469	250.696473146157	257.740199940888
3	XN188	2	270.428526456423	267.235910861791	273.621142051056	-1307.06216468762	-12.6471327639448	1	FALSE	262.159555625482	255.543555625482	250.997471470243	258.858606365273
3	XN215	2	270.428526456423	267.235910861791	273.621142051056	-1307.06216468762	-10.9011966691145	1	FALSE	273.648014740184	246.323014740184	246.526785250048	255.304706064236
3	XN224	3	342.654417758321	237.080786188754	448.228049327887	-1307.06216468762	-14.6162454555124	1	FALSE	345.208807986813	254.145807986813	250.289745329879	258.536475006175
3	XN225	1	248.254943938202	245.792704144076	250.717183732329	-1307.06216468762	-38.3137388665805	1	FALSE	257.403042817877	254.324042817877	248.390620600965	256.185299203519
3	I5068	2	270.428526456423	267.235910861791	273.621142051056	-1307.06216468762	-8.97530981049029	1	FALSE	271.188491041408	258.111491041408	240.536124552142	264.64478001643
3	I5069	2	270.428526456423	267.235910861791	273.621142051056	-1307.06216468762	-12.2615814720026	1	FALSE	283.589159722724	245.755159722724	245.109008098104	255.100303016669
3	I5205	2	270.428526456423	267.235910861791	273.621142051056	-1307.06216468762	-10.6775068077319	1	FALSE	269.959181376978	245.954181376978	230.80926729599	257.852158030437
3	I5206	2	270.428526456423	267.235910861791	273.621142051056	-1307.06216468762	-7.56953019939503	1	FALSE	268.231868949834	258.211868949834	233.306825337266	265.405252078615
3	I5207	1	248.254943938202	245.792704144076	250.717183732329	-1307.06216468762	-8.29499948992548	1	FALSE	252.063699418187	234.088699418187	230.685568898584	244.524293946701
3	I5208	2	270.428526456423	267.235910861791	273.621142051056	-1307.06216468762	-7.38270229725131	1	FALSE	269.846263030198	257.171263030198	232.984629128727	265.748360545175
3	I1593	1	248.254943938202	245.792704144076	250.717183732329	-1307.06216468762	-432.290800472599	1	FALSE	213.264235249864	199.093235249864	198.383730244656	199.776935944433
3	I1594	1	248.254943938202	245.792704144076	250.717183732329	-1307.06216468762	-192.111996088984	1	FALSE	206.51812276751	188.85312276751	185.639244141243	188.833758888118
3	I0559	1	248.254943938202	245.792704144076	250.717183732329	-1307.06216468762	-12.4560151657035	1	FALSE	255.71967459977	198.97067459977	195.847328101925	199.745122824263
3	I0560	2	270.428526456423	267.235910861791	273.621142051056	-1307.06216468762	-11.5644374513846	1	FALSE	259.237407626942	196.459407626942	190.50053779484	199.279382022355
3	I0166	1	248.254943938202	245.792704144076	250.717183732329	-1307.06216468762	-5.12384159817526	1	FALSE	249.729267683174	232.856267683174	227.46942059534	233.900172754822
4	HBS002	2	260.341324674702	257.932358162479	262.750291186926	-589.274586648404	-10.702047234656	1	FALSE	253.389621019785	242.838621019785	241.449160613671	256.565249455993
4	HBS004	4	340.288975220914	234.715307051468	445.86264339036	-589.274586648404	-14.4630281375523	1	FALSE	359.728443324696	253.486443324696	241.314076736401	256.688181464737
4	HBS006	2	260.341324674702	257.932358162479	262.750291186926	-589.274586648404	-10.1209104405312	1	FALSE	262.234570894774	251.310570894774	241.632932955462	253.560692375811
4	HBS007	2	260.341324674702	257.932358162479	262.750291186926	-589.274586648404	-9.76473312412896	1	FALSE	266.456675985126	245.895675985126	241.346443656533	256.6706947634
4	HBS008	3	278.68336573736	273.665112575166	283.701618899554	-589.274586648404	-14.1502746877037	1	FALSE	264.580478045539	250.539478045539	241.405793370536	256.616895820895
4	I0018	3	278.68336573736	273.665112575166	283.701618899554	-589.274586648404	-19.4009417365762	1	FALSE	280.127171316366	255.565171316366	251.069725509881	258.823705083424
4	I0022	3	278.68336573736	273.665112575166	283.701618899554	-589.274586648404	-10.841484240405	1	FALSE	269.137106670317	258.616106670317	243.561677508468	265.635299507995
4	I0025	2	260.341324674702	257.932358162479	262.750291186926	-589.274586648404	-12.1700901164341	1	FALSE	264.990825937424	258.263825937424	243.807503551185	262.858963489583
4	I0026	2	260.341324674702	257.932358162479	262.750291186926	-589.274586648404	-6.31699806727895	1	FALSE	259.690526056615	247.046526056615	243.278340302641	265.633792551567
4	I0054	3	278.68336573736	273.665112575166	283.701618899554	-589.274586648404	-8.66888355970519	1	FALSE	275.858762337084	252.470762337084	248.843547835977	255.73982933386
4	I0100	2	260.341324674702	257.932358162479	262.750291186926	-589.274586648404	-7.86490834249597	1	FALSE	260.47495293261	253.64295293261	243.202632851649	255.226159771929
4	I0797	3	278.68336573736	273.665112575166	283.701618899554	-589.274586648404	-28.395628782705	1	FALSE	319.411555890336	245.046555890336	243.151746401449	263.112159091917
4	I2022	3	278.68336573736	273.665112575166	283.701618899554	-589.274586648404	-13.6159395266304	1	FALSE	281.026504106159	243.441504106159	243.214439573266	265.495929606561
4	SCH007	2	260.341324674702	257.932358162479	262.750291186926	-589.274586648404	-16.1106244873807	1	FALSE	261.50409209081	255.31809209081	248.428097443788	255.105080026468
4	SCH010	3	278.68336573736	273.665112575166	283.701618899554	-589.274586648404	-16.1993048655646	1	FALSE	252.696496888313	249.092496888313	248.304456400885	255.10893344401
4	SCH014	3	278.68336573736	273.665112575166	283.701618899554	-589.274586648404	-9.6465093434246	1	FALSE	271.523060219556	253.109060219556	248.543506336365	255.163969771405
4	SCH015	4	340.288975220914	234.715307051468	445.86264339036	-589.274586648404	-19.1754123592901	1	FALSE	417.097386056596	254.456386056596	248.43856032073	255.118567288654
4	SCH016	3	278.68336573736	273.665112575166	283.701618899554	-589.274586648404	-17.8206789163012	1	FALSE	262.466475533324	253.385475533324	249.892373053784	258.649172759292
4	SCH018	3	278.68336573736	273.665112575166	283.701618899554	-589.274586648404	-10.1132976646366	1	FALSE	269.669809509719	248.446809509719	246.939928058066	255.6176522426
4	SMH004	3	278.68336573736	273.665112575166	283.701618899554	-589.274586648404	-10.5425575816934	1	FALSE	275.13877809008	253.01977809008	250.613861301613	258.61930229889
4	XN164	2	260.341324674702	257.932358162479	262.750291186926	-589.274586648404	-7.90900324416193	1	FALSE	259.310106816166	251.159106816166	250.505575990321	258.506401677416
4	XN166	2	260.341324674702	257.932358162479	262.750291186926	-589.274586648404	-9.61307281437989	1	FALSE	265.734921426145	248.693921426145	248.375843205889	258.62043121181
4	XN167	3	278.68336573736	273.665112575166	283.701618899554	-589.274586648404	-11.2606747167492	1	FALSE	278.884957542029	251.814957542029	250.9001073968	259.045652311095
4	XN170	2	260.341324674702	257.932358162479	262.750291186926	-589.274586648404	-6.55059133792325	1	FALSE	257.622411655243	249.977411655243	246.702056219429	255.367436753723
4	XN171	2	260.341324674702	257.932358162479	262.750291186926	-589.274586648404	-7.44569797606958	1	FALSE	264.010600111133	253.419600111133	250.433240472822	258.601369456602
4	XN172	2	260.341324674702	257.932358162479	262.750291186926	-589.274586648404	-5.21228043965656	1	FALSE	260.448674630166	256.278674630166	250.406327960147	258.53327859333
4	XN173	4	340.288975220914	234.715307051468	445.86264339036	-589.274586648404	-15.1655045612691	1	FALSE	296.641734816708	249.568734816708	248.632492680302	255.527870905611
4	XN174	2	260.341324674702	257.932358162479	262.750291186926	-589.274586648404	-7.60563713108121	1	FALSE	257.191095083464	245.006095083464	237.373846693542	255.340956511691
4	XN175	3	278.68336573736	273.665112575166	283.701618899554	-589.274586648404	-12.3188764344361	1	FALSE	291.313480767706	254.222480767706	250.322106625224	258.45203795871
4	XN178	3	278.68336573736	273.665112575166	283.701618899554	-589.274586648404	-16.5852997604042	1	FALSE	292.212503135888	250.774503135887	248.395215520369	258.292302693007
4	XN180	3	278.68336573736	273.665112575166	283.701618899554	-589.274586648404	-18.2116251306351	1	FALSE	305.605742780442	253.369742780442	248.728128665355	255.663278864799
4	XN182	3	278.68336573736	273.665112575166	283.701618899554	-589.274586648404	-11.5822611469229	1	FALSE	266.641096540595	247.227096540595	246.800165864492	258.814745834657
4	XN183	3	278.68336573736	273.665112575166	283.701618899554	-589.274586648404	-17.1326882449473	1	FALSE	284.023174584108	251.302174584108	250.754596466553	258.103032406249
4	XN188	2	260.341324674702	257.932358162479	262.750291186926	-589.274586648404	-7.22932109000398	1	FALSE	258.271143529268	251.655143529268	250.698875098441	258.581850513032
4	XN215	3	278.68336573736	273.665112575166	283.701618899554	-589.274586648404	-10.2185226122723	1	FALSE	275.212544963966	247.887544963966	246.42704144953	255.438863466904
4	XN224	4	340.288975220914	234.715307051468	445.86264339036	-589.274586648404	-14.6182254042516	1	FALSE	343.308863884022	252.245863884022	250.388545587842	258.402348579522
4	XN225	2	260.341324674702	257.932358162479	262.750291186926	-589.274586648404	-6.9340980892218	1	FALSE	260.545356939403	257.466356939403	248.780508148193	258.622665467971
4	I5068	2	260.341324674702	257.932358162479	262.750291186926	-589.274586648404	-7.18176505975271	1	FALSE	256.835765524087	243.758765524087	241.361031890639	265.565455580405
4	I5069	3	278.68336573736	273.665112575166	283.701618899554	-589.274586648404	-11.4427691474064	1	FALSE	291.150869706248	253.316869706248	245.142413329658	255.300531935678
4	I5205	2	260.341324674702	257.932358162479	262.750291186926	-589.274586648404	-6.15310961245696	1	FALSE	262.665667558933	238.660667558933	231.552163090757	265.089715658022
4	I5206	3	278.68336573736	273.665112575166	283.701618899554	-589.274586648404	-8.64050320760561	1	FALSE	275.999159916086	265.979159916086	234.105196650489	265.6483362512
4	I5207	2	260.341324674702	257.932358162479	262.750291186926	-589.274586648404	-8.09955303863002	1	FALSE	263.693407005604	245.718407005604	232.331488090235	253.302376722319
4	I5208	3	278.68336573736	273.665112575166	283.701618899554	-589.274586648404	-8.87203753352027	1	FALSE	274.785968429729	262.110968429729	233.586593499474	265.101926421838
4	I1593	1	211.59484801365	204.744150813986	218.445545213313	-589.274586648404	-5.35768626498659	1	FALSE	213.17165060043	199.00065060043	195.710814555136	199.612916517703
4	I1594	1	211.59484801365	204.744150813986	218.445545213313	-589.274586648404	-9.48958312599261	1	FALSE	206.411593033296	188.746593033296	178.797384156694	188.747185719728
4	I0559	2	260.341324674702	257.932358162479	262.750291186926	-589.274586648404	-9.47451058085532	1	FALSE	256.276757694313	199.527757694313	195.722975698909	199.749932721823
4	I0560	2	260.341324674702	257.932358162479	262.750291186926	-589.274586648404	-10.7977805340819	1	FALSE	258.700998903444	195.922998903444	190.407502682476	199.351979439044
4	I0166	2	260.341324674702	257.932358162479	262.750291186926	-589.274586648404	-52.0876551936352	1	FALSE	249.709004614364	232.836004614364	229.393663626438	233.916740225062
