# CLUSTERING STRENGTH + LIKELIHOOD K SELECTION RESULTS (DATES)
# Recommended K: 1
# Method: DATES
# Clustering strength threshold: 0.983
# Likelihood thresholds: k1 to k2(k=2):1.2 k1 to k2(k=3):2.59 k2 to k3:0.71 k3 to k4:0.49
#
model_k	pop	cluster	joint_date_est_best	joint_date_lowerci	joint_date_upperci	likelihood_mean	likelihood_per_ind	recommended_k	is_recommended	ind_date_est	sample_age_est_best	sample_age_lowerci_mean	sample_age_upperci_mean
1	HBS002	1	265.813655887104	263.619755456836	268.007556317372	-993.43982474757	-13.1371857118063	1	TRUE	265.446624729189	254.895624729189	242.2722450233	256.921686928316
1	HBS006	1	265.813655887104	263.619755456836	268.007556317372	-993.43982474757	-67.6776337184719	1	TRUE	263.953641856639	253.029641856639	247.517442192683	256.932350339692
1	HBS007	1	265.813655887104	263.619755456836	268.007556317372	-993.43982474757	-13.5109982997687	1	TRUE	265.599009885632	245.038009885632	241.361281421269	256.172986698802
1	HBS008	1	265.813655887104	263.619755456836	268.007556317372	-993.43982474757	-8.98052206309063	1	TRUE	268.576705530101	254.535705530101	241.602366234916	256.765575316489
1	I0018	1	265.813655887104	263.619755456836	268.007556317372	-993.43982474757	-41.417759921092	1	TRUE	276.038193030664	251.476193030664	250.869100679444	257.195591206828
1	I0022	1	265.813655887104	263.619755456836	268.007556317372	-993.43982474757	-8.94619728088133	1	TRUE	263.388419338769	252.867419338769	243.674555638385	265.277447528684
1	I0025	1	265.813655887104	263.619755456836	268.007556317372	-993.43982474757	-39.7045850297219	1	TRUE	267.630240483354	260.903240483354	250.338691725993	265.371812072751
1	I0026	1	265.813655887104	263.619755456836	268.007556317372	-993.43982474757	-14.9937972920852	1	TRUE	262.063746009517	249.419746009517	243.783894213266	264.575497751545
1	I0054	1	265.813655887104	263.619755456836	268.007556317372	-993.43982474757	-11.8190044692675	1	TRUE	278.287701166681	254.899701166681	248.660927622078	255.660879369904
1	I0100	1	265.813655887104	263.619755456836	268.007556317372	-993.43982474757	-17.4037048085248	1	TRUE	254.518022690822	247.686022690822	243.461937294562	255.240883147427
1	I0797	1	265.813655887104	263.619755456836	268.007556317372	-993.43982474757	-39.7796278192857	1	TRUE	317.894428826046	243.529428826046	243.001574719009	262.984704197256
1	I2022	1	265.813655887104	263.619755456836	268.007556317372	-993.43982474757	-13.2701343222096	1	TRUE	281.623846525863	244.038846525863	243.444415025442	265.506323365013
1	SCH007	1	265.813655887104	263.619755456836	268.007556317372	-993.43982474757	-132.013740089122	1	TRUE	261.539304179984	255.353304179984	252.193021571397	255.334767383257
1	SCH010	1	265.813655887104	263.619755456836	268.007556317372	-993.43982474757	-12.2822239017458	1	TRUE	258.901473234324	255.297473234324	248.387775438605	255.165708688271
1	SCH014	1	265.813655887104	263.619755456836	268.007556317372	-993.43982474757	-8.8408100521908	1	TRUE	266.777215018929	248.363215018929	248.354994457415	255.120159155673
1	SCH016	1	265.813655887104	263.619755456836	268.007556317372	-993.43982474757	-9.01247503540697	1	TRUE	266.743487207347	257.662487207347	249.982348712305	258.530424224537
1	SCH018	1	265.813655887104	263.619755456836	268.007556317372	-993.43982474757	-8.89132663285079	1	TRUE	268.889515198154	247.666515198154	246.935850419222	255.440811029114
1	SMH004	1	265.813655887104	263.619755456836	268.007556317372	-993.43982474757	-10.3901341176555	1	TRUE	272.794751315679	250.675751315679	250.603546186603	258.652974549537
1	XN164	1	265.813655887104	263.619755456836	268.007556317372	-993.43982474757	-10.6771351060276	1	TRUE	262.981573324779	254.830573324779	250.704920836924	258.605602922134
1	XN166	1	265.813655887104	263.619755456836	268.007556317372	-993.43982474757	-19.9211787724898	1	TRUE	267.732726820411	250.69172682041	248.419385479689	258.00201338219
1	XN167	1	265.813655887104	263.619755456836	268.007556317372	-993.43982474757	-27.5227054145475	1	TRUE	277.873664411684	250.803664411684	250.864101293672	258.524066878748
1	XN170	1	265.813655887104	263.619755456836	268.007556317372	-993.43982474757	-20.2498701892226	1	TRUE	260.869913773925	253.224913773925	247.083786572571	255.572106779474
1	XN171	1	265.813655887104	263.619755456836	268.007556317372	-993.43982474757	-14.7372046001053	1	TRUE	267.478034833157	256.887034833157	250.556151523949	258.627349524615
1	XN172	1	265.813655887104	263.619755456836	268.007556317372	-993.43982474757	-25.8699612507094	1	TRUE	262.224037439945	258.054037439945	251.396999983733	258.704352659498
1	XN173	1	265.813655887104	263.619755456836	268.007556317372	-993.43982474757	-20.491376186016	1	TRUE	301.353693882578	254.280693882578	248.681064176799	255.532170448472
1	XN174	1	265.813655887104	263.619755456836	268.007556317372	-993.43982474757	-12.0239648620017	1	TRUE	266.53650026209	254.35150026209	239.071106677526	255.687766188999
1	XN175	1	265.813655887104	263.619755456836	268.007556317372	-993.43982474757	-15.8450631166582	1	TRUE	292.211361038392	255.120361038392	250.372379200991	258.37826606555
1	XN178	1	265.813655887104	263.619755456836	268.007556317372	-993.43982474757	-38.7928446018741	1	TRUE	291.047623205782	249.609623205782	248.291030554933	257.890209796314
1	XN180	1	265.813655887104	263.619755456836	268.007556317372	-993.43982474757	-26.2224426567192	1	TRUE	303.793142918738	251.557142918738	248.704011499691	255.569876642574
1	XN182	1	265.813655887104	263.619755456836	268.007556317372	-993.43982474757	-9.57104076380394	1	TRUE	272.060215743302	252.646215743302	246.538237286166	258.649788679688
1	XN183	1	265.813655887104	263.619755456836	268.007556317372	-993.43982474757	-57.6136196141445	1	TRUE	284.144319037937	251.423319037937	250.698014883923	256.773231487331
1	XN188	1	265.813655887104	263.619755456836	268.007556317372	-993.43982474757	-12.204842155964	1	TRUE	263.599719350995	256.983719350995	250.797707630716	258.848097352357
1	XN215	1	265.813655887104	263.619755456836	268.007556317372	-993.43982474757	-10.3438218148254	1	TRUE	273.62845895138	246.30345895138	246.467376862538	255.326084714648
1	XN224	1	265.813655887104	263.619755456836	268.007556317372	-993.43982474757	-22.0848044279827	1	TRUE	341.220262922132	250.157262922132	250.283343882882	258.524711300036
1	XN225	1	265.813655887104	263.619755456836	268.007556317372	-993.43982474757	-65.9156972848267	1	TRUE	260.1725013704	257.0935013704	253.22638201677	258.832564778671
1	I5068	1	265.813655887104	263.619755456836	268.007556317372	-993.43982474757	-16.6430977291461	1	TRUE	265.021095990828	251.944095990828	242.088089601036	263.847158885718
1	I5069	1	265.813655887104	263.619755456836	268.007556317372	-993.43982474757	-15.3693849843927	1	TRUE	285.605261028064	247.771261028064	245.13805626787	255.027340876378
1	I5205	1	265.813655887104	263.619755456836	268.007556317372	-993.43982474757	-25.250142765107	1	TRUE	270.88648904492	246.88148904492	232.454316898865	252.669514076219
1	I5206	1	265.813655887104	263.619755456836	268.007556317372	-993.43982474757	-10.2064976406185	1	TRUE	262.602688684509	252.582688684509	234.858401024498	264.954226087763
1	I5207	1	265.813655887104	263.619755456836	268.007556317372	-993.43982474757	-34.2215856246832	1	TRUE	262.758412167869	244.783412167869	237.302507757808	257.699983548082
1	I5208	1	265.813655887104	263.619755456836	268.007556317372	-993.43982474757	-9.58968262052662	1	TRUE	267.32145310172	254.64645310172	233.436447278239	265.165153073031
2	HBS002	1	265.258333910921	262.899192907645	267.617474914198	-573.532851577177	-6.4787817279616	1	FALSE	266.341850832792	255.790850832792	241.772196074349	256.728516951885
2	HBS006	1	265.258333910921	262.899192907645	267.617474914198	-573.532851577177	-11.8192550591379	1	FALSE	266.596676116228	255.672676116228	243.477737499374	256.429109323653
2	HBS007	1	265.258333910921	262.899192907645	267.617474914198	-573.532851577177	-11.5498693837703	1	FALSE	272.798308168385	252.237308168385	241.314931161137	256.21869687518
2	HBS008	1	265.258333910921	262.899192907645	267.617474914198	-573.532851577177	-8.82926422424798	1	FALSE	266.758152188	252.717152188	241.57128983591	256.804118380325
2	I0018	1	265.258333910921	262.899192907645	267.617474914198	-573.532851577177	-30.3227952004913	1	FALSE	276.999539572595	252.437539572595	250.868955159394	258.775580379494
2	I0022	1	265.258333910921	262.899192907645	267.617474914198	-573.532851577177	-10.5969590735948	1	FALSE	272.980789888402	262.459789888402	243.482571122669	265.855326291473
2	I0025	1	265.258333910921	262.899192907645	267.617474914198	-573.532851577177	-7.97679454907196	1	FALSE	263.891894053546	257.164894053547	245.839063497094	263.722733809014
2	I0026	1	265.258333910921	262.899192907645	267.617474914198	-573.532851577177	-8.55586605390249	1	FALSE	260.346807012995	247.702807012996	243.444472789997	265.588388603231
2	I0054	2	288.418543335066	277.389585188653	299.44750148148	-573.532851577177	-15.7973740657433	1	FALSE	276.222080895359	252.834080895359	248.835104549922	255.701736032365
2	I0100	1	265.258333910921	262.899192907645	267.617474914198	-573.532851577177	-9.71462875910678	1	FALSE	258.588646594897	251.756646594897	243.419817173479	255.257098922658
2	I0797	2	288.418543335066	277.389585188653	299.44750148148	-573.532851577177	-21.3643548173415	1	FALSE	319.312121110246	244.947121110246	243.182223230698	264.217756109034
2	I2022	2	288.418543335066	277.389585188653	299.44750148148	-573.532851577177	-11.0823274047772	1	FALSE	291.755264153176	254.170264153176	243.650054432302	265.415933482572
2	SCH007	1	265.258333910921	262.899192907645	267.617474914198	-573.532851577177	-32.0260277987884	1	FALSE	261.336495353155	255.150495353155	249.160026119498	255.281027253451
2	SCH010	1	265.258333910921	262.899192907645	267.617474914198	-573.532851577177	-16.0513914847866	1	FALSE	254.075649205845	250.471649205845	248.49483303784	255.169493157467
2	SCH014	1	265.258333910921	262.899192907645	267.617474914198	-573.532851577177	-9.40331544117107	1	FALSE	270.278537012963	251.864537012963	248.429398491738	255.186801734713
2	SCH016	1	265.258333910921	262.899192907645	267.617474914198	-573.532851577177	-8.82708962325295	1	FALSE	261.273504885465	252.192504885465	249.873087410186	258.598597529311
2	SCH018	2	288.418543335066	277.389585188653	299.44750148148	-573.532851577177	-17.7271678678833	1	FALSE	275.56486674726	254.34186674726	247.148529256136	255.54050769152
2	SMH004	2	288.418543335066	277.389585188653	299.44750148148	-573.532851577177	-12.9245811213419	1	FALSE	272.530312311206	250.411312311206	250.51180087912	258.647199794317
2	XN164	1	265.258333910921	262.899192907645	267.617474914198	-573.532851577177	-7.26112816433912	1	FALSE	266.340250987688	258.189250987688	250.596716019991	258.639680909442
2	XN166	1	265.258333910921	262.899192907645	267.617474914198	-573.532851577177	-6.45121669533122	1	FALSE	266.971779048841	249.930779048841	248.367611308162	257.566175532494
2	XN167	1	265.258333910921	262.899192907645	267.617474914198	-573.532851577177	-27.330789230206	1	FALSE	280.177774717883	253.107774717883	250.916490567997	259.088900492571
2	XN170	1	265.258333910921	262.899192907645	267.617474914198	-573.532851577177	-8.06651743696075	1	FALSE	261.250382774856	253.605382774856	246.701454330087	255.455601222375
2	XN171	1	265.258333910921	262.899192907645	267.617474914198	-573.532851577177	-6.83517555928383	1	FALSE	267.748035549729	257.157035549729	250.372746638267	258.385106120002
2	XN172	1	265.258333910921	262.899192907645	267.617474914198	-573.532851577177	-8.20236459958301	1	FALSE	261.874017953806	257.704017953806	250.754294118316	258.734938022981
2	XN173	2	288.418543335066	277.389585188653	299.44750148148	-573.532851577177	-17.932421165952	1	FALSE	299.72763970022	252.65463970022	248.702429351738	255.504613557247
2	XN174	1	265.258333910921	262.899192907645	267.617474914198	-573.532851577177	-7.91038644541389	1	FALSE	261.115091861203	248.930091861203	237.646099407625	255.397637313476
2	XN175	2	288.418543335066	277.389585188653	299.44750148148	-573.532851577177	-10.7414481115955	1	FALSE	294.89767559178	257.80667559178	250.401951730275	258.396863998404
2	XN178	2	288.418543335066	277.389585188653	299.44750148148	-573.532851577177	-23.1462699181909	1	FALSE	290.534531299542	249.096531299542	248.399678093016	258.204465994328
2	XN180	2	288.418543335066	277.389585188653	299.44750148148	-573.532851577177	-12.631778377815	1	FALSE	300.925534457791	248.689534457791	248.821152811001	255.624949506943
2	XN182	1	265.258333910921	262.899192907645	267.617474914198	-573.532851577177	-11.9028822363075	1	FALSE	275.091734717328	255.677734717328	246.797606527631	258.902733277968
2	XN183	1	265.258333910921	262.899192907645	267.617474914198	-573.532851577177	-46.7508709472408	1	FALSE	283.543993319016	250.822993319016	250.822993319016	258.780555954303
2	XN188	1	265.258333910921	262.899192907645	267.617474914198	-573.532851577177	-6.89997171846983	1	FALSE	263.359558863186	256.743558863186	250.685453448241	258.69076343516
2	XN215	2	288.418543335066	277.389585188653	299.44750148148	-573.532851577177	-11.1763285947964	1	FALSE	281.405514443589	254.080514443589	246.508940096984	255.388765473412
2	XN224	2	288.418543335066	277.389585188653	299.44750148148	-573.532851577177	-18.2997991678976	1	FALSE	347.273431955888	256.210431955888	250.245160265626	258.345289877798
2	XN225	1	265.258333910921	262.899192907645	267.617474914198	-573.532851577177	-27.4180567101017	1	FALSE	258.557028910667	255.478028910667	250.458042989651	258.819435047917
2	I5068	1	265.258333910921	262.899192907645	267.617474914198	-573.532851577177	-6.06879329803349	1	FALSE	265.335241322956	252.258241322956	240.95079631266	263.087662561713
2	I5069	2	288.418543335066	277.389585188653	299.44750148148	-573.532851577177	-12.141923349371	1	FALSE	292.067298106701	254.233298106701	245.168359725237	255.116827994993
2	I5205	1	265.258333910921	262.899192907645	267.617474914198	-573.532851577177	-11.9017649987276	1	FALSE	259.206279301795	235.201279301795	231.751489588766	250.096314679832
2	I5206	1	265.258333910921	262.899192907645	267.617474914198	-573.532851577177	-10.3235712131334	1	FALSE	272.79521516396	262.77521516396	234.065838916493	265.239866901123
2	I5207	1	265.258333910921	262.899192907645	267.617474914198	-573.532851577177	-15.1629158132119	1	FALSE	271.105203355769	253.130203355769	233.745702585605	253.222215963927
2	I5208	1	265.258333910921	262.899192907645	267.617474914198	-573.532851577177	-7.92863416884291	1	FALSE	262.888464998108	250.213464998108	232.502198937748	264.765658508987
3	HBS002	1	259.715540230587	256.572699689241	262.858380771933	-455.836792900421	-7.61181933805823	1	FALSE	262.182508380524	251.631508380524	241.587543944895	256.645837355993
3	HBS006	1	259.715540230587	256.572699689241	262.858380771933	-455.836792900421	-5.55770492269048	1	FALSE	259.735596741767	248.811596741767	242.545666439006	255.443826694058
3	HBS007	2	273.896542105391	270.165826582652	277.627257628131	-455.836792900421	-6.721813369623	1	FALSE	271.741890062824	251.180890062824	241.312790758904	256.641279722992
3	HBS008	2	273.896542105391	270.165826582652	277.627257628131	-455.836792900421	-8.79263653773872	1	FALSE	270.71289686293	256.67189686293	241.649359370838	256.764283102987
3	I0018	2	273.896542105391	270.165826582652	277.627257628131	-455.836792900421	-9.68864154672507	1	FALSE	276.883173580164	252.321173580164	250.955177535687	258.831666085278
3	I0022	2	273.896542105391	270.165826582652	277.627257628131	-455.836792900421	-8.42619669338836	1	FALSE	273.126968045371	262.605968045371	243.736179397477	265.323818846103
3	I0025	1	259.715540230587	256.572699689241	262.858380771933	-455.836792900421	-4.61604056919404	1	FALSE	259.84443174347	253.11743174347	245.654056212932	265.495553308367
3	I0026	2	273.896542105391	270.165826582652	277.627257628131	-455.836792900421	-7.38142277330497	1	FALSE	277.291626954165	264.647626954165	243.707224221518	265.549740674241
3	I0054	2	273.896542105391	270.165826582652	277.627257628131	-455.836792900421	-10.379284412118	1	FALSE	274.886204561249	251.498204561249	248.70591262291	255.663979076372
3	I0100	1	259.715540230587	256.572699689241	262.858380771933	-455.836792900421	-8.77255627762926	1	FALSE	259.565294732253	252.733294732253	243.487669210234	255.267885150138
3	I0797	3	292.225023914589	276.286668153396	308.163379675782	-455.836792900421	-19.8885144108791	1	FALSE	319.232902359693	244.867902359693	243.223570201735	264.718182159206
3	I2022	3	292.225023914589	276.286668153396	308.163379675782	-455.836792900421	-11.5062547321869	1	FALSE	281.058090271333	243.473090271333	243.211416066406	265.405362928827
3	SCH007	1	259.715540230587	256.572699689241	262.858380771933	-455.836792900421	-9.71415521963643	1	FALSE	258.949231785502	252.763231785502	248.854534843164	255.22678237346
3	SCH010	3	292.225023914589	276.286668153396	308.163379675782	-455.836792900421	-17.671592717917	1	FALSE	252.366863154324	248.762863154324	248.386119582158	255.232288723346
3	SCH014	2	273.896542105391	270.165826582652	277.627257628131	-455.836792900421	-9.16629095387212	1	FALSE	268.604605589056	250.190605589056	248.414170312088	255.214190692641
3	SCH016	2	273.896542105391	270.165826582652	277.627257628131	-455.836792900421	-14.8010522850186	1	FALSE	260.266273672113	251.185273672113	250.032806836126	258.58027355264
3	SCH018	2	273.896542105391	270.165826582652	277.627257628131	-455.836792900421	-9.80116570176472	1	FALSE	276.082333550299	254.859333550299	246.987713042771	255.531001989646
3	SMH004	3	292.225023914589	276.286668153396	308.163379675782	-455.836792900421	-12.7298006183598	1	FALSE	279.991522997337	257.872522997337	250.605503211027	258.598632422647
3	XN164	2	273.896542105391	270.165826582652	277.627257628131	-455.836792900421	-15.0870629498507	1	FALSE	261.755808666477	253.604808666477	250.575684239107	258.556115177743
3	XN166	2	273.896542105391	270.165826582652	277.627257628131	-455.836792900421	-10.6562143537347	1	FALSE	269.004824169278	251.963824169278	248.577606726239	258.627473491526
3	XN167	2	273.896542105391	270.165826582652	277.627257628131	-455.836792900421	-15.8209192815963	1	FALSE	283.927764680204	256.857764680204	251.040558240991	258.945115437531
3	XN170	1	259.715540230587	256.572699689241	262.858380771933	-455.836792900421	-5.95414331669325	1	FALSE	259.924771678133	252.279771678133	246.81550922991	255.426204998412
3	XN171	2	273.896542105391	270.165826582652	277.627257628131	-455.836792900421	-10.649160289382	1	FALSE	267.378690662305	256.787690662305	250.533082633254	258.541150036534
3	XN172	1	259.715540230587	256.572699689241	262.858380771933	-455.836792900421	-5.93463348502666	1	FALSE	261.879950466682	257.709950466682	250.668139399793	258.576440231816
3	XN173	3	292.225023914589	276.286668153396	308.163379675782	-455.836792900421	-17.5198417440465	1	FALSE	300.414896067108	253.341896067108	248.616572404223	255.540745778615
3	XN174	2	273.896542105391	270.165826582652	277.627257628131	-455.836792900421	-18.3519961105001	1	FALSE	261.374056711238	249.189056711238	237.638625751076	255.317054358587
3	XN175	3	292.225023914589	276.286668153396	308.163379675782	-455.836792900421	-11.0289730973316	1	FALSE	288.928668064025	251.837668064025	250.440277420497	258.400419378828
3	XN178	2	273.896542105391	270.165826582652	277.627257628131	-455.836792900421	-19.0487932873655	1	FALSE	289.920581613852	248.482581613852	248.354760299637	258.365956968108
3	XN180	3	292.225023914589	276.286668153396	308.163379675782	-455.836792900421	-13.7936202895126	1	FALSE	304.952427645746	252.716427645746	248.880294802699	255.671503386927
3	XN182	2	273.896542105391	270.165826582652	277.627257628131	-455.836792900421	-10.1154974515798	1	FALSE	278.271450330248	258.857450330248	246.554163527248	258.709035832055
3	XN183	2	273.896542105391	270.165826582652	277.627257628131	-455.836792900421	-22.3852674512285	1	FALSE	285.265274091687	252.544274091687	250.781858245044	258.176820694303
3	XN188	1	259.715540230587	256.572699689241	262.858380771933	-455.836792900421	-7.84760782930705	1	FALSE	261.312187827595	254.696187827595	250.66371378711	258.736960601218
3	XN215	3	292.225023914589	276.286668153396	308.163379675782	-455.836792900421	-13.0228723528809	1	FALSE	280.621856841505	253.296856841505	246.597658388882	255.277803819018
3	XN224	3	292.225023914589	276.286668153396	308.163379675782	-455.836792900421	-17.4556153851564	1	FALSE	345.776475356677	254.713475356677	250.352053278043	258.368022056662
3	XN225	1	259.715540230587	256.572699689241	262.858380771933	-455.836792900421	-6.07885714866817	1	FALSE	258.045473739062	254.966473739062	249.293575114779	258.752667795987
3	I5068	2	273.896542105391	270.165826582652	277.627257628131	-455.836792900421	-8.27651014542727	1	FALSE	277.59516456039	264.51816456039	240.847712563242	265.032153335675
3	I5069	3	292.225023914589	276.286668153396	308.163379675782	-455.836792900421	-13.7727538045303	1	FALSE	291.372630503412	253.538630503412	245.182602075377	255.275245470659
3	I5205	2	273.896542105391	270.165826582652	277.627257628131	-455.836792900421	-9.43332913861069	1	FALSE	270.519616469254	246.514616469254	230.798731368434	260.444284316743
3	I5206	2	273.896542105391	270.165826582652	277.627257628131	-455.836792900421	-7.0897039230465	1	FALSE	272.803204622767	262.783204622767	234.247751812758	265.31465713467
3	I5207	1	259.715540230587	256.572699689241	262.858380771933	-455.836792900421	-5.91167024308333	1	FALSE	261.963131989526	243.988131989526	233.894571195041	263.718225505519
3	I5208	2	273.896542105391	270.165826582652	277.627257628131	-455.836792900421	-7.37480674175761	1	FALSE	275.851482164168	263.176482164168	233.897424310687	265.400036993379
4	HBS002	2	266.314139499467	262.053108467621	270.575170531312	-403.549191874923	-6.91934971553456	1	FALSE	264.124928267828	253.573928267828	242.116804673289	256.651027690407
4	HBS006	1	258.787200598015	255.379988828088	262.194412367943	-403.549191874923	-5.27541813289477	1	FALSE	260.491797231638	249.567797231638	241.914979392563	255.217182374929
4	HBS007	2	266.314139499467	262.053108467621	270.575170531312	-403.549191874923	-6.55056634066427	1	FALSE	266.130190648634	245.569190648634	241.597009111762	256.731543514927
4	HBS008	2	266.314139499467	262.053108467621	270.575170531312	-403.549191874923	-8.28286894980599	1	FALSE	265.679124418761	251.638124418761	241.49455023361	256.817516848709
4	I0018	3	286.303569350543	280.155217375587	292.4519213255	-403.549191874923	-7.74867852491278	1	FALSE	282.577224737481	258.015224737481	251.014388970716	258.887899023283
4	I0022	2	266.314139499467	262.053108467621	270.575170531312	-403.549191874923	-8.70878712891032	1	FALSE	262.313878747386	251.792878747386	243.676049819832	265.400662315286
4	I0025	1	258.787200598015	255.379988828088	262.194412367943	-403.549191874923	-6.27735902314049	1	FALSE	261.426019354303	254.699019354303	244.154276252209	262.843532784485
4	I0026	2	266.314139499467	262.053108467621	270.575170531312	-403.549191874923	-12.9084378521874	1	FALSE	274.539032320588	261.895032320588	243.638672836584	265.001690897345
4	I0054	2	266.314139499467	262.053108467621	270.575170531312	-403.549191874923	-12.9994301716468	1	FALSE	278.244463343237	254.856463343237	248.764638144937	255.784557047319
4	I0100	2	266.314139499467	262.053108467621	270.575170531312	-403.549191874923	-7.53316901064965	1	FALSE	262.356559986245	255.524559986245	243.195732089716	255.217128810091
4	I0797	4	295.789326193225	279.850895611398	311.727756775053	-403.549191874923	-24.9450071617799	1	FALSE	330.19531431223	255.83031431223	243.541990495318	264.66870761095
4	I2022	4	295.789326193225	279.850895611398	311.727756775053	-403.549191874923	-11.2395758233226	1	FALSE	303.373642318304	265.788642318304	243.452617349581	265.686669632643
4	SCH007	1	258.787200598015	255.379988828088	262.194412367943	-403.549191874923	-7.08093786951523	1	FALSE	257.438422857631	251.252422857631	248.471005668398	255.20211700849
4	SCH010	4	295.789326193225	279.850895611398	311.727756775053	-403.549191874923	-18.3756996462328	1	FALSE	253.899774149709	250.295774149709	248.351299614712	255.178305093557
4	SCH014	2	266.314139499467	262.053108467621	270.575170531312	-403.549191874923	-8.58517438621037	1	FALSE	270.405437984232	251.991437984232	248.412820347585	255.110504383255
4	SCH016	2	266.314139499467	262.053108467621	270.575170531312	-403.549191874923	-9.72728338103746	1	FALSE	258.844521724339	249.763521724339	249.844583426203	258.626042648563
4	SCH018	2	266.314139499467	262.053108467621	270.575170531312	-403.549191874923	-11.5070835808648	1	FALSE	275.651616344862	254.428616344862	246.925533654204	255.55057474147
4	SMH004	4	295.789326193225	279.850895611398	311.727756775053	-403.549191874923	-13.4428229330604	1	FALSE	280.802494562067	258.683494562067	250.678086289445	258.683614546467
4	XN164	2	266.314139499467	262.053108467621	270.575170531312	-403.549191874923	-8.82773297653337	1	FALSE	260.104747532464	251.953747532464	250.575006741099	258.747669292614
4	XN166	2	266.314139499467	262.053108467621	270.575170531312	-403.549191874923	-8.15836270734335	1	FALSE	266.933490385433	249.892490385433	248.441204064459	258.845660146991
4	XN167	3	286.303569350543	280.155217375587	292.4519213255	-403.549191874923	-6.03486622472924	1	FALSE	286.269940750059	259.199940750059	251.053079615435	258.92463116223
4	XN170	1	258.787200598015	255.379988828088	262.194412367943	-403.549191874923	-7.16469352523933	1	FALSE	258.212442949246	250.567442949246	246.712957155558	255.447912943721
4	XN171	2	266.314139499467	262.053108467621	270.575170531312	-403.549191874923	-7.55155089993031	1	FALSE	263.433834160672	252.842834160672	250.628571082159	258.542055783495
4	XN172	1	258.787200598015	255.379988828088	262.194412367943	-403.549191874923	-7.06219792173119	1	FALSE	261.563235464215	257.393235464215	250.616956486468	258.504885406316
4	XN173	4	295.789326193225	279.850895611398	311.727756775053	-403.549191874923	-17.4970385216424	1	FALSE	299.044697598954	251.971697598954	248.59377666046	255.495981385954
4	XN174	2	266.314139499467	262.053108467621	270.575170531312	-403.549191874923	-6.57526053241755	1	FALSE	267.767006706457	255.582006706457	237.786915562407	255.49751774317
4	XN175	4	295.789326193225	279.850895611398	311.727756775053	-403.549191874923	-11.2910442170051	1	FALSE	289.132568124583	252.041568124583	250.42910213186	258.427200970151
4	XN178	3	286.303569350543	280.155217375587	292.4519213255	-403.549191874923	-11.4870402188808	1	FALSE	294.245094548396	252.807094548396	248.448033100327	258.233166970146
4	XN180	4	295.789326193225	279.850895611398	311.727756775053	-403.549191874923	-13.1716628817437	1	FALSE	306.195775922221	253.959775922221	248.747886520737	255.645041598522
4	XN182	2	266.314139499467	262.053108467621	270.575170531312	-403.549191874923	-10.326818429928	1	FALSE	272.338877832494	252.924877832494	246.645066986009	258.697177444723
4	XN183	3	286.303569350543	280.155217375587	292.4519213255	-403.549191874923	-5.81714781170279	1	FALSE	284.739392052734	252.018392052734	250.765665764554	258.534963743564
4	XN188	2	266.314139499467	262.053108467621	270.575170531312	-403.549191874923	-6.64354596478317	1	FALSE	264.559773867712	257.943773867712	250.771290758126	258.706899452439
4	XN215	4	295.789326193225	279.850895611398	311.727756775053	-403.549191874923	-13.7820582401913	1	FALSE	281.42100159841	254.09600159841	246.435262475354	255.370183657501
4	XN224	4	295.789326193225	279.850895611398	311.727756775053	-403.549191874923	-17.1058016312775	1	FALSE	344.874050843447	253.811050843447	250.365257397128	258.473626862662
4	XN225	1	258.787200598015	255.379988828088	262.194412367943	-403.549191874923	-3.79743292744312	1	FALSE	258.650665897566	255.571665897566	248.994845350514	258.620083365323
4	I5068	2	266.314139499467	262.053108467621	270.575170531312	-403.549191874923	-7.29238419725136	1	FALSE	265.556282460159	252.479282460159	241.878290537279	265.777276523503
4	I5069	4	295.789326193225	279.850895611398	311.727756775053	-403.549191874923	-13.9019431084626	1	FALSE	292.854959575511	255.020959575511	245.212526303051	255.209420730962
4	I5205	3	286.303569350543	280.155217375587	292.4519213255	-403.549191874923	-6.74677013451406	1	FALSE	289.322143782575	265.317143782575	232.065860624425	262.885097673695
4	I5206	2	266.314139499467	262.053108467621	270.575170531312	-403.549191874923	-8.88963252773143	1	FALSE	272.664411773155	262.644411773155	235.115076415033	265.55488454178
4	I5207	1	258.787200598015	255.379988828088	262.194412367943	-403.549191874923	-7.55267391818217	1	FALSE	255.359687645161	237.384687645161	232.900585984213	264.714809086374
4	I5208	2	266.314139499467	262.053108467621	270.575170531312	-403.549191874923	-8.76388272388876	1	FALSE	260.219286300295	247.544286300295	233.609687289157	265.159784194215
