# CLUSTERING STRENGTH + LIKELIHOOD K SELECTION RESULTS (DATES)
# Recommended K: 1
# Method: DATES
# Clustering strength threshold: 0.983
# Likelihood thresholds: k1 to k2(k=2):1.2 k1 to k2(k=3):2.59 k2 to k3:0.71 k3 to k4:0.49
#
model_k	pop	cluster	joint_date_est_best	joint_date_lowerci	joint_date_upperci	likelihood_mean	likelihood_per_ind	recommended_k	is_recommended	ind_date_est	sample_age_est_best	sample_age_lowerci_mean	sample_age_upperci_mean
1	HBS002	1	266.681794089836	264.483611879618	268.879976300054	-2528.12378532725	-41.9023539867046	1	TRUE	266.683689260162	256.132689260162	242.291760481697	256.841915472926
1	HBS004	1	266.681794089836	264.483611879618	268.879976300054	-2528.12378532725	-20.5729337868031	1	TRUE	354.691616818107	248.449616818107	241.496271837792	256.602424713908
1	HBS006	1	266.681794089836	264.483611879618	268.879976300054	-2528.12378532725	-241.899614673315	1	TRUE	266.702770575749	255.778770575749	247.414458253687	256.985038645975
1	HBS007	1	266.681794089836	264.483611879618	268.879976300054	-2528.12378532725	-45.4789709982371	1	TRUE	262.169224012141	241.608224012141	241.451058719967	255.786284214035
1	HBS008	1	266.681794089836	264.483611879618	268.879976300054	-2528.12378532725	-18.3713866053545	1	TRUE	260.665124532433	246.624124532433	241.500522676392	256.719145836895
1	I0018	1	266.681794089836	264.483611879618	268.879976300054	-2528.12378532725	-99.1957760314594	1	TRUE	276.351552429259	251.789552429258	250.803059436647	257.098318529687
1	I0022	1	266.681794089836	264.483611879618	268.879976300054	-2528.12378532725	-18.2989507167763	1	TRUE	271.781607215809	261.260607215809	243.55429898777	265.471451626966
1	I0025	1	266.681794089836	264.483611879618	268.879976300054	-2528.12378532725	-142.301820510521	1	TRUE	267.253341021095	260.526341021095	249.735413994807	264.973369212312
1	I0026	1	266.681794089836	264.483611879618	268.879976300054	-2528.12378532725	-45.8981752054927	1	TRUE	270.736233446327	258.092233446327	243.884333895414	264.449095093608
1	I0054	1	266.681794089836	264.483611879618	268.879976300054	-2528.12378532725	-15.2487718329184	1	TRUE	276.966475750392	253.578475750392	248.693703531382	255.749328236252
1	I0100	1	266.681794089836	264.483611879618	268.879976300054	-2528.12378532725	-29.3377684417988	1	TRUE	261.266920761393	254.434920761393	243.565596857563	255.308991890898
1	I0797	1	266.681794089836	264.483611879618	268.879976300054	-2528.12378532725	-39.7355104919936	1	TRUE	317.52616302507	243.16116302507	243.097775562731	263.249329530726
1	I2022	1	266.681794089836	264.483611879618	268.879976300054	-2528.12378532725	-12.2285691221813	1	TRUE	283.72076970296	246.13576970296	243.391376879507	265.329748910954
1	SCH007	1	266.681794089836	264.483611879618	268.879976300054	-2528.12378532725	-453.037361151993	1	TRUE	260.707995375399	254.521995375399	251.123233339084	255.288627404454
1	SCH010	1	266.681794089836	264.483611879618	268.879976300054	-2528.12378532725	-11.8710581847824	1	TRUE	252.152758370869	248.548758370869	248.375186964778	255.13619852851
1	SCH014	1	266.681794089836	264.483611879618	268.879976300054	-2528.12378532725	-18.1450787813086	1	TRUE	268.003022377041	249.58902237704	248.444582673256	255.201495690271
1	SCH015	1	266.681794089836	264.483611879618	268.879976300054	-2528.12378532725	-24.8252075764621	1	TRUE	414.812908200918	252.171908200918	248.373569847318	255.189722534061
1	SCH016	1	266.681794089836	264.483611879618	268.879976300054	-2528.12378532725	-19.7742029636261	1	TRUE	267.592124509088	258.511124509087	249.952193958069	258.59518886423
1	SCH018	1	266.681794089836	264.483611879618	268.879976300054	-2528.12378532725	-14.5581178484592	1	TRUE	270.3491616992	249.1261616992	246.926756578861	255.485249854803
1	SMH004	1	266.681794089836	264.483611879618	268.879976300054	-2528.12378532725	-11.3300461629908	1	TRUE	274.685356671641	252.566356671641	250.5563360975	258.683210501679
1	XN164	1	266.681794089836	264.483611879618	268.879976300054	-2528.12378532725	-28.6560055728845	1	TRUE	262.766996094687	254.615996094687	250.544443748443	258.663920743624
1	XN166	1	266.681794089836	264.483611879618	268.879976300054	-2528.12378532725	-68.2303432378974	1	TRUE	266.317939624023	249.276939624023	248.34731221488	258.205410182916
1	XN167	1	266.681794089836	264.483611879618	268.879976300054	-2528.12378532725	-57.5678593364258	1	TRUE	278.314549843632	251.244549843632	250.87303851618	258.447673357227
1	XN170	1	266.681794089836	264.483611879618	268.879976300054	-2528.12378532725	-62.4435502277685	1	TRUE	261.620916069932	253.975916069932	247.216614720927	255.548688101465
1	XN171	1	266.681794089836	264.483611879618	268.879976300054	-2528.12378532725	-49.1751379045647	1	TRUE	262.94883578517	252.35783578517	250.617072294778	258.639850475072
1	XN172	1	266.681794089836	264.483611879618	268.879976300054	-2528.12378532725	-88.5012837632289	1	TRUE	262.077452250099	257.907452250099	251.261695094399	258.71967739024
1	XN173	1	266.681794089836	264.483611879618	268.879976300054	-2528.12378532725	-17.9354046942609	1	TRUE	301.965874717505	254.892874717505	248.573812936088	255.498725111573
1	XN174	1	266.681794089836	264.483611879618	268.879976300054	-2528.12378532725	-37.3885193576288	1	TRUE	263.589112553473	251.404112553473	239.036433676506	255.571703537602
1	XN175	1	266.681794089836	264.483611879618	268.879976300054	-2528.12378532725	-13.9551459468501	1	TRUE	287.44395153287	250.35295153287	250.4486079113	258.484671264562
1	XN178	1	266.681794089836	264.483611879618	268.879976300054	-2528.12378532725	-47.8366079851105	1	TRUE	289.779033411479	248.341033411479	248.336057270146	257.538649729124
1	XN180	1	266.681794089836	264.483611879618	268.879976300054	-2528.12378532725	-27.3955203361771	1	TRUE	304.248133892202	252.012133892202	248.728762789323	255.565449448776
1	XN182	1	266.681794089836	264.483611879618	268.879976300054	-2528.12378532725	-14.5128796528056	1	TRUE	269.858357242111	250.444357242111	246.598762746336	258.772055020337
1	XN183	1	266.681794089836	264.483611879618	268.879976300054	-2528.12378532725	-96.0695387335342	1	TRUE	284.519477801162	251.798477801162	250.717349264225	256.667765857827
1	XN188	1	266.681794089836	264.483611879618	268.879976300054	-2528.12378532725	-36.511375320056	1	TRUE	263.964845086335	257.348845086335	250.632657544287	258.838906471989
1	XN215	1	266.681794089836	264.483611879618	268.879976300054	-2528.12378532725	-11.7548812998231	1	TRUE	275.826276147685	248.501276147685	246.456705952447	255.216266731385
1	XN224	1	266.681794089836	264.483611879618	268.879976300054	-2528.12378532725	-20.3139296653729	1	TRUE	347.354940045011	256.291940045011	250.370717352439	258.481581435056
1	XN225	1	266.681794089836	264.483611879618	268.879976300054	-2528.12378532725	-204.896397740739	1	TRUE	261.677666437735	258.598666437735	252.184283393809	258.830992143048
1	I5068	1	266.681794089836	264.483611879618	268.879976300054	-2528.12378532725	-58.2371879740525	1	TRUE	270.257162206766	257.180162206766	241.769505586739	263.055838644089
1	I5069	1	266.681794089836	264.483611879618	268.879976300054	-2528.12378532725	-17.5690547986908	1	TRUE	284.784022246506	246.950022246505	245.063857458801	255.264102253981
1	I5205	1	266.681794089836	264.483611879618	268.879976300054	-2528.12378532725	-75.8798281079832	1	TRUE	268.728004423681	244.723004423681	232.080097957598	252.23005698998
1	I5206	1	266.681794089836	264.483611879618	268.879976300054	-2528.12378532725	-24.8336629437236	1	TRUE	267.998995165988	257.978995165988	234.68391588332	265.104823252062
1	I5207	1	266.681794089836	264.483611879618	268.879976300054	-2528.12378532725	-120.848957457551	1	TRUE	270.765804438493	252.790804438493	238.221108424477	256.836368484697
1	I5208	1	266.681794089836	264.483611879618	268.879976300054	-2528.12378532725	-23.5990381969415	1	TRUE	264.74274613055	252.06774613055	234.543332592252	264.392254828792
2	HBS002	1	265.158745268321	262.922218884428	267.395271652214	-673.432955427957	-9.30824403268069	1	FALSE	259.282697383586	248.731697383586	242.096888255703	256.827321188632
2	HBS004	2	298.366938724786	278.702238139885	318.031639309686	-673.432955427957	-15.8964690786077	1	FALSE	350.652172783371	244.410172783371	241.418131954093	257.020737461114
2	HBS006	1	265.158745268321	262.922218884428	267.395271652214	-673.432955427957	-14.7142200421475	1	FALSE	264.920405045369	253.996405045369	248.129203824335	256.976472724013
2	HBS007	1	265.158745268321	262.922218884428	267.395271652214	-673.432955427957	-6.4486089451038	1	FALSE	266.731880856724	246.170880856724	241.477893930694	256.236117615897
2	HBS008	1	265.158745268321	262.922218884428	267.395271652214	-673.432955427957	-9.62734555994782	1	FALSE	270.657034404474	256.616034404474	241.58986295931	256.634255595428
2	I0018	1	265.158745268321	262.922218884428	267.395271652214	-673.432955427957	-25.9110000233613	1	FALSE	275.648913343452	251.086913343452	250.794742565336	257.019518712173
2	I0022	1	265.158745268321	262.922218884428	267.395271652214	-673.432955427957	-8.92761264011907	1	FALSE	268.251072254448	257.730072254448	243.782243949016	265.325731562553
2	I0025	1	265.158745268321	262.922218884428	267.395271652214	-673.432955427957	-9.59351665547721	1	FALSE	263.789555465798	257.062555465798	250.280840596762	265.144699100139
2	I0026	1	265.158745268321	262.922218884428	267.395271652214	-673.432955427957	-6.49703990904341	1	FALSE	266.921844755728	254.277844755728	243.538028892841	264.269042390287
2	I0054	1	265.158745268321	262.922218884428	267.395271652214	-673.432955427957	-12.8600237908426	1	FALSE	276.582150150271	253.194150150271	248.658458931367	255.604189739877
2	I0100	1	265.158745268321	262.922218884428	267.395271652214	-673.432955427957	-11.3583013701139	1	FALSE	256.38760164418	249.55560164418	243.751002744828	255.081413784147
2	I0797	2	298.366938724786	278.702238139885	318.031639309686	-673.432955427957	-34.4753159171601	1	FALSE	320.868579538382	246.503579538382	243.370606732372	264.765289663712
2	I2022	2	298.366938724786	278.702238139885	318.031639309686	-673.432955427957	-15.2071494486579	1	FALSE	296.628186233612	259.043186233612	243.636817079886	265.439649616747
2	SCH007	1	265.158745268321	262.922218884428	267.395271652214	-673.432955427957	-42.0904240079368	1	FALSE	260.932651905589	254.746651905589	251.696752731888	255.324899586516
2	SCH010	2	298.366938724786	278.702238139885	318.031639309686	-673.432955427957	-23.664803835238	1	FALSE	254.779444674612	251.175444674612	248.409670045866	255.16309606377
2	SCH014	1	265.158745268321	262.922218884428	267.395271652214	-673.432955427957	-9.03163067808694	1	FALSE	269.270186294862	250.856186294862	248.398102439075	255.135068059566
2	SCH015	2	298.366938724786	278.702238139885	318.031639309686	-673.432955427957	-21.4691875048592	1	FALSE	414.98461618724	252.34361618724	248.422283298361	255.118799843227
2	SCH016	1	265.158745268321	262.922218884428	267.395271652214	-673.432955427957	-8.75075816176797	1	FALSE	261.003969811172	251.922969811172	249.835776662185	258.631252352681
2	SCH018	1	265.158745268321	262.922218884428	267.395271652214	-673.432955427957	-10.0056377811734	1	FALSE	268.593914824423	247.370914824423	246.891270650201	255.502771811268
2	SMH004	2	298.366938724786	278.702238139885	318.031639309686	-673.432955427957	-28.4173416919377	1	FALSE	280.787966914427	258.668966914427	250.686888668965	258.717945252649
2	XN164	1	265.158745268321	262.922218884428	267.395271652214	-673.432955427957	-7.00739171504763	1	FALSE	265.195361053966	257.044361053966	250.670948030328	258.661984806731
2	XN166	1	265.158745268321	262.922218884428	267.395271652214	-673.432955427957	-8.4097405218904	1	FALSE	269.016364293737	251.975364293737	248.395772161062	258.389751821856
2	XN167	1	265.158745268321	262.922218884428	267.395271652214	-673.432955427957	-32.0284596647807	1	FALSE	281.68720927482	254.61720927482	250.860587360187	258.222338885917
2	XN170	1	265.158745268321	262.922218884428	267.395271652214	-673.432955427957	-7.41052487243548	1	FALSE	261.981193750446	254.336193750446	247.037984683711	255.549106514746
2	XN171	1	265.158745268321	262.922218884428	267.395271652214	-673.432955427957	-6.15788389473703	1	FALSE	265.332894583151	254.741894583151	250.486421883143	258.698347349703
2	XN172	1	265.158745268321	262.922218884428	267.395271652214	-673.432955427957	-9.94872252165906	1	FALSE	260.87224684832	256.70224684832	250.840052564271	258.747336016145
2	XN173	2	298.366938724786	278.702238139885	318.031639309686	-673.432955427957	-15.0444887641951	1	FALSE	298.737004825605	251.664004825605	248.682802663443	255.559773476296
2	XN174	1	265.158745268321	262.922218884428	267.395271652214	-673.432955427957	-6.51297278502945	1	FALSE	264.161128419778	251.976128419778	238.72831522085	255.601933299974
2	XN175	2	298.366938724786	278.702238139885	318.031639309686	-673.432955427957	-22.5967562935357	1	FALSE	290.408791586525	253.317791586525	250.395794644311	258.497892902723
2	XN178	1	265.158745268321	262.922218884428	267.395271652214	-673.432955427957	-37.1681852319519	1	FALSE	290.527833490351	249.089833490351	248.310751378969	257.657966475942
2	XN180	2	298.366938724786	278.702238139885	318.031639309686	-673.432955427957	-30.7161540250386	1	FALSE	307.250824947908	255.014824947908	248.770312202861	255.653072814807
2	XN182	1	265.158745268321	262.922218884428	267.395271652214	-673.432955427957	-9.79958976167697	1	FALSE	267.005248267771	247.591248267771	246.557817865956	258.495266971536
2	XN183	1	265.158745268321	262.922218884428	267.395271652214	-673.432955427957	-46.4942132280223	1	FALSE	283.371365369494	250.650365369494	250.704722937695	256.578692082349
2	XN188	1	265.158745268321	262.922218884428	267.395271652214	-673.432955427957	-6.48024256455122	1	FALSE	264.745938154556	258.129938154556	250.680389510832	258.701562075513
2	XN215	1	265.158745268321	262.922218884428	267.395271652214	-673.432955427957	-14.007992992319	1	FALSE	276.235270994961	248.910270994961	246.550909602987	255.365741055765
2	XN224	2	298.366938724786	278.702238139885	318.031639309686	-673.432955427957	-15.0212024223206	1	FALSE	342.479752088017	251.416752088017	250.291937306324	258.383534532323
2	XN225	1	265.158745268321	262.922218884428	267.395271652214	-673.432955427957	-16.2515118124759	1	FALSE	261.877011232699	258.798011232699	253.134293828833	258.861750063286
2	I5068	1	265.158745268321	262.922218884428	267.395271652214	-673.432955427957	-6.62507505645976	1	FALSE	263.123692236044	250.046692236044	241.805079395718	262.578715718285
2	I5069	1	265.158745268321	262.922218884428	267.395271652214	-673.432955427957	-16.7370677091028	1	FALSE	283.903401400746	246.069401400746	245.145428631521	255.19509172711
2	I5205	1	265.158745268321	262.922218884428	267.395271652214	-673.432955427957	-6.41040352040072	1	FALSE	265.443795464845	241.438795464845	232.417238661687	253.485197552281
2	I5206	1	265.158745268321	262.922218884428	267.395271652214	-673.432955427957	-8.82106556508809	1	FALSE	270.647054328299	260.627054328299	235.206050758383	265.480149414258
2	I5207	1	265.158745268321	262.922218884428	267.395271652214	-673.432955427957	-11.936507266652	1	FALSE	261.082604854075	243.107604854075	238.220269319469	256.701666905013
2	I5208	1	265.158745268321	262.922218884428	267.395271652214	-673.432955427957	-7.59217216432364	1	FALSE	266.593164436307	253.918164436307	234.390039256375	264.911653497257
3	HBS002	1	262.270898957537	259.624049668012	264.917748247063	-499.437876208355	-8.00189246632908	1	FALSE	266.453612210983	255.902612210983	241.831590302619	256.290541107384
3	HBS004	3	339.650730590152	234.076575580741	445.224885599562	-499.437876208355	-14.4836528976553	1	FALSE	360.167252057213	253.925252057213	241.391703819474	256.767108453953
3	HBS006	1	262.270898957537	259.624049668012	264.917748247063	-499.437876208355	-8.63964886271584	1	FALSE	260.953982601908	250.029982601908	242.754667350008	255.340255179908
3	HBS007	1	262.270898957537	259.624049668012	264.917748247063	-499.437876208355	-9.16119817082671	1	FALSE	267.779895550551	247.218895550551	241.305082515465	256.849290634688
3	HBS008	2	279.075060950966	273.87035077749	284.279771124442	-499.437876208355	-11.1537773631407	1	FALSE	268.944986324955	254.903986324955	241.668065562658	256.65510753416
3	I0018	2	279.075060950966	273.87035077749	284.279771124442	-499.437876208355	-19.9896214620204	1	FALSE	276.384453073592	251.822453073592	251.121090369339	258.999845617627
3	I0022	2	279.075060950966	273.87035077749	284.279771124442	-499.437876208355	-8.66193840368534	1	FALSE	274.339091372793	263.818091372793	243.462968657592	265.534440514686
3	I0025	1	262.270898957537	259.624049668012	264.917748247063	-499.437876208355	-5.86263212901991	1	FALSE	261.854840272534	255.127840272534	245.375654860982	262.254547663699
3	I0026	1	262.270898957537	259.624049668012	264.917748247063	-499.437876208355	-10.0494145058358	1	FALSE	268.571360856523	255.927360856523	243.528061718514	265.907025758809
3	I0054	2	279.075060950966	273.87035077749	284.279771124442	-499.437876208355	-8.52338912342064	1	FALSE	278.892478402094	255.504478402094	248.764649940679	255.70046211715
3	I0100	1	262.270898957537	259.624049668012	264.917748247063	-499.437876208355	-10.0539404276363	1	FALSE	255.650163001062	248.818163001062	243.230107209132	255.288296665079
3	I0797	2	279.075060950966	273.87035077749	284.279771124442	-499.437876208355	-26.8699809137153	1	FALSE	318.078367897934	243.713367897934	243.163873068988	263.747790026412
3	I2022	2	279.075060950966	273.87035077749	284.279771124442	-499.437876208355	-14.9230743703524	1	FALSE	297.568840625916	259.983840625916	243.5332317497	265.463164987575
3	SCH007	1	262.270898957537	259.624049668012	264.917748247063	-499.437876208355	-13.8462266379815	1	FALSE	261.164042503353	254.978042503353	248.911931198922	255.283838562069
3	SCH010	2	279.075060950966	273.87035077749	284.279771124442	-499.437876208355	-15.0367146030895	1	FALSE	258.893875564631	255.289875564631	248.457711418326	255.210481482292
3	SCH014	2	279.075060950966	273.87035077749	284.279771124442	-499.437876208355	-9.64666126694833	1	FALSE	271.91336417936	253.49936417936	248.371491589517	255.186491837126
3	SCH015	3	339.650730590152	234.076575580741	445.224885599562	-499.437876208355	-19.1815476259086	1	FALSE	416.968522248163	254.327522248163	248.362621567628	255.152722711875
3	SCH016	2	279.075060950966	273.87035077749	284.279771124442	-499.437876208355	-15.3607262148217	1	FALSE	265.01889037663	255.93789037663	249.878549166953	258.657723661898
3	SCH018	2	279.075060950966	273.87035077749	284.279771124442	-499.437876208355	-8.37742343001038	1	FALSE	276.817034878246	255.594034878246	247.040913530872	255.703884147107
3	SMH004	1	262.270898957537	259.624049668012	264.917748247063	-499.437876208355	-14.9749811419167	1	FALSE	274.281185413896	252.162185413896	250.630705318663	258.704223622707
3	XN164	1	262.270898957537	259.624049668012	264.917748247063	-499.437876208355	-7.59981780255065	1	FALSE	261.527166277565	253.376166277565	250.490099250456	258.576915496661
3	XN166	1	262.270898957537	259.624049668012	264.917748247063	-499.437876208355	-15.9147861461712	1	FALSE	270.698037551082	253.657037551082	248.365052720432	258.069707930553
3	XN167	2	279.075060950966	273.87035077749	284.279771124442	-499.437876208355	-11.5102158044007	1	FALSE	281.060324268849	253.990324268849	251.102397875698	258.955396012544
3	XN170	1	262.270898957537	259.624049668012	264.917748247063	-499.437876208355	-5.81707801409222	1	FALSE	262.029460848506	254.384460848506	246.834290688874	255.448315420135
3	XN171	1	262.270898957537	259.624049668012	264.917748247063	-499.437876208355	-7.87025870570386	1	FALSE	266.360960866601	255.769960866601	250.472864513136	258.433258560551
3	XN172	1	262.270898957537	259.624049668012	264.917748247063	-499.437876208355	-5.62147448484375	1	FALSE	261.351970512087	257.181970512087	250.432253932908	258.496379115334
3	XN173	3	339.650730590152	234.076575580741	445.224885599562	-499.437876208355	-15.144897825112	1	FALSE	296.592107152384	249.519107152384	248.713979547153	255.559557023577
3	XN174	1	262.270898957537	259.624049668012	264.917748247063	-499.437876208355	-7.59061853097327	1	FALSE	259.019170252451	246.834170252451	237.96261964341	255.148491282926
3	XN175	2	279.075060950966	273.87035077749	284.279771124442	-499.437876208355	-12.3189031220865	1	FALSE	291.726159531358	254.635159531358	250.361725699929	258.347892100553
3	XN178	2	279.075060950966	273.87035077749	284.279771124442	-499.437876208355	-13.6894124845935	1	FALSE	290.056994822859	248.618994822859	248.352653545694	258.222025873048
3	XN180	2	279.075060950966	273.87035077749	284.279771124442	-499.437876208355	-16.9785294685844	1	FALSE	303.932028613935	251.696028613935	248.723693621494	255.668090504338
3	XN182	2	279.075060950966	273.87035077749	284.279771124442	-499.437876208355	-11.1976130260152	1	FALSE	267.765988681841	248.351988681841	246.70336522655	258.829687901956
3	XN183	2	279.075060950966	273.87035077749	284.279771124442	-499.437876208355	-19.9985624894937	1	FALSE	286.394023380506	253.673023380506	250.75112305918	258.664998762314
3	XN188	1	262.270898957537	259.624049668012	264.917748247063	-499.437876208355	-8.03449775247203	1	FALSE	258.265748008532	251.649748008532	250.661405515692	258.734851135304
3	XN215	2	279.075060950966	273.87035077749	284.279771124442	-499.437876208355	-10.4068470548499	1	FALSE	273.643550982105	246.318550982105	246.520444674983	255.200384504735
3	XN224	3	339.650730590152	234.076575580741	445.224885599562	-499.437876208355	-14.6142573986679	1	FALSE	341.63049453542	250.56749453542	250.246447551979	258.301044752056
3	XN225	1	262.270898957537	259.624049668012	264.917748247063	-499.437876208355	-9.72100949918414	1	FALSE	259.552651001995	256.473651001995	249.61846410802	258.723710171346
3	I5068	1	262.270898957537	259.624049668012	264.917748247063	-499.437876208355	-5.993106033692	1	FALSE	263.259202128053	250.182202128053	240.893463393357	265.639203225146
3	I5069	2	279.075060950966	273.87035077749	284.279771124442	-499.437876208355	-11.7085643199803	1	FALSE	292.152952968793	254.318952968793	245.184625740246	255.158827323861
3	I5205	1	262.270898957537	259.624049668012	264.917748247063	-499.437876208355	-7.17337859994462	1	FALSE	265.469935801923	241.464935801924	230.946495876249	262.653182077546
3	I5206	2	279.075060950966	273.87035077749	284.279771124442	-499.437876208355	-13.9302126494736	1	FALSE	268.379841230725	258.359841230725	235.010594554479	265.671556830057
3	I5207	1	262.270898957537	259.624049668012	264.917748247063	-499.437876208355	-5.66176012600703	1	FALSE	262.975957014106	245.000957014106	233.300399030642	265.110097733643
3	I5208	1	262.270898957537	259.624049668012	264.917748247063	-499.437876208355	-8.14363285243168	1	FALSE	262.301096921774	249.626096921774	233.550994377999	265.424454519858
4	HBS002	2	268.564834908763	264.581811341242	272.547858476285	-443.189410096287	-10.0168104414256	1	FALSE	262.309962376542	251.758962376542	241.477206786762	256.547816877896
4	HBS004	4	343.830814121305	238.256637723064	449.404990519547	-443.189410096287	-14.4542781951336	1	FALSE	362.794876674271	256.552876674271	241.556422175657	256.841603029066
4	HBS006	1	260.523179221223	257.242818384244	263.803540058202	-443.189410096287	-7.35524002766912	1	FALSE	258.137036386945	247.213036386945	242.105918675329	256.414288824141
4	HBS007	2	268.564834908763	264.581811341242	272.547858476285	-443.189410096287	-6.71082921795968	1	FALSE	267.24675670013	246.68575670013	241.389264149247	256.57729345616
4	HBS008	2	268.564834908763	264.581811341242	272.547858476285	-443.189410096287	-8.84622408672594	1	FALSE	264.427324453367	250.386324453367	241.58783919388	256.903051181247
4	I0018	2	268.564834908763	264.581811341242	272.547858476285	-443.189410096287	-15.3863664032486	1	FALSE	275.32903340517	250.76703340517	250.906741506021	259.006237716193
4	I0022	2	268.564834908763	264.581811341242	272.547858476285	-443.189410096287	-8.26763443886136	1	FALSE	268.922798968303	258.401798968303	244.093682808525	265.553873745792
4	I0025	1	260.523179221223	257.242818384244	263.803540058202	-443.189410096287	-5.60108165723846	1	FALSE	262.538147603423	255.811147603423	244.014729345633	264.313714143667
4	I0026	2	268.564834908763	264.581811341242	272.547858476285	-443.189410096287	-9.4636680383479	1	FALSE	274.1450250102	261.5010250102	243.785582665712	265.351233005641
4	I0054	3	288.929650462986	280.508845122337	297.350455803634	-443.189410096287	-11.7633040692594	1	FALSE	275.935992067336	252.547992067336	248.745768310668	255.660100957741
4	I0100	1	260.523179221223	257.242818384244	263.803540058202	-443.189410096287	-11.5138332261575	1	FALSE	254.1776462555	247.3456462555	243.481494928669	255.32639169446
4	I0797	3	288.929650462986	280.508845122337	297.350455803634	-443.189410096287	-19.4623104235668	1	FALSE	318.940438389023	244.575438389023	243.358555263071	263.85445948658
4	I2022	3	288.929650462986	280.508845122337	297.350455803634	-443.189410096287	-13.6214567618974	1	FALSE	299.970887482171	262.385887482171	243.33359269076	265.231273326375
4	SCH007	1	260.523179221223	257.242818384244	263.803540058202	-443.189410096287	-6.71453756251167	1	FALSE	261.014429772585	254.828429772585	248.552206960241	255.181978129466
4	SCH010	2	268.564834908763	264.581811341242	272.547858476285	-443.189410096287	-15.3066854218691	1	FALSE	258.769841152692	255.165841152692	248.434872559655	255.115678153899
4	SCH014	2	268.564834908763	264.581811341242	272.547858476285	-443.189410096287	-8.15466721104725	1	FALSE	269.248954376998	250.834954376998	248.490599550631	255.227023634195
4	SCH015	4	343.830814121305	238.256637723064	449.404990519547	-443.189410096287	-19.1114304506572	1	FALSE	415.110530648419	252.469530648419	248.352769092349	255.19474254206
4	SCH016	2	268.564834908763	264.581811341242	272.547858476285	-443.189410096287	-7.89082069242153	1	FALSE	267.523825080752	258.442825080752	249.847852031201	258.588736954264
4	SCH018	2	268.564834908763	264.581811341242	272.547858476285	-443.189410096287	-9.46354396459186	1	FALSE	272.170202255109	250.947202255109	246.882887996446	255.495923964268
4	SMH004	3	288.929650462986	280.508845122337	297.350455803634	-443.189410096287	-11.2204173312524	1	FALSE	277.064180797267	254.945180797267	250.570472443027	258.650405647459
4	XN164	2	268.564834908763	264.581811341242	272.547858476285	-443.189410096287	-8.66500076046287	1	FALSE	263.178807105998	255.027807105998	250.618826285288	258.696633828804
4	XN166	2	268.564834908763	264.581811341242	272.547858476285	-443.189410096287	-7.92747162844383	1	FALSE	265.882768676149	248.841768676149	248.406420361218	258.621753676561
4	XN167	2	268.564834908763	264.581811341242	272.547858476285	-443.189410096287	-15.0571517972038	1	FALSE	278.052399891746	250.982399891746	251.011112906537	259.041218065806
4	XN170	1	260.523179221223	257.242818384244	263.803540058202	-443.189410096287	-6.71921894258342	1	FALSE	262.314010730344	254.669010730344	246.794865541203	255.5307875117
4	XN171	2	268.564834908763	264.581811341242	272.547858476285	-443.189410096287	-7.17379643985092	1	FALSE	266.073783462669	255.482783462669	250.504612610273	258.640039241973
4	XN172	1	260.523179221223	257.242818384244	263.803540058202	-443.189410096287	-5.8011871778625	1	FALSE	258.857115028235	254.687115028235	250.41399164696	258.520964544696
4	XN173	4	343.830814121305	238.256637723064	449.404990519547	-443.189410096287	-15.1423104393462	1	FALSE	300.846667110679	253.773667110679	248.627067066463	255.536380254048
4	XN174	2	268.564834908763	264.581811341242	272.547858476285	-443.189410096287	-6.85342048201574	1	FALSE	266.926044128214	254.741044128214	238.230128940046	255.504574204159
4	XN175	3	288.929650462986	280.508845122337	297.350455803634	-443.189410096287	-10.8560778014885	1	FALSE	295.656006050647	258.565006050647	250.358853174451	258.507718850131
4	XN178	3	288.929650462986	280.508845122337	297.350455803634	-443.189410096287	-10.6183497597134	1	FALSE	292.325596707824	250.887596707824	248.495070290353	258.176281167938
4	XN180	3	288.929650462986	280.508845122337	297.350455803634	-443.189410096287	-12.3947072769312	1	FALSE	305.180177645708	252.944177645708	248.711562132605	255.593868741283
4	XN182	3	288.929650462986	280.508845122337	297.350455803634	-443.189410096287	-11.7106976115382	1	FALSE	276.93307647313	257.51907647313	246.63950278776	258.89023289555
4	XN183	3	288.929650462986	280.508845122337	297.350455803634	-443.189410096287	-22.3892107612089	1	FALSE	289.151535077916	256.430535077916	250.799265001779	258.691159216126
4	XN188	2	268.564834908763	264.581811341242	272.547858476285	-443.189410096287	-8.43097586378534	1	FALSE	263.716922027694	257.100922027694	250.952932494777	258.859862960268
4	XN215	3	288.929650462986	280.508845122337	297.350455803634	-443.189410096287	-10.5463708916958	1	FALSE	279.355575640915	252.030575640915	246.581178247322	255.289103508702
4	XN224	4	343.830814121305	238.256637723064	449.404990519547	-443.189410096287	-14.6207955230665	1	FALSE	347.364649420123	256.301649420123	250.358201404767	258.422000342115
4	XN225	1	260.523179221223	257.242818384244	263.803540058202	-443.189410096287	-4.45564738337117	1	FALSE	259.872068642894	256.793068642894	249.200014069045	258.517113269439
4	I5068	2	268.564834908763	264.581811341242	272.547858476285	-443.189410096287	-6.69512313112243	1	FALSE	267.852769374101	254.775769374101	240.940221902773	263.964923571756
4	I5069	3	288.929650462986	280.508845122337	297.350455803634	-443.189410096287	-8.83704050787684	1	FALSE	285.459468512631	247.625468512631	245.243899741022	255.30779129561
4	I5205	1	260.523179221223	257.242818384244	263.803540058202	-443.189410096287	-5.91110555083301	1	FALSE	261.896243622705	237.891243622705	231.113934791314	262.658518841532
4	I5206	2	268.564834908763	264.581811341242	272.547858476285	-443.189410096287	-7.84382875667968	1	FALSE	265.117564793791	255.097564793791	234.953090082854	265.377300926152
4	I5207	1	260.523179221223	257.242818384244	263.803540058202	-443.189410096287	-6.35568766197875	1	FALSE	263.159652633699	245.184652633699	231.950227522092	261.480662492354
4	I5208	2	268.564834908763	264.581811341242	272.547858476285	-443.189410096287	-7.85909432538543	1	FALSE	265.358943920836	252.683943920836	234.472277767574	265.410018712283
