# CLUSTERING STRENGTH + LIKELIHOOD K SELECTION RESULTS (DATES)
# Recommended K: 2
# Method: DATES
# Clustering strength threshold: 0.983
# Likelihood thresholds: k1 to k2(k=2):1.2 k1 to k2(k=3):2.59 k2 to k3:0.71 k3 to k4:0.49
#
model_k	pop	cluster	joint_date_est_best	joint_date_lowerci	joint_date_upperci	likelihood_mean	likelihood_per_ind	recommended_k	is_recommended	ind_date_est	sample_age_est_best	sample_age_lowerci_mean	sample_age_upperci_mean
1	I2355	1	268.7495173701	266.162049760511	271.336984979689	-803.563076190069	-61.0594238174624	2	FALSE	266.527358987333	249.000358987333	245.755986691303	257.935861652118
1	I2357	1	268.7495173701	266.162049760511	271.336984979689	-803.563076190069	-22.7045633477581	2	FALSE	268.693515860365	247.142515860365	244.902262695666	257.59576899382
1	I1499	1	268.7495173701	266.162049760511	271.336984979689	-803.563076190069	-61.5888751987008	2	FALSE	269.0264436327	253.6244436327	249.050267034465	258.007454921136
1	NE3.SG	1	268.7495173701	266.162049760511	271.336984979689	-803.563076190069	-21.702252814124	2	FALSE	270.287609641065	258.336609641065	249.217189568988	258.200726968155
1	I1498	1	268.7495173701	266.162049760511	271.336984979689	-803.563076190069	-18.0610521449711	2	FALSE	276.943732034132	249.950732034132	250.069195227446	258.341053210949
1	I1505	1	268.7495173701	266.162049760511	271.336984979689	-803.563076190069	-21.0418178708772	2	FALSE	270.080652362469	249.333652362469	248.51940245435	255.357873497318
1	I1506	1	268.7495173701	266.162049760511	271.336984979689	-803.563076190069	-15.3788924568014	2	FALSE	291.51456795925	256.06556795925	250.690376413498	258.85194723107
1	I3535	1	268.7495173701	266.162049760511	271.336984979689	-803.563076190069	-77.2560579908081	2	FALSE	268.211763970375	250.633763970375	248.303460044903	255.61031281297
1	I4188	1	268.7495173701	266.162049760511	271.336984979689	-803.563076190069	-27.8229306491638	2	FALSE	264.986619499265	251.853619499265	245.319620082903	258.584688075685
1	I4186	1	268.7495173701	266.162049760511	271.336984979689	-803.563076190069	-33.7288287249555	2	FALSE	271.951206917866	244.899206917866	244.786596869235	255.534072534813
1	I4187	1	268.7495173701	266.162049760511	271.336984979689	-803.563076190069	-18.6841195526747	2	FALSE	309.463114257554	246.150114257554	244.95625059877	258.421087073095
1	I2743	1	268.7495173701	266.162049760511	271.336984979689	-803.563076190069	-10.55818020967	2	FALSE	267.905735358509	254.566735358509	245.017075204523	258.49993999906
1	I2744	1	268.7495173701	266.162049760511	271.336984979689	-803.563076190069	-9.58484515875757	2	FALSE	268.180355594617	247.434355594617	244.930229194911	258.321753974721
1	I2745	1	268.7495173701	266.162049760511	271.336984979689	-803.563076190069	-17.878077222575	2	FALSE	283.616222554049	247.298222554049	244.847080135618	258.005754990652
1	I2375	1	268.7495173701	266.162049760511	271.336984979689	-803.563076190069	-32.1880149266031	2	FALSE	268.984397228426	258.282397228426	246.771765701456	258.677067636163
1	I2376	1	268.7495173701	266.162049760511	271.336984979689	-803.563076190069	-36.9394358149595	2	FALSE	269.333172995167	252.332172995167	245.165328001271	258.500853132822
1	I2377	1	268.7495173701	266.162049760511	271.336984979689	-803.563076190069	-49.8166171442274	2	FALSE	270.90980749974	253.74280749974	246.238224809151	255.382980651261
1	I2378	1	268.7495173701	266.162049760511	271.336984979689	-803.563076190069	-23.2534093939793	2	FALSE	318.608250432467	245.378250432467	244.93132354334	258.524293527422
1	I2379	1	268.7495173701	266.162049760511	271.336984979689	-803.563076190069	-142.087733468309	2	FALSE	265.518699398945	254.803699398945	250.584616634882	255.609558724355
1	I4199	1	268.7495173701	266.162049760511	271.336984979689	-803.563076190069	-16.422544667542	2	FALSE	267.113211539238	251.503211539238	245.185920746797	258.294442657165
1	I1496	1	268.7495173701	266.162049760511	271.336984979689	-803.563076190069	-24.4902643555916	2	FALSE	267.643942944828	255.248942944828	247.238731098906	255.533556426363
1	I1882	1	268.7495173701	266.162049760511	271.336984979689	-803.563076190069	-20.8251056113464	2	FALSE	276.312179272704	246.975179272704	244.758406654	256.512266733916
1	I3536	1	268.7495173701	266.162049760511	271.336984979689	-803.563076190069	-27.9566729966752	2	FALSE	435.936974565107	246.169974565107	245.013631828977	258.683972691402
1	I4196	1	268.7495173701	266.162049760511	271.336984979689	-803.563076190069	-12.5333606515351	2	FALSE	269.010613174819	251.492613174819	244.924668051701	258.308407974795
2	I2355	1	269.041045096443	266.43898628425	271.643103908637	-239.221219810708	-6.63975368346004	2	TRUE	268.651255858095	251.124255858095	245.284282325551	257.8578855
2	I2357	1	269.041045096443	266.43898628425	271.643103908637	-239.221219810708	-5.90881577377926	2	TRUE	268.561103390286	247.010103390286	244.909521662048	258.090328937396
2	I1499	1	269.041045096443	266.43898628425	271.643103908637	-239.221219810708	-6.81990079479987	2	TRUE	269.614262330668	254.212262330668	249.019000481519	257.977568815147
2	NE3.SG	1	269.041045096443	266.43898628425	271.643103908637	-239.221219810708	-7.18223157035177	2	TRUE	265.716431814012	253.765431814012	249.109109354894	258.183340237938
2	I1498	1	269.041045096443	266.43898628425	271.643103908637	-239.221219810708	-11.4313036821227	2	TRUE	277.325787778552	250.332787778552	250.072175449426	258.26235087379
2	I1505	1	269.041045096443	266.43898628425	271.643103908637	-239.221219810708	-6.61354093489165	2	TRUE	271.407990437535	250.660990437535	248.48208626519	255.444874088611
2	I1506	1	269.041045096443	266.43898628425	271.643103908637	-239.221219810708	-16.1758431678946	2	TRUE	286.007544389122	250.558544389122	250.643737332546	258.757149035843
2	I3535	1	269.041045096443	266.43898628425	271.643103908637	-239.221219810708	-8.22940355927248	2	TRUE	270.132386142808	252.554386142808	248.309791398538	255.720457032257
2	I4188	1	269.041045096443	266.43898628425	271.643103908637	-239.221219810708	-6.57313123213906	2	TRUE	266.539029104787	253.406029104787	245.943194461454	258.695709827588
2	I4186	1	269.041045096443	266.43898628425	271.643103908637	-239.221219810708	-10.2302752268506	2	TRUE	274.260283379275	247.208283379275	244.766387735892	254.151829656745
2	I4187	2	325.230690330903	279.848591806416	370.612788855389	-239.221219810708	-14.4241066655575	2	TRUE	318.65760864562	255.34460864562	245.336473961776	258.500044520146
2	I2743	1	269.041045096443	266.43898628425	271.643103908637	-239.221219810708	-8.67693509307034	2	TRUE	269.408673308437	256.069673308437	245.101709279281	258.581564665239
2	I2744	1	269.041045096443	266.43898628425	271.643103908637	-239.221219810708	-10.1101233394585	2	TRUE	265.58723397685	244.84123397685	244.98490891095	258.575599427651
2	I2745	1	269.041045096443	266.43898628425	271.643103908637	-239.221219810708	-14.017108168205	2	TRUE	281.218914404674	244.900914404674	244.864734318772	257.907900418836
2	I2375	1	269.041045096443	266.43898628425	271.643103908637	-239.221219810708	-5.6303628252032	2	TRUE	268.882105533184	258.180105533184	246.721164899479	258.737012953414
2	I2376	1	269.041045096443	266.43898628425	271.643103908637	-239.221219810708	-5.82446074708784	2	TRUE	268.145124281459	251.144124281459	245.662493810606	258.292539371177
2	I2377	1	269.041045096443	266.43898628425	271.643103908637	-239.221219810708	-6.0759862804813	2	TRUE	269.431940511544	252.264940511544	246.165695918155	255.379933655329
2	I2378	2	325.230690330903	279.848591806416	370.612788855389	-239.221219810708	-14.8738559519902	2	TRUE	324.732376834729	251.502376834729	244.987137289884	258.626610630724
2	I2379	1	269.041045096443	266.43898628425	271.643103908637	-239.221219810708	-20.7484060469842	2	TRUE	265.621209430723	254.906209430723	251.117642975977	255.647544263878
2	I4199	1	269.041045096443	266.43898628425	271.643103908637	-239.221219810708	-7.09528560561349	2	TRUE	271.547579699925	255.937579699925	245.098496214736	258.480717012758
2	I1496	1	269.041045096443	266.43898628425	271.643103908637	-239.221219810708	-6.02473947701517	2	TRUE	267.682395690659	255.287395690659	247.188682339071	255.580750385125
2	I1882	1	269.041045096443	266.43898628425	271.643103908637	-239.221219810708	-11.6254025543172	2	TRUE	277.044815940625	247.707815940625	244.853029303652	257.163002794342
2	I3536	2	325.230690330903	279.848591806416	370.612788855389	-239.221219810708	-20.5385215398704	2	TRUE	444.09880550712	254.33180550712	245.078779122892	258.624698151751
2	I4196	1	269.041045096443	266.43898628425	271.643103908637	-239.221219810708	-7.75172589029199	2	TRUE	267.231326837601	249.713326837601	245.115306813552	258.513286673696
3	I2355	1	265.780006029852	262.688460431833	268.871551627871	-202.59529616427	-4.898216133293	2	FALSE	264.40279848604	246.87579848604	245.042994468739	258.365730424827
3	I2357	1	265.780006029852	262.688460431833	268.871551627871	-202.59529616427	-6.5447100232647	2	FALSE	266.269346195961	244.718346195961	245.113195451891	258.486161986864
3	I1499	1	265.780006029852	262.688460431833	268.871551627871	-202.59529616427	-4.34415370698625	2	FALSE	265.571031361983	250.169031361983	248.951105292878	258.033327911229
3	NE3.SG	1	265.780006029852	262.688460431833	268.871551627871	-202.59529616427	-7.74879247312087	2	FALSE	268.712603090995	256.761603090995	249.112922497699	258.264280722667
3	I1498	2	276.715007517032	270.960652318874	282.46936271519	-202.59529616427	-6.81323455363014	2	FALSE	277.893548372991	250.900548372991	250.124863535409	258.564531538543
3	I1505	2	276.715007517032	270.960652318874	282.46936271519	-202.59529616427	-6.95102730379685	2	FALSE	275.121716350535	254.374716350535	248.498811242756	255.506154509476
3	I1506	2	276.715007517032	270.960652318874	282.46936271519	-202.59529616427	-14.0604039613627	2	FALSE	290.736290155854	255.287290155854	250.710574436402	258.918482010764
3	I3535	1	265.780006029852	262.688460431833	268.871551627871	-202.59529616427	-4.87256527196558	2	FALSE	266.273582943969	248.695582943969	248.24603038667	255.594494870935
3	I4188	1	265.780006029852	262.688460431833	268.871551627871	-202.59529616427	-5.97376314808213	2	FALSE	266.442737461885	253.309737461885	245.481127862003	258.620348965217
3	I4186	2	276.715007517032	270.960652318874	282.46936271519	-202.59529616427	-8.0181362865118	2	FALSE	276.374294058012	249.322294058012	244.901299982199	257.911630347371
3	I4187	3	328.040016946501	282.657663233363	373.422370659638	-202.59529616427	-14.5787487904798	2	FALSE	319.153556539728	255.840556539728	245.053770983442	258.672725624055
3	I2743	2	276.715007517032	270.960652318874	282.46936271519	-202.59529616427	-8.73613792717465	2	FALSE	271.552891348402	258.213891348402	245.310281275805	258.676783602568
3	I2744	2	276.715007517032	270.960652318874	282.46936271519	-202.59529616427	-8.81077139662703	2	FALSE	274.899699600803	254.153699600803	245.199777998246	258.534908420655
3	I2745	2	276.715007517032	270.960652318874	282.46936271519	-202.59529616427	-11.6561452310298	2	FALSE	287.096570608236	250.778570608236	244.934557710907	258.186669339525
3	I2375	1	265.780006029852	262.688460431833	268.871551627871	-202.59529616427	-5.77969528971576	2	FALSE	267.751642968922	257.049642968922	245.933849055187	258.519364120521
3	I2376	1	265.780006029852	262.688460431833	268.871551627871	-202.59529616427	-5.52764305863912	2	FALSE	267.782707169621	250.781707169621	245.266536209716	258.441427865681
3	I2377	1	265.780006029852	262.688460431833	268.871551627871	-202.59529616427	-5.3416067811107	2	FALSE	263.776056417822	246.609056417822	246.091056829942	255.506037052739
3	I2378	3	328.040016946501	282.657663233363	373.422370659638	-202.59529616427	-14.8950071444084	2	FALSE	330.188922361289	256.958922361289	244.925006784698	258.550406219437
3	I2379	1	265.780006029852	262.688460431833	268.871551627871	-202.59529616427	-8.48333195354789	2	FALSE	265.290276018785	254.575276018785	248.007621276054	255.593777197646
3	I4199	2	276.715007517032	270.960652318874	282.46936271519	-202.59529616427	-7.6235124843174	2	FALSE	273.014561247676	257.404561247676	245.365291576766	258.655971865186
3	I1496	1	265.780006029852	262.688460431833	268.871551627871	-202.59529616427	-6.19807575600535	2	FALSE	265.508533883755	253.113533883755	247.126569350308	255.469122794575
3	I1882	2	276.715007517032	270.960652318874	282.46936271519	-202.59529616427	-7.59682057214616	2	FALSE	280.357401001109	251.020401001109	244.813519761166	257.984000388782
3	I3536	3	328.040016946501	282.657663233363	373.422370659638	-202.59529616427	-19.9006449244066	2	FALSE	436.070378285042	246.303378285042	245.074111627348	258.443993828758
3	I4196	2	276.715007517032	270.960652318874	282.46936271519	-202.59529616427	-7.24215199264676	2	FALSE	274.419714558314	256.901714558314	245.307943051947	258.636907379176
4	I2355	1	265.50855470228	262.396987746227	268.620121658333	-193.785367891409	-4.71651798789518	2	FALSE	265.782217078674	248.255217078674	245.120528898468	258.294385003059
4	I2357	2	276.477057451941	270.704427202551	282.249687701331	-193.785367891409	-7.50983365137526	2	FALSE	273.737906314455	252.186906314455	244.941887306049	258.375230864788
4	I1499	1	265.50855470228	262.396987746227	268.620121658333	-193.785367891409	-4.70839725454215	2	FALSE	265.498080495427	250.096080495427	248.974171994239	258.124570557431
4	NE3.SG	1	265.50855470228	262.396987746227	268.620121658333	-193.785367891409	-6.33515369221292	2	FALSE	265.872150084211	253.921150084211	249.012226752604	258.247231421287
4	I1498	2	276.477057451941	270.704427202551	282.249687701331	-193.785367891409	-7.06880824621135	2	FALSE	278.741291306231	251.748291306231	250.223107684026	258.527217750385
4	I1505	2	276.477057451941	270.704427202551	282.249687701331	-193.785367891409	-7.05782495087969	2	FALSE	274.255675764432	253.508675764432	248.514762044109	255.494666848177
4	I1506	2	276.477057451941	270.704427202551	282.249687701331	-193.785367891409	-13.6676856238206	2	FALSE	289.180406376847	253.731406376847	250.752804734736	258.871077360575
4	I3535	1	265.50855470228	262.396987746227	268.620121658333	-193.785367891409	-5.27933995704689	2	FALSE	266.38823492541	248.81023492541	248.192801016117	255.561355362401
4	I4188	1	265.50855470228	262.396987746227	268.620121658333	-193.785367891409	-5.99933395868687	2	FALSE	264.161898541283	251.028898541283	245.156799659266	258.587214346126
4	I4186	2	276.477057451941	270.704427202551	282.249687701331	-193.785367891409	-7.57127803166143	2	FALSE	276.84697983586	249.79497983586	244.8433283457	258.074520947079
4	I4187	3	322.115512394078	275.998698954723	368.232325833432	-193.785367891409	-9.13969661940757	2	FALSE	316.920665255133	253.607665255133	245.127685842453	258.499446068391
4	I2743	1	265.50855470228	262.396987746227	268.620121658333	-193.785367891409	-10.3918241106235	2	FALSE	267.786837426726	254.447837426726	245.093072919241	258.693764735029
4	I2744	2	276.477057451941	270.704427202551	282.249687701331	-193.785367891409	-8.82151245777961	2	FALSE	277.335876820466	256.589876820466	245.068537753707	258.591027714179
4	I2745	2	276.477057451941	270.704427202551	282.249687701331	-193.785367891409	-10.0764179886441	2	FALSE	284.197027611842	247.879027611842	244.816143804097	258.18865821888
4	I2375	1	265.50855470228	262.396987746227	268.620121658333	-193.785367891409	-6.46093868312676	2	FALSE	262.834753638683	252.132753638683	246.120701422083	258.651708665503
4	I2376	1	265.50855470228	262.396987746227	268.620121658333	-193.785367891409	-10.1242419977735	2	FALSE	270.626480627774	253.625480627774	245.199344134224	258.246615204428
4	I2377	1	265.50855470228	262.396987746227	268.620121658333	-193.785367891409	-5.61840677552661	2	FALSE	263.633537835742	246.466537835742	246.179253223428	255.50733567598
4	I2378	3	322.115512394078	275.998698954723	368.232325833432	-193.785367891409	-8.88302357292935	2	FALSE	326.755875162865	253.525875162865	245.058580990964	258.512393564368
4	I2379	1	265.50855470228	262.396987746227	268.620121658333	-193.785367891409	-7.56981892611294	2	FALSE	266.320741449648	255.605741449648	245.719607835568	255.571054427896
4	I4199	1	265.50855470228	262.396987746227	268.620121658333	-193.785367891409	-8.95053740941068	2	FALSE	261.045711811296	245.435711811296	245.042029558681	258.582539964533
4	I1496	1	265.50855470228	262.396987746227	268.620121658333	-193.785367891409	-9.41946383888192	2	FALSE	260.251261881451	247.856261881451	246.971703565957	255.619509158939
4	I1882	2	276.477057451941	270.704427202551	282.249687701331	-193.785367891409	-6.58124931835886	2	FALSE	277.367529803197	248.030529803197	244.986337751283	258.433961038494
4	I3536	4	446.129257907832	173.889446774597	718.369069041067	-193.785367891409	-14.3971078347391	2	FALSE	446.129257907832	256.362257907832	245.034186931027	258.487843271744
4	I4196	2	276.477057451941	270.704427202551	282.249687701331	-193.785367891409	-7.43695500376257	2	FALSE	273.645358311122	256.127358311122	245.16885525206	258.612064846758
