# CLUSTERING STRENGTH + LIKELIHOOD K SELECTION RESULTS (DATES)
# Recommended K: 4+
# Method: DATES
# Clustering strength threshold: 0.983
# Likelihood thresholds: k1 to k2(k=2):1.2 k1 to k2(k=3):2.59 k2 to k3:0.71 k3 to k4:0.49
#
model_k	pop	cluster	joint_date_est_best	joint_date_lowerci	joint_date_upperci	likelihood_mean	likelihood_per_ind	recommended_k	is_recommended	ind_date_est	sample_age_est_best	sample_age_lowerci_mean	sample_age_upperci_mean
1	I2353	1	264.434786297339	262.252671210787	266.616901383892	-1426.54849655902	-12.8178726085802	4+	FALSE	264.458156887998	226.948156887998	213.232888317725	229.992971628339
1	I2395	1	264.434786297339	262.252671210787	266.616901383892	-1426.54849655902	-19.1011330456876	4+	FALSE	293.212413584321	213.612413584321	212.737257017683	229.40052300307
1	I2783	1	264.434786297339	262.252671210787	266.616901383892	-1426.54849655902	-59.5847653347627	4+	FALSE	244.775286646822	219.464286646822	213.468541402945	220.601640633324
1	I2370	1	264.434786297339	262.252671210787	266.616901383892	-1426.54849655902	-40.5837784139385	4+	FALSE	235.038836626711	183.951836626711	177.159978286947	188.968519036286
1	I2371	1	264.434786297339	262.252671210787	266.616901383892	-1426.54849655902	-57.8315407019601	4+	FALSE	209.942568895994	187.176568895994	180.969093949173	189.527466827747
1	I2752	1	264.434786297339	262.252671210787	266.616901383892	-1426.54849655902	-11.4007720174065	4+	FALSE	254.108344873091	196.590344873091	174.812356915884	197.913632948881
1	I2753	1	264.434786297339	262.252671210787	266.616901383892	-1426.54849655902	-12.8169505324318	4+	FALSE	246.474421566168	185.707421566168	174.620938578689	188.474392255237
1	I2754	1	264.434786297339	262.252671210787	266.616901383892	-1426.54849655902	-17.5891653747278	4+	FALSE	305.78596099542	178.19796099542	178.023156772298	188.558439125549
1	I2785	1	264.434786297339	262.252671210787	266.616901383892	-1426.54849655902	-21.8561448944559	4+	FALSE	237.531161819847	196.484161819847	177.509201003288	197.941974598247
1	I2788	1	264.434786297339	262.252671210787	266.616901383892	-1426.54849655902	-24.4232011751826	4+	FALSE	246.320433359351	208.525433359351	200.413130977608	209.105631913039
1	I2789	1	264.434786297339	262.252671210787	266.616901383892	-1426.54849655902	-21.1489709347851	4+	FALSE	245.916325644201	201.634325644201	198.584645477698	205.216011340131
1	I1899	1	264.434786297339	262.252671210787	266.616901383892	-1426.54849655902	-16.2412488379473	4+	FALSE	250.580503702534	243.814503702534	227.898613975309	244.308966165408
1	I1900	1	264.434786297339	262.252671210787	266.616901383892	-1426.54849655902	-20.8675011210352	4+	FALSE	290.877044707874	235.632044707874	234.727415156634	240.754519040074
1	I1901	1	264.434786297339	262.252671210787	266.616901383892	-1426.54849655902	-57.0607824972592	4+	FALSE	257.46542353636	244.15742353636	238.689940278086	244.611801597888
1	I1906	1	264.434786297339	262.252671210787	266.616901383892	-1426.54849655902	-16.6433763079659	4+	FALSE	278.735660511915	224.590660511915	223.507380267672	242.374442648059
1	I1891	1	264.434786297339	262.252671210787	266.616901383892	-1426.54849655902	-15.9183952837179	4+	FALSE	265.647628813172	243.235628813172	242.848497863708	254.676656572116
1	I1893	1	264.434786297339	262.252671210787	266.616901383892	-1426.54849655902	-67.0191445438382	4+	FALSE	353.431800297226	244.960800297226	242.814643885151	249.026347264632
1	I0449	1	264.434786297339	262.252671210787	266.616901383892	-1426.54849655902	-11.9819831701703	4+	FALSE	267.583547578172	242.703547578172	230.854259199883	247.619106936639
1	I2358	1	264.434786297339	262.252671210787	266.616901383892	-1426.54849655902	-13.6423736915219	4+	FALSE	276.792514540994	237.400514540994	230.651117813042	247.031582810866
1	I2387	1	264.434786297339	262.252671210787	266.616901383892	-1426.54849655902	-20.209193868701	4+	FALSE	262.217550582826	238.422550582826	231.860319457857	247.646002291835
1	I2746	1	264.434786297339	262.252671210787	266.616901383892	-1426.54849655902	-18.7173699913464	4+	FALSE	259.324443714289	239.465443714289	230.830701822249	247.642878011539
1	I2355	1	264.434786297339	262.252671210787	266.616901383892	-1426.54849655902	-61.1817318453167	4+	FALSE	268.058708302774	250.531708302774	244.963546925989	255.986728815478
1	I2357	1	264.434786297339	262.252671210787	266.616901383892	-1426.54849655902	-22.263517181697	4+	FALSE	266.389447566144	244.838447566144	244.872231946709	256.705956920299
1	I1499	1	264.434786297339	262.252671210787	266.616901383892	-1426.54849655902	-59.579269111774	4+	FALSE	265.744931439152	250.342931439152	248.910583606796	257.260602511166
1	NE3.SG	1	264.434786297339	262.252671210787	266.616901383892	-1426.54849655902	-20.9841953949221	4+	FALSE	262.59743679521	250.64643679521	249.044082968329	258.124362329438
1	I1498	1	264.434786297339	262.252671210787	266.616901383892	-1426.54849655902	-26.3816874729095	4+	FALSE	278.833643366009	251.840643366009	250.030706656065	258.036330296211
1	I1505	1	264.434786297339	262.252671210787	266.616901383892	-1426.54849655902	-23.5753612417626	4+	FALSE	270.195394659824	249.448394659824	248.461294603268	255.414031734409
1	I1506	1	264.434786297339	262.252671210787	266.616901383892	-1426.54849655902	-17.8186495048415	4+	FALSE	291.548236698039	256.099236698039	250.665246957797	258.813557946805
1	I3535	1	264.434786297339	262.252671210787	266.616901383892	-1426.54849655902	-75.6401949696497	4+	FALSE	266.468401293025	248.890401293025	248.22198801834	254.603655797783
1	I4188	1	264.434786297339	262.252671210787	266.616901383892	-1426.54849655902	-24.8768439872203	4+	FALSE	264.556072429107	251.423072429107	245.103249423555	258.072285385237
1	I4186	1	264.434786297339	262.252671210787	266.616901383892	-1426.54849655902	-41.760785646055	4+	FALSE	272.526783045107	245.474783045107	244.750435294866	252.934380015192
1	I4187	1	264.434786297339	262.252671210787	266.616901383892	-1426.54849655902	-23.1353439954087	4+	FALSE	316.138787886312	252.825787886312	245.009439712157	258.37419158779
1	I2743	1	264.434786297339	262.252671210787	266.616901383892	-1426.54849655902	-10.3204684998369	4+	FALSE	265.298574309044	251.959574309044	245.153249649697	258.475716364669
1	I2744	1	264.434786297339	262.252671210787	266.616901383892	-1426.54849655902	-9.46558299089948	4+	FALSE	265.648098082405	244.902098082405	244.950705574759	258.354540654774
1	I2745	1	264.434786297339	262.252671210787	266.616901383892	-1426.54849655902	-20.0821737158401	4+	FALSE	281.501988840186	245.183988840186	244.777725310913	257.963201055286
1	I2375	1	264.434786297339	262.252671210787	266.616901383892	-1426.54849655902	-31.7698042111232	4+	FALSE	266.738032729649	256.036032729649	245.798845831138	258.5548151109
1	I2376	1	264.434786297339	262.252671210787	266.616901383892	-1426.54849655902	-35.3595589689057	4+	FALSE	264.452896227098	247.451896227098	244.921693439579	257.80498033564
1	I2377	1	264.434786297339	262.252671210787	266.616901383892	-1426.54849655902	-47.205268452559	4+	FALSE	265.961613810689	248.794613810689	246.150811758821	255.048632684006
1	I2378	1	264.434786297339	262.252671210787	266.616901383892	-1426.54849655902	-26.7770301142063	4+	FALSE	321.028508708365	247.798508708365	244.835161075794	258.466021543634
1	I2379	1	264.434786297339	262.252671210787	266.616901383892	-1426.54849655902	-129.634165288296	4+	FALSE	263.755599244231	253.040599244231	248.520520252632	255.571552327933
1	I4199	1	264.434786297339	262.252671210787	266.616901383892	-1426.54849655902	-16.0571167721749	4+	FALSE	262.120766237043	246.510766237043	244.975194215076	258.229999207625
1	I7042	1	264.434786297339	262.252671210787	266.616901383892	-1426.54849655902	-55.4582696405155	4+	FALSE	254.230395753172	219.149395753172	215.015890263958	220.994564279648
1	I1496	1	264.434786297339	262.252671210787	266.616901383892	-1426.54849655902	-24.0061487391005	4+	FALSE	266.672791021325	254.277791021325	247.000890853662	255.507283684034
1	I1882	1	264.434786297339	262.252671210787	266.616901383892	-1426.54849655902	-24.5287165623548	4+	FALSE	275.000737166407	245.663737166407	244.803010506023	255.899293891935
1	I3536	1	264.434786297339	262.252671210787	266.616901383892	-1426.54849655902	-29.0736733557952	4+	FALSE	442.466105424939	252.699105424939	245.012766633715	258.637224771165
1	I4196	1	264.434786297339	262.252671210787	266.616901383892	-1426.54849655902	-12.1572745484378	4+	FALSE	264.449353384363	246.931353384363	245.001591321779	258.195756752725
2	I2353	1	263.55346799101	261.324569526162	265.782366455857	-752.314485237831	-7.66713580322019	4+	FALSE	259.999819693146	222.489819693146	213.703634832616	229.862083035654
2	I2395	2	305.173283960328	286.873403914608	323.473164006049	-752.314485237831	-17.8448645466891	4+	FALSE	294.876616839193	215.276616839193	212.954851199798	230.079580427264
2	I2783	1	263.55346799101	261.324569526162	265.782366455857	-752.314485237831	-38.4166822325	4+	FALSE	245.898900741741	220.587900741741	213.940335869349	220.570807581202
2	I2370	1	263.55346799101	261.324569526162	265.782366455857	-752.314485237831	-28.2773471840771	4+	FALSE	239.715790070902	188.628790070902	176.385868618837	188.958541414967
2	I2371	1	263.55346799101	261.324569526162	265.782366455857	-752.314485237831	-54.1378745611088	4+	FALSE	212.185242370258	189.419242370258	181.341822188253	189.601507668067
2	I2752	1	263.55346799101	261.324569526162	265.782366455857	-752.314485237831	-16.3667800776775	4+	FALSE	246.079625895506	188.561625895506	174.52997257829	197.425853380368
2	I2753	1	263.55346799101	261.324569526162	265.782366455857	-752.314485237831	-15.3168855194757	4+	FALSE	248.166914403279	187.399914403279	175.048483104103	188.502749660451
2	I2754	2	305.173283960328	286.873403914608	323.473164006049	-752.314485237831	-13.0690016095109	4+	FALSE	310.702877008584	183.114877008584	178.001211752781	188.503570621717
2	I2785	1	263.55346799101	261.324569526162	265.782366455857	-752.314485237831	-24.5826313513083	4+	FALSE	235.366217343582	194.319217343582	179.427679150415	197.998521656597
2	I2788	1	263.55346799101	261.324569526162	265.782366455857	-752.314485237831	-22.4438995953901	4+	FALSE	244.76884340331	206.97384340331	200.55617196854	209.193516088101
2	I2789	1	263.55346799101	261.324569526162	265.782366455857	-752.314485237831	-16.7361161850607	4+	FALSE	247.676862670185	203.394862670185	198.369940104229	205.229782404578
2	I1899	1	263.55346799101	261.324569526162	265.782366455857	-752.314485237831	-18.5526004079651	4+	FALSE	246.050097955429	239.284097955429	226.891805300464	244.445645599626
2	I1900	2	305.173283960328	286.873403914608	323.473164006049	-752.314485237831	-24.0680140790679	4+	FALSE	292.255148702372	237.010148702372	234.806627318363	240.846754025851
2	I1901	1	263.55346799101	261.324569526162	265.782366455857	-752.314485237831	-16.2399413895329	4+	FALSE	257.828401798322	244.520401798322	237.92477766239	244.628424688043
2	I1906	1	263.55346799101	261.324569526162	265.782366455857	-752.314485237831	-16.3603169924091	4+	FALSE	279.0476986155	224.9026986155	223.65927348192	243.741513955008
2	I1891	1	263.55346799101	261.324569526162	265.782366455857	-752.314485237831	-7.65476325705839	4+	FALSE	267.532330235921	245.120330235921	242.834206649595	254.786198215196
2	I1893	2	305.173283960328	286.873403914608	323.473164006049	-752.314485237831	-29.1851605396778	4+	FALSE	352.470416382584	243.999416382584	242.791754122011	249.224942418149
2	I0449	1	263.55346799101	261.324569526162	265.782366455857	-752.314485237831	-9.25898055721456	4+	FALSE	257.300248176537	232.420248176537	231.217299277549	247.678057849407
2	I2358	1	263.55346799101	261.324569526162	265.782366455857	-752.314485237831	-14.2004026461191	4+	FALSE	277.273265515794	237.881265515794	230.540476042682	247.415823348066
2	I2387	1	263.55346799101	261.324569526162	265.782366455857	-752.314485237831	-6.67889931136099	4+	FALSE	265.745886458757	241.950886458757	231.535813348247	247.296277306409
2	I2746	2	305.173283960328	286.873403914608	323.473164006049	-752.314485237831	-16.630440916363	4+	FALSE	263.603777666871	243.744777666871	230.888911910422	247.892935828506
2	I2355	1	263.55346799101	261.324569526162	265.782366455857	-752.314485237831	-9.74544681266462	4+	FALSE	264.064374818165	246.537374818165	244.82446449235	254.843655372637
2	I2357	1	263.55346799101	261.324569526162	265.782366455857	-752.314485237831	-9.03078328247995	4+	FALSE	268.496372756038	246.945372756038	244.811681029387	256.650402786077
2	I1499	1	263.55346799101	261.324569526162	265.782366455857	-752.314485237831	-13.6460292792484	4+	FALSE	266.926075429812	251.524075429812	248.885282553533	256.376504832063
2	NE3.SG	1	263.55346799101	261.324569526162	265.782366455857	-752.314485237831	-6.18192461526355	4+	FALSE	263.893555317755	251.942555317755	249.027228193011	258.120067456184
2	I1498	1	263.55346799101	261.324569526162	265.782366455857	-752.314485237831	-19.6202106782004	4+	FALSE	277.87695778207	250.88395778207	250.009860929283	258.116156327878
2	I1505	1	263.55346799101	261.324569526162	265.782366455857	-752.314485237831	-11.9693079363797	4+	FALSE	270.942254542849	250.195254542849	248.36812870365	255.209505865044
2	I1506	2	305.173283960328	286.873403914608	323.473164006049	-752.314485237831	-18.1414608816146	4+	FALSE	292.540862528352	257.091862528352	250.722056856515	258.999238187164
2	I3535	1	263.55346799101	261.324569526162	265.782366455857	-752.314485237831	-19.110709602337	4+	FALSE	267.689925812438	250.111925812438	248.253757539114	254.53690134847
2	I4188	1	263.55346799101	261.324569526162	265.782366455857	-752.314485237831	-6.7312190884187	4+	FALSE	261.680593437667	248.547593437667	245.088215941879	258.406452215941
2	I4186	1	263.55346799101	261.324569526162	265.782366455857	-752.314485237831	-18.0643187966105	4+	FALSE	271.784801303533	244.732801303533	244.743488090379	252.030290909627
2	I4187	2	305.173283960328	286.873403914608	323.473164006049	-752.314485237831	-11.809023617549	4+	FALSE	308.251205747998	244.938205747998	245.063344221728	258.530004818125
2	I2743	1	263.55346799101	261.324569526162	265.782366455857	-752.314485237831	-10.2479112468005	4+	FALSE	271.175852954434	257.836852954434	245.080814501686	258.549656170653
2	I2744	1	263.55346799101	261.324569526162	265.782366455857	-752.314485237831	-9.26779436878876	4+	FALSE	265.527890015916	244.781890015916	244.965274854829	258.523916469753
2	I2745	1	263.55346799101	261.324569526162	265.782366455857	-752.314485237831	-20.3829983173272	4+	FALSE	282.268543943659	245.950543943659	244.78035849253	258.383040635048
2	I2375	1	263.55346799101	261.324569526162	265.782366455857	-752.314485237831	-6.71837965758485	4+	FALSE	262.81705619809	252.11505619809	245.096070216303	258.615403707039
2	I2376	1	263.55346799101	261.324569526162	265.782366455857	-752.314485237831	-15.1162883520279	4+	FALSE	269.987963924818	252.986963924818	244.832768677068	255.930439580531
2	I2377	1	263.55346799101	261.324569526162	265.782366455857	-752.314485237831	-8.32013502333114	4+	FALSE	263.1564621862	245.9894621862	246.081285179576	254.92359915925
2	I2378	2	305.173283960328	286.873403914608	323.473164006049	-752.314485237831	-14.2336518472493	4+	FALSE	326.930849237585	253.700849237585	244.965148632182	258.441068621468
2	I2379	1	263.55346799101	261.324569526162	265.782366455857	-752.314485237831	-23.8055152224619	4+	FALSE	261.702064851714	250.987064851714	247.825525541906	255.40016533752
2	I4199	1	263.55346799101	261.324569526162	265.782366455857	-752.314485237831	-6.42282011583404	4+	FALSE	263.417459430104	247.807459430104	244.951879521915	258.281772580396
2	I7042	1	263.55346799101	261.324569526162	265.782366455857	-752.314485237831	-23.5008385967945	4+	FALSE	254.346494495289	219.265494495289	215.476169709676	221.017692299252
2	I1496	1	263.55346799101	261.324569526162	265.782366455857	-752.314485237831	-7.1948488031696	4+	FALSE	266.353455606156	253.958455606156	246.943830554675	255.425475991039
2	I1882	1	263.55346799101	261.324569526162	265.782366455857	-752.314485237831	-17.7374739298552	4+	FALSE	275.552849007214	246.215849007214	244.799613955963	256.442571082152
2	I3536	2	305.173283960328	286.873403914608	323.473164006049	-752.314485237831	-22.6694466187245	4+	FALSE	440.222190174813	250.455190174814	244.831398792116	258.544257443531
2	I4196	1	263.55346799101	261.324569526162	265.782366455857	-752.314485237831	-8.95720978432858	4+	FALSE	269.410416318878	251.892416318878	245.040762993241	258.688086547356
3	I2353	2	266.666017226591	264.315724190078	269.016310263104	-601.038972673478	-9.09400678548807	4+	FALSE	260.970913496092	223.460913496092	213.033257140134	229.511496121995
3	I2395	3	313.240072193529	291.542596368209	334.93754801885	-601.038972673478	-19.4404621390484	4+	FALSE	303.772640198542	224.172640198542	212.974800380679	230.122573517084
3	I2783	1	239.252633322732	231.091023621476	247.414243023988	-601.038972673478	-11.7338536868744	4+	FALSE	236.976588548074	211.665588548074	211.487927748372	220.476024831455
3	I2370	1	239.252633322732	231.091023621476	247.414243023988	-601.038972673478	-7.62481728728994	4+	FALSE	237.19359343277	186.10659343277	175.402934297091	188.71236336657
3	I2371	1	239.252633322732	231.091023621476	247.414243023988	-601.038972673478	-21.9085491246753	4+	FALSE	211.382145537185	188.616145537185	180.856970541325	189.559192502754
3	I2752	1	239.252633322732	231.091023621476	247.414243023988	-601.038972673478	-8.93293199389212	4+	FALSE	234.339154717306	176.821154717306	172.373948732222	197.659357099994
3	I2753	1	239.252633322732	231.091023621476	247.414243023988	-601.038972673478	-11.573014677548	4+	FALSE	243.340549328314	182.573549328314	174.587701517848	188.333664009638
3	I2754	3	313.240072193529	291.542596368209	334.93754801885	-601.038972673478	-12.9139764596931	4+	FALSE	311.855750116265	184.267750116265	178.111579522083	188.549898112797
3	I2785	1	239.252633322732	231.091023621476	247.414243023988	-601.038972673478	-8.96022736673817	4+	FALSE	238.438435452405	197.391435452405	173.357958363236	197.951814132778
3	I2788	1	239.252633322732	231.091023621476	247.414243023988	-601.038972673478	-8.89554242527345	4+	FALSE	245.166103283284	207.371103283284	200.003535932312	209.147275261431
3	I2789	1	239.252633322732	231.091023621476	247.414243023988	-601.038972673478	-10.5598911943294	4+	FALSE	248.852789773217	204.570789773217	198.399714547351	205.171458691849
3	I1899	1	239.252633322732	231.091023621476	247.414243023988	-601.038972673478	-9.94453134238953	4+	FALSE	247.807917704777	241.041917704777	223.661754043798	244.348448980599
3	I1900	2	266.666017226591	264.315724190078	269.016310263104	-601.038972673478	-20.8070933582014	4+	FALSE	289.9737316858	234.7287316858	234.821402255296	240.821161684863
3	I1901	2	266.666017226591	264.315724190078	269.016310263104	-601.038972673478	-31.8869770610664	4+	FALSE	256.562594531442	243.254594531442	224.555823341237	244.314696633124
3	I1906	2	266.666017226591	264.315724190078	269.016310263104	-601.038972673478	-28.4995883260038	4+	FALSE	290.959079613292	236.814079613292	223.360443823705	241.940518219157
3	I1891	2	266.666017226591	264.315724190078	269.016310263104	-601.038972673478	-6.6175963973256	4+	FALSE	265.156407938643	242.744407938643	242.853703606856	255.006827918148
3	I1893	3	313.240072193529	291.542596368209	334.93754801885	-601.038972673478	-25.9113866373485	4+	FALSE	353.844592471937	245.373592471937	242.848863380921	249.206838469185
3	I0449	2	266.666017226591	264.315724190078	269.016310263104	-601.038972673478	-7.89962732512356	4+	FALSE	268.213243251047	243.333243251047	230.79632733591	247.799409746222
3	I2358	2	266.666017226591	264.315724190078	269.016310263104	-601.038972673478	-16.2858237604369	4+	FALSE	282.126192768278	242.734192768278	230.691568367183	247.434109431821
3	I2387	2	266.666017226591	264.315724190078	269.016310263104	-601.038972673478	-6.34004806453153	4+	FALSE	268.608140009397	244.813140009397	230.744070262881	247.785751406004
3	I2746	3	313.240072193529	291.542596368209	334.93754801885	-601.038972673478	-17.4186873786322	4+	FALSE	251.514766844051	231.655766844051	230.89038328804	247.910904963335
3	I2355	2	266.666017226591	264.315724190078	269.016310263104	-601.038972673478	-8.50231007538206	4+	FALSE	268.482343512552	250.955343512552	245.561533695436	257.329156573146
3	I2357	2	266.666017226591	264.315724190078	269.016310263104	-601.038972673478	-7.79964040702565	4+	FALSE	270.790851225034	249.239851225034	245.088165722388	257.878438113922
3	I1499	2	266.666017226591	264.315724190078	269.016310263104	-601.038972673478	-7.69808958347439	4+	FALSE	267.064277617068	251.662277617068	249.184084245239	258.097932704125
3	NE3.SG	2	266.666017226591	264.315724190078	269.016310263104	-601.038972673478	-8.9913154469656	4+	FALSE	261.338163849331	249.387163849331	249.063574317506	258.074052998771
3	I1498	2	266.666017226591	264.315724190078	269.016310263104	-601.038972673478	-16.9232262164425	4+	FALSE	279.255801472447	252.262801472447	249.986855418216	258.308608390771
3	I1505	2	266.666017226591	264.315724190078	269.016310263104	-601.038972673478	-11.1518475563404	4+	FALSE	273.686356386013	252.939356386013	248.534178159341	255.470632679209
3	I1506	3	313.240072193529	291.542596368209	334.93754801885	-601.038972673478	-22.0164116945248	4+	FALSE	294.541549105141	259.092549105141	250.733562582838	258.973960237444
3	I3535	2	266.666017226591	264.315724190078	269.016310263104	-601.038972673478	-10.1243712423853	4+	FALSE	268.203175136807	250.625175136807	248.280895084642	255.450696031035
3	I4188	2	266.666017226591	264.315724190078	269.016310263104	-601.038972673478	-6.19403562212214	4+	FALSE	268.555404152341	255.422404152341	245.080961227151	258.658255150741
3	I4186	2	266.666017226591	264.315724190078	269.016310263104	-601.038972673478	-11.2300513646465	4+	FALSE	272.364759100592	245.312759100592	244.728894335317	255.471216520776
3	I4187	3	313.240072193529	291.542596368209	334.93754801885	-601.038972673478	-12.1928552428109	4+	FALSE	311.514220063492	248.201220063492	244.953199382871	258.226362945778
3	I2743	2	266.666017226591	264.315724190078	269.016310263104	-601.038972673478	-8.9360919368929	4+	FALSE	263.864643899371	250.525643899371	245.037536602467	258.47891759726
3	I2744	2	266.666017226591	264.315724190078	269.016310263104	-601.038972673478	-12.0527947416968	4+	FALSE	275.727614246831	254.981614246831	245.063166235257	258.598768511521
3	I2745	2	266.666017226591	264.315724190078	269.016310263104	-601.038972673478	-17.582725630496	4+	FALSE	282.538248445336	246.220248445336	244.789724784038	257.75233997032
3	I2375	2	266.666017226591	264.315724190078	269.016310263104	-601.038972673478	-5.74651989432704	4+	FALSE	266.579535623897	255.877535623897	246.036175069665	258.593519584142
3	I2376	2	266.666017226591	264.315724190078	269.016310263104	-601.038972673478	-8.40193017850337	4+	FALSE	263.0896519369	246.0886519369	245.159603219612	258.370400798906
3	I2377	2	266.666017226591	264.315724190078	269.016310263104	-601.038972673478	-7.41174281093899	4+	FALSE	264.879152095877	247.712152095877	246.23190642189	255.430682743442
3	I2378	3	313.240072193529	291.542596368209	334.93754801885	-601.038972673478	-12.6987923003083	4+	FALSE	320.430809715182	247.200809715182	244.919731507876	258.549876883376
3	I2379	2	266.666017226591	264.315724190078	269.016310263104	-601.038972673478	-16.6856676995386	4+	FALSE	265.613667489544	254.898667489544	250.782736638827	255.644987119844
3	I4199	2	266.666017226591	264.315724190078	269.016310263104	-601.038972673478	-6.4957125837137	4+	FALSE	267.267439492243	251.657439492243	244.863880778763	258.484117836425
3	I7042	2	266.666017226591	264.315724190078	269.016310263104	-601.038972673478	-29.3214761488152	4+	FALSE	255.693660384496	220.612660384496	214.224539049568	220.745677759053
3	I1496	2	266.666017226591	264.315724190078	269.016310263104	-601.038972673478	-7.14396098241379	4+	FALSE	263.340488531392	250.945488531392	247.095287315365	255.60140738879
3	I1882	2	266.666017226591	264.315724190078	269.016310263104	-601.038972673478	-11.991103325137	4+	FALSE	275.059970745659	245.722970745659	244.797885603122	256.479677688081
3	I3536	3	313.240072193529	291.542596368209	334.93754801885	-601.038972673478	-22.4359003663922	4+	FALSE	447.9928915828	258.2258915828	245.18271777729	258.365020100526
3	I4196	2	266.666017226591	264.315724190078	269.016310263104	-601.038972673478	-8.06176683027386	4+	FALSE	270.006225542142	252.488225542142	245.257001894476	258.515402395278
4	I2353	2	264.197143830785	261.3172492396	267.07703842197	-507.789873298591	-10.2746462978605	4+	TRUE	259.726497260212	222.216497260212	212.82424280237	229.791907005503
4	I2395	3	277.170784082453	272.502367771296	281.839200393611	-507.789873298591	-19.2927428376326	4+	TRUE	303.241340040402	223.641340040402	212.894207990861	229.845010810199
4	I2783	1	237.212956786804	229.061111311801	245.364802261807	-507.789873298591	-12.7052729353674	4+	TRUE	241.030400807533	215.719400807533	211.470496468702	220.456486241094
4	I2370	1	237.212956786804	229.061111311801	245.364802261807	-507.789873298591	-11.7660812709576	4+	TRUE	226.18091243177	175.09391243177	174.984815520261	188.936550959551
4	I2371	1	237.212956786804	229.061111311801	245.364802261807	-507.789873298591	-28.2315794435568	4+	TRUE	203.116176094366	180.350176094366	180.629100890431	189.515250020959
4	I2752	1	237.212956786804	229.061111311801	245.364802261807	-507.789873298591	-8.44030406707711	4+	TRUE	236.508735115699	178.990735115699	172.065009564799	197.642386677243
4	I2753	1	237.212956786804	229.061111311801	245.364802261807	-507.789873298591	-12.0441751561935	4+	TRUE	245.400617656804	184.633617656804	174.612546691764	188.259072602028
4	I2754	4	335.135308684273	302.613419420374	367.657197948172	-507.789873298591	-13.3652161788709	4+	TRUE	311.99865887869	184.41065887869	177.939321677081	188.535639149077
4	I2785	1	237.212956786804	229.061111311801	245.364802261807	-507.789873298591	-9.42256039732077	4+	TRUE	232.016759049975	190.969759049975	173.445698088627	197.919423862342
4	I2788	1	237.212956786804	229.061111311801	245.364802261807	-507.789873298591	-9.35308285513454	4+	TRUE	243.99272350512	206.19772350512	199.976279823594	208.945111967889
4	I2789	1	237.212956786804	229.061111311801	245.364802261807	-507.789873298591	-11.2252017493472	4+	TRUE	247.816802308838	203.534802308838	198.509637535816	205.15665792461
4	I1899	1	237.212956786804	229.061111311801	245.364802261807	-507.789873298591	-7.60054642733758	4+	TRUE	235.761388761229	228.995388761229	223.756890703226	244.298476912081
4	I1900	3	277.170784082453	272.502367771296	281.839200393611	-507.789873298591	-14.0178001780568	4+	TRUE	292.724070573729	237.479070573729	234.777204544325	240.756455841724
4	I1901	2	264.197143830785	261.3172492396	267.07703842197	-507.789873298591	-14.271058995478	4+	TRUE	257.943045493487	244.635045493487	224.453987943125	244.63189211674
4	I1906	3	277.170784082453	272.502367771296	281.839200393611	-507.789873298591	-13.9356506486368	4+	TRUE	290.795999743558	236.650999743558	223.715765336861	242.20658646331
4	I1891	3	277.170784082453	272.502367771296	281.839200393611	-507.789873298591	-8.69021743949674	4+	TRUE	272.378415427076	249.966415427076	242.888159606489	255.228365086319
4	I1893	4	335.135308684273	302.613419420374	367.657197948172	-507.789873298591	-20.6566405464263	4+	TRUE	356.056061030495	247.585061030495	242.85992857708	249.129497604432
4	I0449	3	277.170784082453	272.502367771296	281.839200393611	-507.789873298591	-9.01322234266193	4+	TRUE	270.802962226074	245.922962226074	231.071867000511	247.908247396533
4	I2358	3	277.170784082453	272.502367771296	281.839200393611	-507.789873298591	-9.18738294767613	4+	TRUE	271.583702485683	232.191702485683	230.616625556806	247.798041620055
4	I2387	2	264.197143830785	261.3172492396	267.07703842197	-507.789873298591	-11.6117651937071	4+	TRUE	271.086119176329	247.291119176329	231.271328166622	247.944257718544
4	I2746	4	335.135308684273	302.613419420374	367.657197948172	-507.789873298591	-17.5242331573404	4+	TRUE	263.887487236106	244.028487236106	230.602835813937	247.740113617121
4	I2355	2	264.197143830785	261.3172492396	267.07703842197	-507.789873298591	-4.4967013323708	4+	TRUE	264.332719841671	246.805719841671	244.920882941889	258.420959786911
4	I2357	3	277.170784082453	272.502367771296	281.839200393611	-507.789873298591	-7.70660427451938	4+	TRUE	277.19646625662	255.64546625662	245.126356411742	258.461434124702
4	I1499	2	264.197143830785	261.3172492396	267.07703842197	-507.789873298591	-5.8789169329026	4+	TRUE	266.246039694015	250.844039694015	248.89323867982	257.694507553192
4	NE3.SG	2	264.197143830785	261.3172492396	267.07703842197	-507.789873298591	-7.17622215847513	4+	TRUE	266.707654097224	254.756654097224	249.007670724773	258.138725439143
4	I1498	3	277.170784082453	272.502367771296	281.839200393611	-507.789873298591	-6.90562339753834	4+	TRUE	278.308409651342	251.315409651342	250.064910074962	258.517157725109
4	I1505	3	277.170784082453	272.502367771296	281.839200393611	-507.789873298591	-7.48573861796784	4+	TRUE	276.259817855143	255.512817855143	248.486783912589	255.552322503446
4	I1506	3	277.170784082453	272.502367771296	281.839200393611	-507.789873298591	-13.2868447658017	4+	TRUE	289.744912868709	254.295912868709	250.736581935048	258.968547276873
4	I3535	2	264.197143830785	261.3172492396	267.07703842197	-507.789873298591	-7.9187412033703	4+	TRUE	266.949903373161	249.371903373162	248.184596673253	255.506138777735
4	I4188	2	264.197143830785	261.3172492396	267.07703842197	-507.789873298591	-6.01991417635348	4+	TRUE	265.515509686452	252.382509686452	245.129219617894	258.53117197095
4	I4186	3	277.170784082453	272.502367771296	281.839200393611	-507.789873298591	-9.9200480566872	4+	TRUE	275.990475821965	248.938475821965	244.975541685042	257.888552865811
4	I4187	4	335.135308684273	302.613419420374	367.657197948172	-507.789873298591	-14.7182078498213	4+	TRUE	320.585146901648	257.272146901648	245.066881539034	258.465095722682
4	I2743	3	277.170784082453	272.502367771296	281.839200393611	-507.789873298591	-8.48670915385861	4+	TRUE	272.123228496785	258.784228496785	245.262245794043	258.424694580026
4	I2744	3	277.170784082453	272.502367771296	281.839200393611	-507.789873298591	-8.44032624243532	4+	TRUE	276.360985622066	255.614985622066	245.009357589297	258.68316820623
4	I2745	3	277.170784082453	272.502367771296	281.839200393611	-507.789873298591	-9.81838930158643	4+	TRUE	284.992072571365	248.674072571365	244.844343948976	258.040061425417
4	I2375	2	264.197143830785	261.3172492396	267.07703842197	-507.789873298591	-8.57146657526812	4+	TRUE	259.716102075515	249.014102075515	245.339229606491	258.426951054882
4	I2376	2	264.197143830785	261.3172492396	267.07703842197	-507.789873298591	-5.19489460211341	4+	TRUE	265.506210058231	248.505210058231	245.27002948619	258.658292991957
4	I2377	2	264.197143830785	261.3172492396	267.07703842197	-507.789873298591	-5.6806571153071	4+	TRUE	266.330914351375	249.163914351375	246.156023006198	255.493970482743
4	I2378	4	335.135308684273	302.613419420374	367.657197948172	-507.789873298591	-14.9500911713543	4+	TRUE	324.413104561642	251.183104561642	245.242203456083	258.675668513086
4	I2379	2	264.197143830785	261.3172492396	267.07703842197	-507.789873298591	-7.54678075881635	4+	TRUE	264.161037716032	253.446037716032	245.651529948825	255.581356491385
4	I4199	3	277.170784082453	272.502367771296	281.839200393611	-507.789873298591	-9.30668070741667	4+	TRUE	271.573192959981	255.963192959981	245.10922911369	258.61893840658
4	I7042	2	264.197143830785	261.3172492396	267.07703842197	-507.789873298591	-19.661216667836	4+	TRUE	255.478328091186	220.397328091186	214.439929623472	220.911389883873
4	I1496	2	264.197143830785	261.3172492396	267.07703842197	-507.789873298591	-7.95825894558603	4+	TRUE	268.13415986044	255.73915986044	246.870043884672	255.45012169746
4	I1882	3	277.170784082453	272.502367771296	281.839200393611	-507.789873298591	-10.0848077003328	4+	TRUE	283.562388748039	254.225388748039	245.263456208964	258.246281254105
4	I3536	4	335.135308684273	302.613419420374	367.657197948172	-507.789873298591	-20.0674969612319	4+	TRUE	440.213407826218	250.446407826218	244.897292793861	258.641878709562
4	I4196	3	277.170784082453	272.502367771296	281.839200393611	-507.789873298591	-7.87915356350338	4+	TRUE	272.969414577796	255.451414577796	245.020962528485	258.461385868888
