# CLUSTERING STRENGTH + LIKELIHOOD K SELECTION RESULTS (DATES)
# Recommended K: 1
# Method: DATES
# Clustering strength threshold: 0.983
# Likelihood thresholds: k1 to k2(k=2):1.2 k1 to k2(k=3):2.59 k2 to k3:0.71 k3 to k4:0.49
#
model_k	pop	cluster	joint_date_est_best	joint_date_lowerci	joint_date_upperci	likelihood_mean	likelihood_per_ind	recommended_k	is_recommended	ind_date_est	sample_age_est_best	sample_age_lowerci_mean	sample_age_upperci_mean
1	I2353	1	264.217471879744	262.082887921322	266.352055838167	-828.483900710494	-8.55913935156127	1	TRUE	259.04467788677	221.53467788677	213.740156796121	229.976552380686
1	I2395	1	264.217471879744	262.082887921322	266.352055838167	-828.483900710494	-20.236464955984	1	TRUE	292.437640630148	212.837640630148	212.712925593535	229.222143023279
1	I2783	1	264.217471879744	262.082887921322	266.352055838167	-828.483900710494	-44.7615851640491	1	TRUE	245.135716650781	219.824716650781	213.860761612437	220.5489908365
1	I2370	1	264.217471879744	262.082887921322	266.352055838167	-828.483900710494	-29.6095326293735	1	TRUE	239.338859396497	188.251859396497	176.759885133427	188.952775871192
1	I2371	1	264.217471879744	262.082887921322	266.352055838167	-828.483900710494	-56.7440665856792	1	TRUE	210.725856149507	187.959856149507	180.815003244118	189.587208720902
1	I2752	1	264.217471879744	262.082887921322	266.352055838167	-828.483900710494	-12.0725145600235	1	TRUE	252.327675458237	194.809675458237	174.342029080331	197.840043953121
1	I2753	1	264.217471879744	262.082887921322	266.352055838167	-828.483900710494	-14.1737307920275	1	TRUE	248.022415028094	187.255415028094	174.765305726396	188.428279947073
1	I2785	1	264.217471879744	262.082887921322	266.352055838167	-828.483900710494	-21.3724766221329	1	TRUE	238.363046607115	197.316046607115	176.747343071474	197.894499899537
1	I2788	1	264.217471879744	262.082887921322	266.352055838167	-828.483900710494	-19.7286420579941	1	TRUE	247.048377576741	209.253377576741	200.276906039686	209.152256583828
1	I2789	1	264.217471879744	262.082887921322	266.352055838167	-828.483900710494	-15.7088568455568	1	TRUE	248.835793447225	204.553793447225	198.527788360329	205.188267490095
1	I1495	1	264.217471879744	262.082887921322	266.352055838167	-828.483900710494	-6.91675283383804	1	TRUE	263.535781360369	228.870781360369	225.251291615726	230.082008246449
1	I1899	1	264.217471879744	262.082887921322	266.352055838167	-828.483900710494	-22.2672050399178	1	TRUE	243.369270477748	236.603270477748	227.248897311677	244.408771018165
1	I1900	1	264.217471879744	262.082887921322	266.352055838167	-828.483900710494	-24.7870377801868	1	TRUE	294.151483902463	238.906483902463	234.740041579797	240.640066532529
1	I1901	1	264.217471879744	262.082887921322	266.352055838167	-828.483900710494	-29.0355892815984	1	TRUE	255.782635600644	242.474635600644	237.789541117049	244.612802357213
1	I1906	1	264.217471879744	262.082887921322	266.352055838167	-828.483900710494	-16.0172179249102	1	TRUE	279.880627651947	225.735627651947	223.466236792904	240.310368057107
1	I1891	1	264.217471879744	262.082887921322	266.352055838167	-828.483900710494	-9.3354538404049	1	TRUE	269.786249380498	247.374249380498	242.717735872953	254.65791754255
1	I1893	1	264.217471879744	262.082887921322	266.352055838167	-828.483900710494	-67.3542999313466	1	TRUE	351.619732585168	243.148732585167	242.84033641048	249.208918138097
1	I0449	1	264.217471879744	262.082887921322	266.352055838167	-828.483900710494	-8.76569248874918	1	TRUE	258.562793209196	233.682793209196	231.259245149184	247.455923134736
1	I2358	1	264.217471879744	262.082887921322	266.352055838167	-828.483900710494	-10.0890124355418	1	TRUE	272.106696048892	232.714696048892	230.617755297135	247.423811962654
1	I2387	1	264.217471879744	262.082887921322	266.352055838167	-828.483900710494	-8.21748215900504	1	TRUE	260.955046091802	237.160046091802	231.558458350108	247.833028630391
1	I2355	1	264.217471879744	262.082887921322	266.352055838167	-828.483900710494	-14.8568664936667	1	TRUE	262.459835276372	244.932835276372	244.922392216395	255.812203418047
1	I2357	1	264.217471879744	262.082887921322	266.352055838167	-828.483900710494	-9.11114191356663	1	TRUE	268.120871729506	246.569871729506	244.812035723922	257.040024142895
1	I1499	1	264.217471879744	262.082887921322	266.352055838167	-828.483900710494	-17.4330435880605	1	TRUE	267.309796263179	251.907796263179	248.910747871319	257.555384577103
1	NE3.SG	1	264.217471879744	262.082887921322	266.352055838167	-828.483900710494	-7.23735894589158	1	TRUE	264.807244791698	252.856244791698	249.063155743765	258.213322647347
1	I1498	1	264.217471879744	262.082887921322	266.352055838167	-828.483900710494	-17.5845940080502	1	TRUE	277.259054464986	250.266054464986	250.085697882611	258.26593397396
1	I1500	1	264.217471879744	262.082887921322	266.352055838167	-828.483900710494	-15.2504616437531	1	TRUE	271.687699822107	248.397699822107	246.252980338967	256.425374501882
1	I1505	1	264.217471879744	262.082887921322	266.352055838167	-828.483900710494	-12.6551416604179	1	TRUE	271.422794842221	250.675794842221	248.447521412754	255.231011136326
1	I1506	1	264.217471879744	262.082887921322	266.352055838167	-828.483900710494	-17.0931808076378	1	TRUE	287.301394593713	251.852394593713	250.649282393755	258.949563368822
1	I3535	1	264.217471879744	262.082887921322	266.352055838167	-828.483900710494	-20.0021947043846	1	TRUE	266.596760831362	249.018760831362	248.196737994344	254.794336234511
1	I4188	1	264.217471879744	262.082887921322	266.352055838167	-828.483900710494	-8.36107705543834	1	TRUE	262.038440982032	248.905440982032	245.026955502523	258.35033255097
1	I4186	1	264.217471879744	262.082887921322	266.352055838167	-828.483900710494	-19.3045997418392	1	TRUE	272.167768254202	245.115768254202	244.711459265756	253.03349233407
1	I4187	1	264.217471879744	262.082887921322	266.352055838167	-828.483900710494	-24.1619170361927	1	TRUE	311.38714717174	248.07414717174	245.00489210527	258.590075131339
1	I2743	1	264.217471879744	262.082887921322	266.352055838167	-828.483900710494	-7.6946552646757	1	TRUE	263.716292724858	250.377292724858	245.008422249645	258.657297360727
1	I2744	1	264.217471879744	262.082887921322	266.352055838167	-828.483900710494	-8.77218144339177	1	TRUE	267.612394393146	246.866394393146	245.018275165514	258.415683680546
1	I2745	1	264.217471879744	262.082887921322	266.352055838167	-828.483900710494	-18.1129138051703	1	TRUE	281.485787273281	245.167787273281	244.793914118782	257.30876251972
1	I2375	1	264.217471879744	262.082887921322	266.352055838167	-828.483900710494	-10.6387258145174	1	TRUE	260.798153225084	250.096153225084	245.721714666163	258.532768073242
1	I2376	1	264.217471879744	262.082887921322	266.352055838167	-828.483900710494	-9.47242592939326	1	TRUE	263.850005732552	246.849005732552	244.93108702757	257.459312640795
1	I2377	1	264.217471879744	262.082887921322	266.352055838167	-828.483900710494	-12.9902092265531	1	TRUE	266.49153547567	249.32453547567	246.12386872954	255.133235640611
1	I2378	1	264.217471879744	262.082887921322	266.352055838167	-828.483900710494	-32.2277125677353	1	TRUE	325.384170801597	252.154170801597	244.860385468096	258.360066812685
1	I2379	1	264.217471879744	262.082887921322	266.352055838167	-828.483900710494	-31.1424080374442	1	TRUE	264.529206774629	253.814206774629	248.735175115505	255.551986223269
1	I4199	1	264.217471879744	262.082887921322	266.352055838167	-828.483900710494	-7.36461847354388	1	TRUE	266.706309368898	251.096309368897	245.003940482191	258.561334415072
1	I7042	1	264.217471879744	262.082887921322	266.352055838167	-828.483900710494	-24.8797861736335	1	TRUE	255.302976289825	220.221976289825	215.064453633488	220.966548548379
1	I1496	1	264.217471879744	262.082887921322	266.352055838167	-828.483900710494	-8.21217926125316	1	TRUE	266.561118615448	254.166118615448	247.209090044903	255.544026267751
1	I1882	1	264.217471879744	262.082887921322	266.352055838167	-828.483900710494	-21.0335664749408	1	TRUE	277.628680695755	248.291680695755	244.759455778154	256.569461594751
1	I4196	1	264.217471879744	262.082887921322	266.352055838167	-828.483900710494	-7.13818735946132	1	TRUE	263.325890384458	245.807890384458	245.035012991034	258.177343816912
2	I2353	1	251.201260751906	246.443894890189	255.958626613623	-686.745602788393	-7.84551026057007	1	FALSE	250.264360522376	212.754360522376	212.754360522376	229.634239930394
2	I2395	2	269.539610853295	267.117608142873	271.961613563717	-686.745602788393	-17.699388636241	1	FALSE	292.120940509525	212.520940509525	213.103197121693	229.22248128047
2	I2783	1	251.201260751906	246.443894890189	255.958626613623	-686.745602788393	-14.9331287466907	1	FALSE	244.055999452743	218.744999452743	211.908334737631	220.463784692901
2	I2370	1	251.201260751906	246.443894890189	255.958626613623	-686.745602788393	-13.8631238946618	1	FALSE	238.006944121369	186.919944121369	175.393138436135	188.785256191955
2	I2371	1	251.201260751906	246.443894890189	255.958626613623	-686.745602788393	-35.6035846768685	1	FALSE	211.021085001782	188.255085001782	180.666137620874	189.557777591329
2	I2752	1	251.201260751906	246.443894890189	255.958626613623	-686.745602788393	-15.7656702622594	1	FALSE	232.607124388926	175.089124388926	172.951078422037	197.483999515784
2	I2753	1	251.201260751906	246.443894890189	255.958626613623	-686.745602788393	-11.3983502708417	1	FALSE	243.342702428568	182.575702428568	174.705043036416	188.28093025256
2	I2785	1	251.201260751906	246.443894890189	255.958626613623	-686.745602788393	-13.6484253436625	1	FALSE	234.873573186172	193.826573186172	173.076600231745	198.023229474036
2	I2788	1	251.201260751906	246.443894890189	255.958626613623	-686.745602788393	-8.94414984221452	1	FALSE	245.58647689234	207.79147689234	200.206076103179	209.092828916765
2	I2789	1	251.201260751906	246.443894890189	255.958626613623	-686.745602788393	-9.9388534425158	1	FALSE	243.118334907849	198.836334907849	198.461448561741	205.19648972774
2	I1495	1	251.201260751906	246.443894890189	255.958626613623	-686.745602788393	-14.3292172953451	1	FALSE	260.423042785007	225.758042785007	225.253849411046	230.100328474041
2	I1899	1	251.201260751906	246.443894890189	255.958626613623	-686.745602788393	-11.4548221015456	1	FALSE	240.658741761104	233.892741761104	224.425331837431	244.314422450095
2	I1900	2	269.539610853295	267.117608142873	271.961613563717	-686.745602788393	-19.4186646450796	1	FALSE	292.647114730894	237.402114730894	234.707739360935	240.742076575339
2	I1901	1	251.201260751906	246.443894890189	255.958626613623	-686.745602788393	-21.3577301579859	1	FALSE	253.787362192231	240.479362192231	227.120710259354	243.202882314966
2	I1906	2	269.539610853295	267.117608142873	271.961613563717	-686.745602788393	-11.0115248904823	1	FALSE	278.555083144903	224.410083144903	223.348216270305	240.630898878361
2	I1891	2	269.539610853295	267.117608142873	271.961613563717	-686.745602788393	-8.02016002674324	1	FALSE	265.148052935494	242.736052935494	242.842810230429	255.035687012083
2	I1893	2	269.539610853295	267.117608142873	271.961613563717	-686.745602788393	-66.878666075772	1	FALSE	355.838417507372	247.367417507372	242.827827285045	249.158373821095
2	I0449	2	269.539610853295	267.117608142873	271.961613563717	-686.745602788393	-7.82045624187118	1	FALSE	272.613509273634	247.733509273634	230.75818306544	247.385843725144
2	I2358	2	269.539610853295	267.117608142873	271.961613563717	-686.745602788393	-11.1113518457689	1	FALSE	278.565541961438	239.173541961438	230.67180197187	247.364457731393
2	I2387	2	269.539610853295	267.117608142873	271.961613563717	-686.745602788393	-9.44752052954104	1	FALSE	264.046109142888	240.251109142888	230.690770210432	247.74107242369
2	I2355	2	269.539610853295	267.117608142873	271.961613563717	-686.745602788393	-10.2968695951644	1	FALSE	268.116505573069	250.589505573069	245.67080166407	258.323974132404
2	I2357	2	269.539610853295	267.117608142873	271.961613563717	-686.745602788393	-6.43556326758793	1	FALSE	268.52508622929	246.97408622929	244.999885944916	258.128481956997
2	I1499	2	269.539610853295	267.117608142873	271.961613563717	-686.745602788393	-9.93998330061009	1	FALSE	269.779216955572	254.377216955572	249.092969219184	257.935596586577
2	NE3.SG	2	269.539610853295	267.117608142873	271.961613563717	-686.745602788393	-7.12712738612554	1	FALSE	266.801538110976	254.850538110976	249.24484071137	258.182490356335
2	I1498	2	269.539610853295	267.117608142873	271.961613563717	-686.745602788393	-19.4506712326541	1	FALSE	283.741916150753	256.748916150753	250.042516972473	258.155278040931
2	I1500	2	269.539610853295	267.117608142873	271.961613563717	-686.745602788393	-18.9468897057014	1	FALSE	279.177274894215	255.887274894215	246.265342506772	257.97940460684
2	I1505	2	269.539610853295	267.117608142873	271.961613563717	-686.745602788393	-8.83481972853672	1	FALSE	274.41950669889	253.67250669889	248.558572154359	255.345053102647
2	I1506	2	269.539610853295	267.117608142873	271.961613563717	-686.745602788393	-15.6023431787042	1	FALSE	287.708090597292	252.259090597292	250.769221093539	258.812684927119
2	I3535	2	269.539610853295	267.117608142873	271.961613563717	-686.745602788393	-13.2966011111187	1	FALSE	267.76272771453	250.18472771453	248.497715447614	255.633785795753
2	I4188	2	269.539610853295	267.117608142873	271.961613563717	-686.745602788393	-9.00277659415834	1	FALSE	265.156769512639	252.023769512639	245.678910935697	258.601004499193
2	I4186	2	269.539610853295	267.117608142873	271.961613563717	-686.745602788393	-9.60344957922597	1	FALSE	273.643580848742	246.591580848742	244.791410377781	255.204436072713
2	I4187	1	251.201260751906	246.443894890189	255.958626613623	-686.745602788393	-34.2909227845852	1	FALSE	320.428034190272	257.115034190272	244.846319210982	258.309499216432
2	I2743	1	251.201260751906	246.443894890189	255.958626613623	-686.745602788393	-19.6430038608729	1	FALSE	269.164924231404	255.825924231404	245.014497381635	258.372430937098
2	I2744	2	269.539610853295	267.117608142873	271.961613563717	-686.745602788393	-9.18416394502354	1	FALSE	272.322572001379	251.576572001379	244.990939097728	258.502574845749
2	I2745	2	269.539610853295	267.117608142873	271.961613563717	-686.745602788393	-15.7891794499214	1	FALSE	284.372738149845	248.054738149845	244.815264352863	257.347534136663
2	I2375	2	269.539610853295	267.117608142873	271.961613563717	-686.745602788393	-12.1026320931192	1	FALSE	263.939121691927	253.237121691927	245.891326788946	258.76630041083
2	I2376	2	269.539610853295	267.117608142873	271.961613563717	-686.745602788393	-7.3510838371803	1	FALSE	270.551124271506	253.550124271506	245.253173627757	258.499791928833
2	I2377	2	269.539610853295	267.117608142873	271.961613563717	-686.745602788393	-8.35016220705595	1	FALSE	269.58276760525	252.41576760525	246.508487646684	255.345768050549
2	I2378	1	251.201260751906	246.443894890189	255.958626613623	-686.745602788393	-39.3978656961868	1	FALSE	324.842765744461	251.612765744461	244.872695656543	257.973581415717
2	I2379	2	269.539610853295	267.117608142873	271.961613563717	-686.745602788393	-29.9678533320834	1	FALSE	265.896842820535	255.181842820536	250.410708191388	255.619029794187
2	I4199	2	269.539610853295	267.117608142873	271.961613563717	-686.745602788393	-6.56085401943697	1	FALSE	268.742419620773	253.132419620773	245.281194385025	258.622450085489
2	I7042	1	251.201260751906	246.443894890189	255.958626613623	-686.745602788393	-19.5944984736641	1	FALSE	255.733042027837	220.652042027837	214.251663363444	220.714292715381
2	I1496	2	269.539610853295	267.117608142873	271.961613563717	-686.745602788393	-8.14331209733386	1	FALSE	265.772204882106	253.377204882106	247.522554718777	255.51823634192
2	I1882	2	269.539610853295	267.117608142873	271.961613563717	-686.745602788393	-8.81408734584936	1	FALSE	274.961877549042	245.624877549042	244.758624327369	256.419848089904
2	I4196	2	269.539610853295	267.117608142873	271.961613563717	-686.745602788393	-8.52858977983151	1	FALSE	274.644894327146	257.126894327146	244.909038156287	258.289651389766
3	I2353	1	241.734380966295	234.214715751169	249.254046181421	-509.626961838729	-12.5055440101967	1	FALSE	250.926175253224	213.416175253224	212.734035538077	229.958238468472
3	I2395	3	280.06346113749	274.15202530687	285.97489696811	-509.626961838729	-12.1667326872965	1	FALSE	294.198976118889	214.598976118889	212.844932414113	229.623023949742
3	I2783	1	241.734380966295	234.214715751169	249.254046181421	-509.626961838729	-11.088189890558	1	FALSE	244.70829228047	219.39729228047	211.561949296667	220.495419217354
3	I2370	1	241.734380966295	234.214715751169	249.254046181421	-509.626961838729	-8.41645862628043	1	FALSE	236.502467979719	185.415467979719	175.25047438911	188.928841084621
3	I2371	1	241.734380966295	234.214715751169	249.254046181421	-509.626961838729	-23.6280026183298	1	FALSE	212.193376292562	189.427376292562	180.851357967257	189.510442455374
3	I2752	1	241.734380966295	234.214715751169	249.254046181421	-509.626961838729	-8.91723137018866	1	FALSE	245.929265204611	188.411265204611	172.457772147442	197.603591471229
3	I2753	1	241.734380966295	234.214715751169	249.254046181421	-509.626961838729	-11.5763775798164	1	FALSE	240.702526966358	179.935526966358	174.586096978122	188.212520057011
3	I2785	1	241.734380966295	234.214715751169	249.254046181421	-509.626961838729	-9.6593442220278	1	FALSE	236.041833713697	194.994833713697	172.923920119657	197.86586113166
3	I2788	1	241.734380966295	234.214715751169	249.254046181421	-509.626961838729	-7.65365638916883	1	FALSE	238.980150729292	201.185150729292	200.001261538352	208.944969872354
3	I2789	1	241.734380966295	234.214715751169	249.254046181421	-509.626961838729	-8.46828210685662	1	FALSE	247.051711266072	202.769711266072	198.36046835075	205.128979356876
3	I1495	2	264.814140922193	262.297493902822	267.330787941564	-509.626961838729	-7.90673829739929	1	FALSE	264.33866339485	229.67366339485	225.230344612654	230.091560953051
3	I1899	1	241.734380966295	234.214715751169	249.254046181421	-509.626961838729	-8.89299788046364	1	FALSE	235.313806143096	228.547806143096	224.219829489095	243.912162326576
3	I1900	3	280.06346113749	274.15202530687	285.97489696811	-509.626961838729	-11.427963650188	1	FALSE	292.407700772069	237.162700772069	234.741804628716	240.730247807983
3	I1901	2	264.814140922193	262.297493902822	267.330787941564	-509.626961838729	-18.7681300102442	1	FALSE	257.302109582023	243.994109582023	223.887141409796	244.134396732053
3	I1906	3	280.06346113749	274.15202530687	285.97489696811	-509.626961838729	-7.92528040486632	1	FALSE	279.416009194798	225.271009194798	223.77106891945	244.014395574091
3	I1891	2	264.814140922193	262.297493902822	267.330787941564	-509.626961838729	-9.37981900567619	1	FALSE	269.748996054909	247.336996054909	242.741231248564	255.1726369043
3	I1893	3	280.06346113749	274.15202530687	285.97489696811	-509.626961838729	-48.0622368190673	1	FALSE	351.611877903805	243.140877903805	242.94751937743	249.138546910297
3	I0449	3	280.06346113749	274.15202530687	285.97489696811	-509.626961838729	-11.2277436188081	1	FALSE	272.017984674191	247.137984674191	230.801534846562	247.771938212516
3	I2358	3	280.06346113749	274.15202530687	285.97489696811	-509.626961838729	-8.03830916956032	1	FALSE	279.99883426547	240.60683426547	230.644863931541	247.797384049045
3	I2387	2	264.814140922193	262.297493902822	267.330787941564	-509.626961838729	-6.50856850768549	1	FALSE	266.199690504607	242.404690504607	230.971042409406	247.770171531219
3	I2355	2	264.814140922193	262.297493902822	267.330787941564	-509.626961838729	-5.77699325747681	1	FALSE	263.385505118771	245.858505118771	245.031735450694	256.911835135625
3	I2357	2	264.814140922193	262.297493902822	267.330787941564	-509.626961838729	-9.59573337624543	1	FALSE	270.444518519721	248.893518519721	244.969831443658	258.105778678436
3	I1499	2	264.814140922193	262.297493902822	267.330787941564	-509.626961838729	-5.81248185847597	1	FALSE	266.145688242834	250.743688242834	248.938912696918	257.714643985644
3	NE3.SG	2	264.814140922193	262.297493902822	267.330787941564	-509.626961838729	-6.24719322091343	1	FALSE	265.916286423128	253.965286423128	249.072089416139	258.15670110607
3	I1498	3	280.06346113749	274.15202530687	285.97489696811	-509.626961838729	-8.79799266649422	1	FALSE	279.316822548762	252.323822548762	250.265389179998	258.577760199132
3	I1500	3	280.06346113749	274.15202530687	285.97489696811	-509.626961838729	-14.5274057173547	1	FALSE	278.949507129109	255.659507129109	246.342739652984	258.469826769234
3	I1505	2	264.814140922193	262.297493902822	267.330787941564	-509.626961838729	-11.632650955154	1	FALSE	271.94750944664	251.20050944664	248.50878514629	255.444940239566
3	I1506	3	280.06346113749	274.15202530687	285.97489696811	-509.626961838729	-10.4391157582153	1	FALSE	286.803886577631	251.354886577631	250.756741380884	258.893247714043
3	I3535	2	264.814140922193	262.297493902822	267.330787941564	-509.626961838729	-7.02211303027669	1	FALSE	266.231510437181	248.653510437181	248.262487211348	255.421162671061
3	I4188	2	264.814140922193	262.297493902822	267.330787941564	-509.626961838729	-5.55364939696347	1	FALSE	263.899553287394	250.766553287394	244.963324292829	258.362091216258
3	I4186	2	264.814140922193	262.297493902822	267.330787941564	-509.626961838729	-13.124048769289	1	FALSE	271.776284544853	244.724284544853	244.853584375232	258.245050414864
3	I4187	3	280.06346113749	274.15202530687	285.97489696811	-509.626961838729	-19.0994162162545	1	FALSE	316.74166102167	253.42866102167	245.0422371272	258.534395954172
3	I2743	3	280.06346113749	274.15202530687	285.97489696811	-509.626961838729	-13.6952721765624	1	FALSE	267.561113359719	254.222113359719	245.110465802385	258.588161521391
3	I2744	3	280.06346113749	274.15202530687	285.97489696811	-509.626961838729	-8.49314881570711	1	FALSE	276.064169076261	255.318169076261	245.166045710045	258.632156911439
3	I2745	3	280.06346113749	274.15202530687	285.97489696811	-509.626961838729	-13.012440362068	1	FALSE	292.242283177592	255.924283177591	244.900000577659	258.426652777707
3	I2375	2	264.814140922193	262.297493902822	267.330787941564	-509.626961838729	-5.08301863084588	1	FALSE	263.839203957885	253.137203957885	245.276712489846	258.649836387485
3	I2376	2	264.814140922193	262.297493902822	267.330787941564	-509.626961838729	-4.86800041532617	1	FALSE	265.627701517163	248.626701517163	245.067622599059	258.338021044203
3	I2377	2	264.814140922193	262.297493902822	267.330787941564	-509.626961838729	-6.72522502984746	1	FALSE	267.581587593571	250.414587593571	246.095639658659	255.367383401962
3	I2378	3	280.06346113749	274.15202530687	285.97489696811	-509.626961838729	-20.6648045631246	1	FALSE	320.241013192657	247.011013192657	244.990794406206	258.219437549373
3	I2379	2	264.814140922193	262.297493902822	267.330787941564	-509.626961838729	-12.8560515752458	1	FALSE	263.461123885802	252.746123885802	248.542933812905	255.614883438268
3	I4199	2	264.814140922193	262.297493902822	267.330787941564	-509.626961838729	-7.51829318646698	1	FALSE	264.729324686139	249.119324686139	245.271977672486	258.60084095371
3	I7042	2	264.814140922193	262.297493902822	267.330787941564	-509.626961838729	-19.8774419526306	1	FALSE	255.995094128795	220.914094128795	214.201332123401	220.846800452755
3	I1496	2	264.814140922193	262.297493902822	267.330787941564	-509.626961838729	-5.90499522422515	1	FALSE	266.260781833592	253.865781833592	247.011957841343	255.440057346042
3	I1882	3	280.06346113749	274.15202530687	285.97489696811	-509.626961838729	-10.1987299809015	1	FALSE	277.681580938906	248.344580938906	245.090516400523	258.700579165348
3	I4196	3	280.06346113749	274.15202530687	285.97489696811	-509.626961838729	-10.8831388379855	1	FALSE	273.114503838231	255.596503838231	245.067028189078	258.699613327459
4	I2353	3	272.828963208631	268.676621704677	276.981304712584	-453.331372043773	-8.19201150818128	1	FALSE	267.675639598688	230.165639598688	213.132913196647	230.064411804467
4	I2395	4	305.550975482131	286.91785202037	324.184098943891	-453.331372043773	-9.58405552614868	1	FALSE	299.355697498165	219.755697498165	212.947404175897	229.92260511185
4	I2783	1	238.2268041931	230.074412644027	246.379195742173	-453.331372043773	-11.4170062600967	1	FALSE	236.771870458528	211.460870458528	211.501124509982	220.423678573002
4	I2370	1	238.2268041931	230.074412644027	246.379195742173	-453.331372043773	-7.76957599240339	1	FALSE	235.337910785116	184.250910785116	175.219216768225	188.753918203941
4	I2371	1	238.2268041931	230.074412644027	246.379195742173	-453.331372043773	-21.6656259764745	1	FALSE	210.623523429473	187.857523429473	180.702312653585	189.574896087255
4	I2752	1	238.2268041931	230.074412644027	246.379195742173	-453.331372043773	-8.80954655680441	1	FALSE	233.958347786826	176.440347786826	172.628615875198	197.776353693917
4	I2753	1	238.2268041931	230.074412644027	246.379195742173	-453.331372043773	-11.550943443639	1	FALSE	242.015409638381	181.248409638381	174.601990255568	188.364085553937
4	I2785	1	238.2268041931	230.074412644027	246.379195742173	-453.331372043773	-9.09845452627546	1	FALSE	235.304946386019	194.257946386019	173.857637782514	197.696937533277
4	I2788	1	238.2268041931	230.074412644027	246.379195742173	-453.331372043773	-8.40893449747761	1	FALSE	243.051162744747	205.256162744747	199.96350698933	209.032708284012
4	I2789	1	238.2268041931	230.074412644027	246.379195742173	-453.331372043773	-11.3765223961717	1	FALSE	249.045942960251	204.763942960251	198.392480323923	205.175766811174
4	I1495	2	263.297130012604	260.428907568636	266.165352456572	-453.331372043773	-9.163036947225	1	FALSE	259.919073303442	225.254073303442	225.2506030549	230.017313185606
4	I1899	1	238.2268041931	230.074412644027	246.379195742173	-453.331372043773	-9.48367389184971	1	FALSE	245.922030258164	239.156030258164	223.831274443572	244.306501736199
4	I1900	4	305.550975482131	286.91785202037	324.184098943891	-453.331372043773	-11.3017641033519	1	FALSE	295.978179953182	240.733179953182	234.727815076509	240.785558739178
4	I1901	2	263.297130012604	260.428907568636	266.165352456572	-453.331372043773	-11.9382488290849	1	FALSE	257.821505338026	244.513505338026	224.109155666083	244.513505338026
4	I1906	3	272.828963208631	268.676621704677	276.981304712584	-453.331372043773	-11.3621504562871	1	FALSE	282.13385926438	227.98885926438	223.806804183364	244.084763961478
4	I1891	3	272.828963208631	268.676621704677	276.981304712584	-453.331372043773	-6.18682985579354	1	FALSE	272.369372772208	249.957372772208	242.878068371775	255.118377211101
4	I1893	4	305.550975482131	286.91785202037	324.184098943891	-453.331372043773	-25.9267830533722	1	FALSE	353.035491075331	244.564491075331	242.788908374623	249.27005966929
4	I0449	3	272.828963208631	268.676621704677	276.981304712584	-453.331372043773	-7.60459952993184	1	FALSE	269.783014429812	244.903014429812	230.884056922514	247.98087413718
4	I2358	3	272.828963208631	268.676621704677	276.981304712584	-453.331372043773	-9.33482718256693	1	FALSE	273.490372217601	234.098372217601	230.972873651522	247.500153563618
4	I2387	2	263.297130012604	260.428907568636	266.165352456572	-453.331372043773	-6.92239685794556	1	FALSE	261.956524588941	238.161524588941	231.272877420686	247.659586421547
4	I2355	2	263.297130012604	260.428907568636	266.165352456572	-453.331372043773	-4.51209255492744	1	FALSE	262.93320614841	245.40620614841	245.064729818758	258.084573524372
4	I2357	2	263.297130012604	260.428907568636	266.165352456572	-453.331372043773	-7.34570869481726	1	FALSE	266.311493641453	244.760493641453	245.0523233274	258.440044158986
4	I1499	2	263.297130012604	260.428907568636	266.165352456572	-453.331372043773	-7.10774840476279	1	FALSE	266.12668952892	250.72468952892	249.078191390577	258.196797319363
4	NE3.SG	3	272.828963208631	268.676621704677	276.981304712584	-453.331372043773	-7.43496146685851	1	FALSE	269.559140531852	257.608140531852	249.079677049646	258.177260001805
4	I1498	3	272.828963208631	268.676621704677	276.981304712584	-453.331372043773	-11.811027266035	1	FALSE	282.048334943796	255.055334943796	250.082095926594	258.450361802401
4	I1500	3	272.828963208631	268.676621704677	276.981304712584	-453.331372043773	-6.81746843672538	1	FALSE	272.128420683252	248.838420683252	246.36752689841	258.065277316062
4	I1505	3	272.828963208631	268.676621704677	276.981304712584	-453.331372043773	-7.12257397105367	1	FALSE	275.743865736229	254.996865736229	248.610556815635	255.279658682866
4	I1506	4	305.550975482131	286.91785202037	324.184098943891	-453.331372043773	-13.1394725265101	1	FALSE	286.736781708375	251.287781708375	250.780225496372	258.791288655513
4	I3535	2	263.297130012604	260.428907568636	266.165352456572	-453.331372043773	-12.4432519741833	1	FALSE	267.603153297233	250.025153297233	248.334257835327	255.742789382228
4	I4188	2	263.297130012604	260.428907568636	266.165352456572	-453.331372043773	-6.77239054385409	1	FALSE	260.581608791455	247.448608791455	245.277102300398	258.46882608295
4	I4186	3	272.828963208631	268.676621704677	276.981304712584	-453.331372043773	-7.93009767714768	1	FALSE	271.814660925543	244.762660925543	244.694194816319	257.24499814811
4	I4187	4	305.550975482131	286.91785202037	324.184098943891	-453.331372043773	-11.651067503468	1	FALSE	308.39064719227	245.07764719227	245.027559560175	258.692815028397
4	I2743	3	272.828963208631	268.676621704677	276.981304712584	-453.331372043773	-10.8587825575657	1	FALSE	264.113806438546	250.774806438546	245.266500426473	258.736151097275
4	I2744	3	272.828963208631	268.676621704677	276.981304712584	-453.331372043773	-10.1065248206159	1	FALSE	277.781827749808	257.035827749808	245.040458896214	258.585595234264
4	I2745	3	272.828963208631	268.676621704677	276.981304712584	-453.331372043773	-16.9868206442556	1	FALSE	288.681503511463	252.363503511463	244.955733528228	258.612625819015
4	I2375	2	263.297130012604	260.428907568636	266.165352456572	-453.331372043773	-9.18625172370625	1	FALSE	268.194202257604	257.492202257604	245.85409827996	258.414256221897
4	I2376	3	272.828963208631	268.676621704677	276.981304712584	-453.331372043773	-8.87734713817813	1	FALSE	271.962704818665	254.961704818665	244.972553699128	258.120117142181
4	I2377	2	263.297130012604	260.428907568636	266.165352456572	-453.331372043773	-5.65252245282062	1	FALSE	265.455790289246	248.288790289246	246.315442078469	255.55994370233
4	I2378	4	305.550975482131	286.91785202037	324.184098943891	-453.331372043773	-12.9213747833308	1	FALSE	324.779732242711	251.549732242711	244.950701582378	258.422630815766
4	I2379	2	263.297130012604	260.428907568636	266.165352456572	-453.331372043773	-8.61499550782236	1	FALSE	262.414491464449	251.699491464449	244.209004955376	255.541982561665
4	I4199	3	272.828963208631	268.676621704677	276.981304712584	-453.331372043773	-6.34723945070575	1	FALSE	271.369573980633	255.759573980633	244.904254301551	258.539401307436
4	I7042	2	263.297130012604	260.428907568636	266.165352456572	-453.331372043773	-21.4689758439933	1	FALSE	254.043959288104	218.962959288104	214.276622704438	220.919105060648
4	I1496	2	263.297130012604	260.428907568636	266.165352456572	-453.331372043773	-6.43628659871684	1	FALSE	265.142008030045	252.747008030045	247.00038238627	255.569251747199
4	I1882	3	272.828963208631	268.676621704677	276.981304712584	-453.331372043773	-6.32037233991563	1	FALSE	274.193723534342	244.856723534342	244.856723534342	258.42082358589
4	I4196	3	272.828963208631	268.676621704677	276.981304712584	-453.331372043773	-8.36902977072167	1	FALSE	267.516316690991	249.998316690991	244.939134958466	258.52067596279
