# CLUSTERING STRENGTH + LIKELIHOOD K SELECTION RESULTS (DATES)
# Recommended K: 1
# Method: DATES
# Clustering strength threshold: 0.983
# Likelihood thresholds: k1 to k2(k=2):1.2 k1 to k2(k=3):2.59 k2 to k3:0.71 k3 to k4:0.49
#
model_k	pop	cluster	joint_date_est_best	joint_date_lowerci	joint_date_upperci	likelihood_mean	likelihood_per_ind	recommended_k	is_recommended	ind_date_est	sample_age_est_best	sample_age_lowerci_mean	sample_age_upperci_mean
1	I2403	1	213.65523952408	206.911339631703	220.399139416456	-266.738204375803	-9.83656287719933	1	TRUE	213.071983304575	170.244983304575	162.029734340097	171.881620190137
1	I2433	1	213.65523952408	206.911339631703	220.399139416456	-266.738204375803	-9.90843831158356	1	TRUE	210.301930997794	177.784930997794	173.445378079445	180.214646896348
1	I2440	1	213.65523952408	206.911339631703	220.399139416456	-266.738204375803	-16.3209890520632	1	TRUE	239.047649016137	179.728649016137	173.36014885734	180.132317236691
1	I2441	1	213.65523952408	206.911339631703	220.399139416456	-266.738204375803	-37.3221049162039	1	TRUE	267.865029936712	169.925029936712	169.860825488784	188.602382516963
1	RISE1159.SG	1	213.65523952408	206.911339631703	220.399139416456	-266.738204375803	-9.4251078370914	1	TRUE	219.548047619669	166.039047619669	165.176500864821	172.414898787917
1	RISE1161.SG	1	213.65523952408	206.911339631703	220.399139416456	-266.738204375803	-8.98191513820888	1	TRUE	209.338478961957	171.523478961957	166.255060640383	173.577971616117
1	RISE1163.SG	1	213.65523952408	206.911339631703	220.399139416456	-266.738204375803	-13.2949639846104	1	TRUE	204.872164565891	170.450164565891	165.398648632391	172.6922945419
1	RISE1165.SG	1	213.65523952408	206.911339631703	220.399139416456	-266.738204375803	-31.89359341289	1	TRUE	201.298829921794	173.375829921794	166.267464054537	173.322923987951
1	RISE1166.SG	1	213.65523952408	206.911339631703	220.399139416456	-266.738204375803	-8.89728130795401	1	TRUE	212.330340455238	177.600340455238	172.987372747266	179.155379684931
1	RISE1170.SG	1	213.65523952408	206.911339631703	220.399139416456	-266.738204375803	-9.89372827923064	1	TRUE	221.836818699496	167.862818699496	166.16104718427	173.045027429521
1	RISE1246.SG	1	213.65523952408	206.911339631703	220.399139416456	-266.738204375803	-8.6874666633896	1	TRUE	212.387293320741	168.348293320741	163.906670294732	172.817156690053
1	RISE1248.SG	1	213.65523952408	206.911339631703	220.399139416456	-266.738204375803	-11.397099370443	1	TRUE	225.791966148621	165.033966148621	162.782126595921	174.610896629601
1	RISE1249.SG	1	213.65523952408	206.911339631703	220.399139416456	-266.738204375803	-9.75323745622451	1	TRUE	215.022247599656	164.014247599656	163.993313309716	173.099892252741
1	RISE1252.SG	1	213.65523952408	206.911339631703	220.399139416456	-266.738204375803	-10.9306129713896	1	TRUE	221.767723408491	178.831723408491	157.594545957992	179.839083972558
1	RISE1241.SG	1	213.65523952408	206.911339631703	220.399139416456	-266.738204375803	-9.04766529757401	1	TRUE	215.570587227238	172.035587227238	166.32369694068	173.015313353065
1	RISE1250.SG	1	213.65523952408	206.911339631703	220.399139416456	-266.738204375803	-22.9869845838083	1	TRUE	269.531075144308	164.994075144308	164.463722316016	174.722126043614
1	N18.SG	1	213.65523952408	206.911339631703	220.399139416456	-266.738204375803	-12.2395365340513	1	TRUE	223.07499837155	191.95799837155	190.377228024815	199.060169143496
1	N20.SG	1	213.65523952408	206.911339631703	220.399139416456	-266.738204375803	-25.9209163818871	1	TRUE	253.458722096852	191.048722096852	190.453734974616	199.015235371142
2	I2403	1	209.111739259007	201.907256167854	216.31622235016	-216.453329666862	-8.15751900959475	1	FALSE	205.451992301837	162.624992301837	161.91089537987	171.77835958775
2	I2433	1	209.111739259007	201.907256167854	216.31622235016	-216.453329666862	-11.2840533897879	1	FALSE	210.105279181094	177.588279181094	173.39421574492	180.188836207547
2	I2440	2	242.537232987329	223.08448360046	261.989982374198	-216.453329666862	-13.733819811109	1	FALSE	233.979010205116	174.660010205116	173.441612417644	180.160034655959
2	I2441	2	242.537232987329	223.08448360046	261.989982374198	-216.453329666862	-15.8725955128369	1	FALSE	268.420973275179	170.480973275179	170.057784104844	190.345825234961
2	RISE1159.SG	1	209.111739259007	201.907256167854	216.31622235016	-216.453329666862	-12.6498866071777	1	FALSE	223.543754667448	170.034754667448	165.187754529963	172.403002624442
2	RISE1161.SG	1	209.111739259007	201.907256167854	216.31622235016	-216.453329666862	-8.11086242126405	1	FALSE	211.303705515338	173.488705515338	166.234335946657	173.588624015344
2	RISE1163.SG	1	209.111739259007	201.907256167854	216.31622235016	-216.453329666862	-10.2120574430699	1	FALSE	201.460479281257	167.038479281257	165.368907927136	172.711080363485
2	RISE1165.SG	1	209.111739259007	201.907256167854	216.31622235016	-216.453329666862	-18.5939753726411	1	FALSE	200.603724766737	172.680724766737	165.852838781066	173.300186886516
2	RISE1166.SG	1	209.111739259007	201.907256167854	216.31622235016	-216.453329666862	-7.91266931790159	1	FALSE	212.734776509412	178.004776509412	172.915092128295	179.131954184654
2	RISE1170.SG	1	209.111739259007	201.907256167854	216.31622235016	-216.453329666862	-12.266242396172	1	FALSE	222.79056072618	168.81656072618	166.047927309796	172.982880128073
2	RISE1246.SG	1	209.111739259007	201.907256167854	216.31622235016	-216.453329666862	-7.89709944812905	1	FALSE	212.189466842518	168.150466842518	163.836319564128	172.812408405021
2	RISE1248.SG	2	242.537232987329	223.08448360046	261.989982374198	-216.453329666862	-10.6512717501742	1	FALSE	231.92728450705	171.16928450705	162.809483546152	174.643629800994
2	RISE1249.SG	2	242.537232987329	223.08448360046	261.989982374198	-216.453329666862	-13.0318233410599	1	FALSE	224.193669973551	173.185669973551	164.077327846579	173.169383368234
2	RISE1252.SG	2	242.537232987329	223.08448360046	261.989982374198	-216.453329666862	-12.8943209273049	1	FALSE	222.569770039488	179.633770039488	157.800325478591	179.617626961315
2	RISE1241.SG	1	209.111739259007	201.907256167854	216.31622235016	-216.453329666862	-9.89646821546997	1	FALSE	212.909250576499	169.374250576499	166.302496559228	173.046537730269
2	RISE1250.SG	2	242.537232987329	223.08448360046	261.989982374198	-216.453329666862	-15.2006836071371	1	FALSE	273.961351516812	169.424351516812	164.512647064298	174.687068501849
2	N18.SG	1	209.111739259007	201.907256167854	216.31622235016	-216.453329666862	-17.0747873929214	1	FALSE	225.281487412998	194.164487412998	190.33550579979	198.866740677187
2	N20.SG	2	242.537232987329	223.08448360046	261.989982374198	-216.453329666862	-11.0131937031106	1	FALSE	254.209852307354	191.799852307354	190.446322571593	199.116610380847
3	I2403	1	205.868227958929	197.492318886808	214.244137031051	-176.229093967983	-7.59652648761524	1	FALSE	210.276451314984	167.449451314984	161.968628966952	171.841128549192
3	I2433	2	219.963452654482	207.416568453252	232.510336855712	-176.229093967983	-10.1182772273297	1	FALSE	212.624828434224	180.107828434224	173.443596875171	180.113970004812
3	I2440	2	219.963452654482	207.416568453252	232.510336855712	-176.229093967983	-14.8935412508714	1	FALSE	233.583785128513	174.264785128513	173.395299421516	180.202344184301
3	I2441	3	265.169030791749	235.731482687482	294.606578896017	-176.229093967983	-9.83668942277221	1	FALSE	270.622282784288	172.682282784288	170.036026926495	190.533176643076
3	RISE1159.SG	2	219.963452654482	207.416568453252	232.510336855712	-176.229093967983	-8.94546101623394	1	FALSE	220.089784148744	166.580784148744	165.293543310943	172.413701969644
3	RISE1161.SG	1	205.868227958929	197.492318886808	214.244137031051	-176.229093967983	-9.36602181005123	1	FALSE	210.827737723417	173.012737723417	166.203677083655	173.5893245928
3	RISE1163.SG	1	205.868227958929	197.492318886808	214.244137031051	-176.229093967983	-6.8142063234627	1	FALSE	204.246091010976	169.824091010976	165.34202313816	172.70400806599
3	RISE1165.SG	1	205.868227958929	197.492318886808	214.244137031051	-176.229093967983	-11.2541384384586	1	FALSE	201.280284464399	173.357284464399	165.524535683452	173.256113038168
3	RISE1166.SG	1	205.868227958929	197.492318886808	214.244137031051	-176.229093967983	-7.69676808178996	1	FALSE	208.983274955387	174.253274955387	172.980734845314	179.190956291834
3	RISE1170.SG	2	219.963452654482	207.416568453252	232.510336855712	-176.229093967983	-8.93764868658203	1	FALSE	221.863948748351	167.889948748351	166.107770236856	172.972690143868
3	RISE1246.SG	1	205.868227958929	197.492318886808	214.244137031051	-176.229093967983	-8.20234693076472	1	FALSE	209.286261691605	165.247261691606	163.882478638616	172.783734975594
3	RISE1248.SG	2	219.963452654482	207.416568453252	232.510336855712	-176.229093967983	-10.2899464189742	1	FALSE	227.105118117847	166.347118117847	162.78606043481	174.698116053187
3	RISE1249.SG	2	219.963452654482	207.416568453252	232.510336855712	-176.229093967983	-9.57663067698491	1	FALSE	217.921891442852	166.913891442852	163.915617743368	173.077632464546
3	RISE1252.SG	2	219.963452654482	207.416568453252	232.510336855712	-176.229093967983	-10.2730247513222	1	FALSE	215.455384517468	172.519384517468	157.977240883514	179.812380961729
3	RISE1241.SG	2	219.963452654482	207.416568453252	232.510336855712	-176.229093967983	-9.60080429205285	1	FALSE	213.513882386482	169.978882386482	166.341670782888	173.078141558683
3	RISE1250.SG	3	265.169030791749	235.731482687482	294.606578896017	-176.229093967983	-12.4669495396052	1	FALSE	270.013823667995	165.476823667995	164.493274743706	174.689145676093
3	N18.SG	2	219.963452654482	207.416568453252	232.510336855712	-176.229093967983	-10.4195145911139	1	FALSE	222.482270242095	191.365270242095	190.381318568705	199.055400174165
3	N20.SG	3	265.169030791749	235.731482687482	294.606578896017	-176.229093967983	-9.94059802199754	1	FALSE	258.787475529909	196.377475529909	190.580524777674	199.22577360448
4	I2403	2	213.720647202999	203.040081210975	224.401213195022	-166.439018558863	-7.39072804367147	1	FALSE	211.905657711831	169.078657711831	161.905270743263	171.775589511923
4	I2433	3	219.449557977228	204.301071297225	234.598044657232	-166.439018558863	-9.51066455269037	1	FALSE	212.220792804919	179.703792804919	173.4262858969	180.252561386608
4	I2440	4	259.51455940711	231.468348410374	287.560770403846	-166.439018558863	-14.122842868837	1	FALSE	235.67546489216	176.35646489216	173.409771176064	180.206923771725
4	I2441	4	259.51455940711	231.468348410374	287.560770403846	-166.439018558863	-10.8184267286864	1	FALSE	267.617654414305	169.677654414305	170.099406778006	190.407077255659
4	RISE1159.SG	3	219.449557977228	204.301071297225	234.598044657232	-166.439018558863	-8.5038970369856	1	FALSE	219.188377680694	165.679377680694	165.322249850543	172.381887423768
4	RISE1161.SG	2	213.720647202999	203.040081210975	224.401213195022	-166.439018558863	-8.4592056929237	1	FALSE	210.648223202149	172.833223202149	166.221066567951	173.58087752384
4	RISE1163.SG	1	199.56040910043	187.800769031377	211.320049169483	-166.439018558863	-7.49230730930136	1	FALSE	200.047347268959	165.625347268959	165.369431881018	172.706573146237
4	RISE1165.SG	1	199.56040910043	187.800769031377	211.320049169483	-166.439018558863	-5.89938924556329	1	FALSE	199.339024454453	171.416024454453	165.453361846178	173.244709582698
4	RISE1166.SG	2	213.720647202999	203.040081210975	224.401213195022	-166.439018558863	-6.75045761314091	1	FALSE	212.264013840769	177.534013840769	172.896522765882	179.204223608357
4	RISE1170.SG	3	219.449557977228	204.301071297225	234.598044657232	-166.439018558863	-10.0483747024982	1	FALSE	226.380326624232	172.406326624232	166.067549038096	172.991074209875
4	RISE1246.SG	2	213.720647202999	203.040081210975	224.401213195022	-166.439018558863	-7.3475671320271	1	FALSE	210.734854467639	166.695854467639	163.872927456708	172.696567909518
4	RISE1248.SG	3	219.449557977228	204.301071297225	234.598044657232	-166.439018558863	-9.99008784663283	1	FALSE	226.834396603603	166.076396603603	162.836181752136	174.599209771113
4	RISE1249.SG	3	219.449557977228	204.301071297225	234.598044657232	-166.439018558863	-8.91671430806116	1	FALSE	218.180438064216	167.172438064216	164.012993333037	173.168510267239
4	RISE1252.SG	3	219.449557977228	204.301071297225	234.598044657232	-166.439018558863	-10.1269166543782	1	FALSE	219.25210709941	176.31610709941	158.217724230656	179.632164366194
4	RISE1241.SG	3	219.449557977228	204.301071297225	234.598044657232	-166.439018558863	-9.14154749186963	1	FALSE	212.311787264472	168.776787264472	166.310152899915	173.143968803725
4	RISE1250.SG	4	259.51455940711	231.468348410374	287.560770403846	-166.439018558863	-12.0820250393036	1	FALSE	270.883810939389	166.346810939389	164.576448821961	174.704283739473
4	N18.SG	2	213.720647202999	203.040081210975	224.401213195022	-166.439018558863	-9.12351284317236	1	FALSE	221.979286322883	190.862286322883	190.44228370062	199.096660817415
4	N20.SG	4	259.51455940711	231.468348410374	287.560770403846	-166.439018558863	-10.7143534491196	1	FALSE	253.752710620591	191.342710620591	190.565421315389	199.182384251856
