# CLUSTERING STRENGTH + LIKELIHOOD K SELECTION RESULTS (DATES)
# Recommended K: 2
# Method: DATES
# Clustering strength threshold: 0.983
# Likelihood thresholds: k1 to k2(k=2):1.2 k1 to k2(k=3):2.59 k2 to k3:0.71 k3 to k4:0.49
#
model_k	pop	cluster	joint_date_est_best	joint_date_lowerci	joint_date_upperci	likelihood_mean	likelihood_per_ind	recommended_k	is_recommended	ind_date_est	sample_age_est_best	sample_age_lowerci_mean	sample_age_upperci_mean
1	I0839	1	232.89722399379	221.810152876015	243.984295111564	-247.567595104243	-18.8125131721986	2	FALSE	183.04002103386	156.53902103386	148.536804540733	157.133026474927
1	I0840	1	232.89722399379	221.810152876015	243.984295111564	-247.567595104243	-11.7570338348415	2	FALSE	247.518534493301	149.514534493301	146.841654729834	156.98193060336
1	I11599	1	232.89722399379	221.810152876015	243.984295111564	-247.567595104243	-11.0531261115225	2	FALSE	238.215249927649	176.131249927649	171.838671147062	188.514157185169
1	I11601	1	232.89722399379	221.810152876015	243.984295111564	-247.567595104243	-55.5582295572451	2	FALSE	194.412943250386	189.112943250386	175.68199998485	189.159999152928
1	I11604	1	232.89722399379	221.810152876015	243.984295111564	-247.567595104243	-12.8902725433633	2	FALSE	219.219004997297	166.686004997297	159.370904506649	179.844437019866
1	I11605	1	232.89722399379	221.810152876015	243.984295111564	-247.567595104243	-16.9480119935991	2	FALSE	234.979534296544	167.357534296544	159.380721096781	179.438161084129
1	I11614	1	232.89722399379	221.810152876015	243.984295111564	-247.567595104243	-24.9083607477123	2	FALSE	283.869337877461	162.604337877461	162.68606884854	169.313388674345
1	I1970	1	232.89722399379	221.810152876015	243.984295111564	-247.567595104243	-18.9434035871877	2	FALSE	298.49092460368	158.66092460368	158.91014217775	171.81482693953
1	I3432	1	232.89722399379	221.810152876015	243.984295111564	-247.567595104243	-10.5754950466138	2	FALSE	233.168453108447	176.844453108447	173.617007383499	179.463255314064
1	I5076	1	232.89722399379	221.810152876015	243.984295111564	-247.567595104243	-14.1204997694368	2	FALSE	240.651753285622	179.295753285622	178.036326952198	188.407069779633
1	I5428	1	232.89722399379	221.810152876015	243.984295111564	-247.567595104243	-18.2803890999702	2	FALSE	260.200203953401	180.954203953401	180.602682324082	189.10256685975
1	I5429	1	232.89722399379	221.810152876015	243.984295111564	-247.567595104243	-12.8735053463747	2	FALSE	245.510374418045	174.100374418045	172.843050484709	177.024077008088
1	I6601	1	232.89722399379	221.810152876015	243.984295111564	-247.567595104243	-20.8467542941771	2	FALSE	233.318732269888	164.798732269888	162.648140171368	169.444415073501
2	I0839	2	255.716185282579	231.678792698989	279.75357786617	-196.870877249864	-19.2812944390703	2	TRUE	180.681789591287	154.180789591287	148.597633032184	157.07261784029
2	I0840	2	255.716185282579	231.678792698989	279.75357786617	-196.870877249864	-11.2675368726798	2	TRUE	252.926751242561	154.922751242561	146.817562041654	157.019857306632
2	I11599	2	255.716185282579	231.678792698989	279.75357786617	-196.870877249864	-11.4047359747535	2	TRUE	248.599705853734	186.515705853734	171.970104947935	188.751989672164
2	I11601	1	226.196859790243	213.651081257412	238.742638323075	-196.870877249864	-35.016874370877	2	TRUE	194.231081542146	188.931081542146	171.907842961809	188.923421306806
2	I11604	2	255.716185282579	231.678792698989	279.75357786617	-196.870877249864	-13.7186229957572	2	TRUE	226.859289051013	174.326289051013	159.722366734765	179.895521401237
2	I11605	1	226.196859790243	213.651081257412	238.742638323075	-196.870877249864	-7.6224387950974	2	TRUE	227.431278470597	159.809278470597	159.646507725577	179.983975661827
2	I11614	2	255.716185282579	231.678792698989	279.75357786617	-196.870877249864	-17.162975998348	2	TRUE	288.106337177902	166.841337177902	162.657386976228	169.393399675609
2	I1970	2	255.716185282579	231.678792698989	279.75357786617	-196.870877249864	-16.430389770433	2	TRUE	304.528364991562	164.698364991562	158.856962766555	172.004029566318
2	I3432	2	255.716185282579	231.678792698989	279.75357786617	-196.870877249864	-14.402373978115	2	TRUE	232.302042189531	175.978042189531	173.591583741874	179.470992359769
2	I5076	1	226.196859790243	213.651081257412	238.742638323075	-196.870877249864	-11.7816798282685	2	TRUE	239.562878983067	178.206878983067	177.932238057077	188.476953323887
2	I5428	2	255.716185282579	231.678792698989	279.75357786617	-196.870877249864	-13.6212483176505	2	TRUE	259.819488194994	180.573488194994	180.569025436427	189.036089963392
2	I5429	1	226.196859790243	213.651081257412	238.742638323075	-196.870877249864	-14.1989585008363	2	TRUE	244.427847677527	173.017847677527	172.824198743555	177.019803868839
2	I6601	1	226.196859790243	213.651081257412	238.742638323075	-196.870877249864	-10.9617474079773	2	TRUE	235.370189019793	166.850189019793	162.811636608468	169.474688906713
3	I0839	3	256.828413543418	232.790175872377	280.866651214459	-156.875609519687	-19.2737355677971	2	FALSE	181.914424473547	155.413424473547	148.596658655937	157.123526267262
3	I0840	3	256.828413543418	232.790175872377	280.866651214459	-156.875609519687	-11.4340349091264	2	FALSE	250.275500693784	152.271500693784	146.771112684436	156.998232565866
3	I11599	3	256.828413543418	232.790175872377	280.866651214459	-156.875609519687	-11.3517094077799	2	FALSE	250.672631163085	188.588631163085	171.869663728804	188.785667404902
3	I11601	1	190.83139644625	162.229840926972	219.432951965529	-156.875609519687	-7.44152160456558	2	FALSE	190.83139644625	185.53139644625	171.951300439936	188.723267896525
3	I11604	3	256.828413543418	232.790175872377	280.866651214459	-156.875609519687	-13.2891283828354	2	FALSE	231.825177076319	179.292177076319	159.538501057333	180.000784915423
3	I11605	2	240.463548420646	226.344626097879	254.582470743413	-156.875609519687	-7.68147605322991	2	FALSE	241.54491753952	173.92291753952	159.845197625358	179.836616020808
3	I11614	3	256.828413543418	232.790175872377	280.866651214459	-156.875609519687	-15.4392306406437	2	FALSE	283.969734397786	162.704734397786	162.641450145872	169.433366377156
3	I1970	3	256.828413543418	232.790175872377	280.866651214459	-156.875609519687	-16.1389467985882	2	FALSE	302.111263904513	162.281263904513	158.979510592215	172.022957086059
3	I3432	3	256.828413543418	232.790175872377	280.866651214459	-156.875609519687	-13.777787699298	2	FALSE	235.970120880314	179.646120880314	173.59782525415	179.505017445921
3	I5076	2	240.463548420646	226.344626097879	254.582470743413	-156.875609519687	-8.40981226890444	2	FALSE	239.60443625593	178.24843625593	177.995222082682	188.526007527789
3	I5428	3	256.828413543418	232.790175872377	280.866651214459	-156.875609519687	-13.871675269878	2	FALSE	263.270898664319	184.024898664319	180.669357383486	189.155396913686
3	I5429	2	240.463548420646	226.344626097879	254.582470743413	-156.875609519687	-10.7116649414182	2	FALSE	247.520469344804	176.110469344804	172.833655919369	177.00676214287
3	I6601	2	240.463548420646	226.344626097879	254.582470743413	-156.875609519687	-8.05488597562173	2	FALSE	237.922421029684	169.402421029684	162.63237853838	169.459058874178
4	I0839	3	244.833378576246	205.123817918328	284.542939234164	-141.711102173868	-17.8115923400041	2	FALSE	182.011385604218	155.510385604218	148.60125193526	157.062236013951
4	I0840	3	244.833378576246	205.123817918328	284.542939234164	-141.711102173868	-12.882780648346	2	FALSE	245.878436053189	147.874436053189	146.82897423269	156.943995851605
4	I11599	3	244.833378576246	205.123817918328	284.542939234164	-141.711102173868	-12.4535522279266	2	FALSE	244.195550337036	182.111550337036	171.865310407883	188.864650297494
4	I11601	1	189.787265229524	161.13556873996	218.438961719088	-141.711102173868	-7.44152160456558	2	FALSE	189.787265229524	184.487265229524	171.843697763272	188.863167018696
4	I11604	3	244.833378576246	205.123817918328	284.542939234164	-141.711102173868	-12.2347637331127	2	FALSE	232.533466124953	180.000466124953	159.829211053189	179.880733139248
4	I11605	2	243.516070160544	230.080277285315	256.951863035773	-141.711102173868	-8.0833251099447	2	FALSE	245.70137468003	178.07937468003	159.587579480014	179.791096602982
4	I11614	4	259.774167097662	217.969435318572	301.578898876753	-141.711102173868	-6.61596866697073	2	FALSE	283.984870774475	162.719870774475	162.646407574274	169.495984472035
4	I1970	3	244.833378576246	205.123817918328	284.542939234164	-141.711102173868	-16.4518209051024	2	FALSE	301.188231138072	161.358231138072	158.972269447809	172.032597915864
4	I3432	4	259.774167097662	217.969435318572	301.578898876753	-141.711102173868	-6.61274004075676	2	FALSE	235.577936533433	179.253936533433	173.618558680693	179.580038503586
4	I5076	2	243.516070160544	230.080277285315	256.951863035773	-141.711102173868	-8.37413413559272	2	FALSE	240.828398170254	179.472398170254	177.929316767903	188.372395031613
4	I5428	2	243.516070160544	230.080277285315	256.951863035773	-141.711102173868	-13.4213323374817	2	FALSE	261.197714937966	181.951714937966	180.549370550236	189.158524416232
4	I5429	2	243.516070160544	230.080277285315	256.951863035773	-141.711102173868	-9.67489112370634	2	FALSE	244.928359699087	173.518359699087	172.820457857762	177.01871219086
4	I6601	2	243.516070160544	230.080277285315	256.951863035773	-141.711102173868	-9.6526793003573	2	FALSE	238.103703979983	169.583703979983	162.654668257746	169.464584804206
