# CLUSTERING STRENGTH + LIKELIHOOD K SELECTION RESULTS (DATES)
# Recommended K: 1
# Method: DATES
# Clustering strength threshold: 0.983
# Likelihood thresholds: k1 to k2(k=2):1.2 k1 to k2(k=3):2.59 k2 to k3:0.71 k3 to k4:0.49
#
model_k	pop	cluster	joint_date_est_best	joint_date_lowerci	joint_date_upperci	likelihood_mean	likelihood_per_ind	recommended_k	is_recommended	ind_date_est	sample_age_est_best	sample_age_lowerci_mean	sample_age_upperci_mean
1	I2630	1	240.633696657343	235.352633814339	245.914759500347	-474.521998231039	-26.935965883215	1	TRUE	266.835987160652	158.111987160652	157.65305868552	162.913860125463
1	I2631	1	240.633696657343	235.352633814339	245.914759500347	-474.521998231039	-19.9074403256836	1	TRUE	186.08933226268	175.28633226268	173.748817567337	185.803516488491
1	I2633	1	240.633696657343	235.352633814339	245.914759500347	-474.521998231039	-9.04406792515779	1	TRUE	244.102046461865	201.697046461865	199.648916206111	204.070309789166
1	I2634	1	240.633696657343	235.352633814339	245.914759500347	-474.521998231039	-14.6466696399606	1	TRUE	257.853441214994	201.305441214994	195.819168228674	201.815022102858
1	I2635	1	240.633696657343	235.352633814339	245.914759500347	-474.521998231039	-12.7172182185659	1	TRUE	233.597724452947	196.736724452947	195.371591440535	199.725611241965
1	I2636	1	240.633696657343	235.352633814339	245.914759500347	-474.521998231039	-17.4975084363424	1	TRUE	220.664806861203	194.787806861203	189.9836492889	195.14302124078
1	I2637	1	240.633696657343	235.352633814339	245.914759500347	-474.521998231039	-8.94044632742215	1	TRUE	242.280874329974	192.875874329974	189.098700144455	194.886370164935
1	I2650	1	240.633696657343	235.352633814339	245.914759500347	-474.521998231039	-18.3578808067095	1	TRUE	234.609932271407	193.133932271407	189.800143791437	194.535715880471
1	I2651	1	240.633696657343	235.352633814339	245.914759500347	-474.521998231039	-9.52417278937586	1	TRUE	242.83256682503	183.53156682503	180.198201937534	188.414655850535
1	I2657	1	240.633696657343	235.352633814339	245.914759500347	-474.521998231039	-19.2792402566309	1	TRUE	237.53724478548	210.51524478548	204.663139656939	210.787078669969
1	I2659	1	240.633696657343	235.352633814339	245.914759500347	-474.521998231039	-38.3416564587261	1	TRUE	213.448928883426	204.041928883426	199.872631276462	204.081689990305
1	I2932	1	240.633696657343	235.352633814339	245.914759500347	-474.521998231039	-10.7740858947578	1	TRUE	251.430141716495	155.653141716495	153.708941682847	161.268030251563
1	I2933	1	240.633696657343	235.352633814339	245.914759500347	-474.521998231039	-23.2728602324876	1	TRUE	214.421540040156	175.970540040156	172.861454493396	177.094328094862
1	I2934	1	240.633696657343	235.352633814339	245.914759500347	-474.521998231039	-11.4207203310006	1	TRUE	246.031079866485	177.742079866485	177.860067477041	188.698576187675
1	I2935	1	240.633696657343	235.352633814339	245.914759500347	-474.521998231039	-14.2925348248689	1	TRUE	252.438746916084	175.263746916084	174.759983347198	187.810255786784
1	I2977	1	240.633696657343	235.352633814339	245.914759500347	-474.521998231039	-9.11834508435934	1	TRUE	236.645309409319	176.655309409319	166.664093092483	176.881682579174
1	I2978	1	240.633696657343	235.352633814339	245.914759500347	-474.521998231039	-18.9631395636101	1	TRUE	287.159073530255	180.968073530255	177.935967511657	188.429179986546
1	I2979	1	240.633696657343	235.352633814339	245.914759500347	-474.521998231039	-9.30249236746612	1	TRUE	235.779006479884	187.608006479884	174.782274325898	188.442903295628
1	I2980	1	240.633696657343	235.352633814339	245.914759500347	-474.521998231039	-10.5072834559495	1	TRUE	235.69412901142	185.13112901142	180.622256953211	189.49296470908
1	I2988	1	240.633696657343	235.352633814339	245.914759500347	-474.521998231039	-35.6725398177101	1	TRUE	273.490350160203	191.690350160203	189.792063222464	195.017068430184
1	I3085	1	240.633696657343	235.352633814339	245.914759500347	-474.521998231039	-10.9490343595949	1	TRUE	251.846986664151	178.235986664151	178.07140173729	188.613283269786
1	I3133	1	240.633696657343	235.352633814339	245.914759500347	-474.521998231039	-40.7261082552033	1	TRUE	270.180307233042	190.881307233042	190.35629284074	198.425842081047
1	I3134	1	240.633696657343	235.352633814339	245.914759500347	-474.521998231039	-12.3823032105705	1	TRUE	224.13988260543	193.49788260543	190.471461955523	198.993529983557
1	I3136	1	240.633696657343	235.352633814339	245.914759500347	-474.521998231039	-12.0868943097854	1	TRUE	251.24692768721	192.07592768721	190.111857382085	195.101463586271
1	I3138	1	240.633696657343	235.352633814339	245.914759500347	-474.521998231039	-18.806150824603	1	TRUE	214.900958715338	187.428958715338	174.842555743878	187.660767484762
1	I5370	1	240.633696657343	235.352633814339	245.914759500347	-474.521998231039	-9.33227857421316	1	TRUE	239.745287588857	198.859287588857	188.203075453348	211.720717797143
1	I5371	1	240.633696657343	235.352633814339	245.914759500347	-474.521998231039	-11.6679097602022	1	TRUE	230.507628349796	210.156628349796	190.973375115136	212.176770950173
1	I6764	1	240.633696657343	235.352633814339	245.914759500347	-474.521998231039	-9.66423564471751	1	TRUE	246.714717658763	188.161717658763	160.896931804433	204.041122732659
1	I7554	1	240.633696657343	235.352633814339	245.914759500347	-474.521998231039	-10.3908146521489	1	TRUE	243.184692518877	185.229692518877	180.672012414323	189.715390267599
2	I2630	2	259.454285548865	249.858741362724	269.049829735006	-362.409654762965	-11.2099090684983	1	FALSE	267.126651673773	158.402651673773	157.652636989885	163.008135580396
2	I2631	1	230.648983738298	224.315316769917	236.98265070668	-362.409654762965	-18.5734211784219	1	FALSE	194.040216215214	183.237216215214	173.916794819337	185.913679285411
2	I2633	1	230.648983738298	224.315316769917	236.98265070668	-362.409654762965	-13.0419776559278	1	FALSE	245.09252825212	202.68752825212	199.7081362429	204.097395083655
2	I2634	2	259.454285548865	249.858741362724	269.049829735006	-362.409654762965	-9.89388047210623	1	FALSE	253.577127622821	197.029127622821	195.808786722638	201.884750184844
2	I2635	2	259.454285548865	249.858741362724	269.049829735006	-362.409654762965	-14.6514553008484	1	FALSE	233.033592596783	196.172592596783	195.314646241137	199.789503458821
2	I2636	1	230.648983738298	224.315316769917	236.98265070668	-362.409654762965	-11.0872946445499	1	FALSE	219.841703064246	193.964703064246	189.963892316512	195.092948119939
2	I2637	1	230.648983738298	224.315316769917	236.98265070668	-362.409654762965	-10.5996032832883	1	FALSE	239.711364690103	190.306364690103	189.03822307336	194.747828918241
2	I2650	1	230.648983738298	224.315316769917	236.98265070668	-362.409654762965	-12.7352448323328	1	FALSE	234.064623569713	192.588623569713	189.762284038227	194.555392667289
2	I2651	1	230.648983738298	224.315316769917	236.98265070668	-362.409654762965	-13.3094198844065	1	FALSE	242.248624922464	182.947624922464	180.155944031314	188.330279156882
2	I2657	1	230.648983738298	224.315316769917	236.98265070668	-362.409654762965	-14.8101593309975	1	FALSE	233.843838330843	206.821838330843	204.514881367308	210.613482447887
2	I2659	1	230.648983738298	224.315316769917	236.98265070668	-362.409654762965	-21.0933533674656	1	FALSE	212.687296092287	203.280296092287	199.79472188423	204.072013252879
2	I2932	2	259.454285548865	249.858741362724	269.049829735006	-362.409654762965	-10.5729397954544	1	FALSE	249.749997838631	153.972997838631	153.70155538558	161.279910189752
2	I2933	1	230.648983738298	224.315316769917	236.98265070668	-362.409654762965	-13.6565245204753	1	FALSE	215.119077925369	176.668077925369	172.771748993328	177.076195634547
2	I2934	2	259.454285548865	249.858741362724	269.049829735006	-362.409654762965	-11.2338065895705	1	FALSE	252.036840332408	183.747840332408	177.838328489419	188.679558268467
2	I2935	2	259.454285548865	249.858741362724	269.049829735006	-362.409654762965	-12.0453963483774	1	FALSE	253.33188354063	176.15688354063	175.090479308351	188.472512378133
2	I2977	1	230.648983738298	224.315316769917	236.98265070668	-362.409654762965	-8.80936105030743	1	FALSE	227.671726266514	167.681726266514	166.734971001162	176.789126110945
2	I2978	2	259.454285548865	249.858741362724	269.049829735006	-362.409654762965	-17.3825411278236	1	FALSE	291.907776994788	185.716776994788	178.064510629363	188.448732310979
2	I2979	1	230.648983738298	224.315316769917	236.98265070668	-362.409654762965	-9.2513894686903	1	FALSE	235.405988463136	187.234988463136	174.855281394287	188.25707663736
2	I2980	2	259.454285548865	249.858741362724	269.049829735006	-362.409654762965	-12.948411336179	1	FALSE	240.117784351644	189.554784351644	180.560240365263	189.550461096852
2	I2988	2	259.454285548865	249.858741362724	269.049829735006	-362.409654762965	-14.6290582303827	1	FALSE	273.765742800701	191.965742800701	189.935014522543	195.083956015639
2	I3085	2	259.454285548865	249.858741362724	269.049829735006	-362.409654762965	-9.88059533128358	1	FALSE	253.741336029164	180.130336029164	178.07648325043	188.69151725946
2	I3133	2	259.454285548865	249.858741362724	269.049829735006	-362.409654762965	-15.133398437219	1	FALSE	270.502894520145	191.203894520145	190.454320945029	198.985318730552
2	I3134	1	230.648983738298	224.315316769917	236.98265070668	-362.409654762965	-11.0784966898774	1	FALSE	221.227124868625	190.585124868625	190.48761801526	199.045531980168
2	I3136	2	259.454285548865	249.858741362724	269.049829735006	-362.409654762965	-11.6020122494575	1	FALSE	250.305377776811	191.134377776812	190.116861304708	195.064598859622
2	I3138	1	230.648983738298	224.315316769917	236.98265070668	-362.409654762965	-14.5490474499456	1	FALSE	211.426728934847	183.954728934847	174.633724789662	187.566624583144
2	I5370	1	230.648983738298	224.315316769917	236.98265070668	-362.409654762965	-8.43915799367038	1	FALSE	230.573288814457	189.687288814457	188.050368943223	211.348576447926
2	I5371	1	230.648983738298	224.315316769917	236.98265070668	-362.409654762965	-8.40036740183447	1	FALSE	231.208740865322	210.857740865322	189.540216887981	212.107332254527
2	I6764	2	259.454285548865	249.858741362724	269.049829735006	-362.409654762965	-9.22837623381109	1	FALSE	260.162407677149	201.609407677149	160.588935158531	204.352132121234
2	I7554	2	259.454285548865	249.858741362724	269.049829735006	-362.409654762965	-12.5630554897624	1	FALSE	241.455295291704	183.500295291704	180.67928248049	189.646669213608
3	I2630	3	263.225276444145	253.350141388983	273.100411499306	-313.543366928231	-9.90703827888851	1	FALSE	267.860949835594	159.136949835594	157.67704455827	163.030434346022
3	I2631	1	216.737383144785	205.500508307608	227.974257981961	-313.543366928231	-16.6003098856379	1	FALSE	195.308645480738	184.505645480738	173.590764634053	185.827285747706
3	I2633	2	236.347253392276	228.797261956723	243.897244827829	-313.543366928231	-9.63469423210166	1	FALSE	243.306479259217	200.901479259217	199.681705419509	204.065196481018
3	I2634	3	263.225276444145	253.350141388983	273.100411499306	-313.543366928231	-11.2470736936129	1	FALSE	252.666813217385	196.118813217385	195.7840035899	201.901010224802
3	I2635	1	216.737383144785	205.500508307608	227.974257981961	-313.543366928231	-13.2438610746676	1	FALSE	235.346379890206	198.485379890206	195.373466135911	199.775665295711
3	I2636	1	216.737383144785	205.500508307608	227.974257981961	-313.543366928231	-9.54351555537504	1	FALSE	217.46492390602	191.58792390602	189.952113923878	195.100117259638
3	I2637	2	236.347253392276	228.797261956723	243.897244827829	-313.543366928231	-8.21506880839992	1	FALSE	238.795407070833	189.390407070833	189.078715023792	194.756702254443
3	I2650	2	236.347253392276	228.797261956723	243.897244827829	-313.543366928231	-9.6890951382954	1	FALSE	232.350382345604	190.874382345604	189.865421780052	194.509053461445
3	I2651	2	236.347253392276	228.797261956723	243.897244827829	-313.543366928231	-8.43931725113844	1	FALSE	241.36849945879	182.06749945879	180.198964402745	188.321022597375
3	I2657	2	236.347253392276	228.797261956723	243.897244827829	-313.543366928231	-9.42469199629181	1	FALSE	235.452074350576	208.430074350576	204.594836831109	210.718223482532
3	I2659	1	216.737383144785	205.500508307608	227.974257981961	-313.543366928231	-11.9358356820782	1	FALSE	213.533366155937	204.126366155937	199.731859334994	203.997017729724
3	I2932	3	263.225276444145	253.350141388983	273.100411499306	-313.543366928231	-9.78902605889653	1	FALSE	256.485469657227	160.708469657227	153.716218739981	161.322301261127
3	I2933	1	216.737383144785	205.500508307608	227.974257981961	-313.543366928231	-9.69782686601188	1	FALSE	213.522297676194	175.071297676194	172.73066881197	177.086025526557
3	I2934	3	263.225276444145	253.350141388983	273.100411499306	-313.543366928231	-12.4117998769641	1	FALSE	247.274708643541	178.985708643541	177.874232766344	188.695708832834
3	I2935	3	263.225276444145	253.350141388983	273.100411499306	-313.543366928231	-10.2901293238991	1	FALSE	265.143128346605	187.968128346605	174.956037797207	188.593543606579
3	I2977	2	236.347253392276	228.797261956723	243.897244827829	-313.543366928231	-9.01930159221377	1	FALSE	233.007589874915	173.017589874915	166.562155847333	176.659199601427
3	I2978	3	263.225276444145	253.350141388983	273.100411499306	-313.543366928231	-16.9782514250759	1	FALSE	288.751465864305	182.560465864305	177.804957243403	188.478103060122
3	I2979	1	216.737383144785	205.500508307608	227.974257981961	-313.543366928231	-9.90475760144838	1	FALSE	222.732190048665	174.561190048665	174.773177407489	188.313087373564
3	I2980	2	236.347253392276	228.797261956723	243.897244827829	-313.543366928231	-12.315575254529	1	FALSE	231.825400937849	181.262400937849	180.61779427193	189.620711120827
3	I2988	3	263.225276444145	253.350141388983	273.100411499306	-313.543366928231	-11.0539912050838	1	FALSE	271.739882385512	189.939882385512	189.795345695767	195.076268781933
3	I3085	3	263.225276444145	253.350141388983	273.100411499306	-313.543366928231	-10.3602136429966	1	FALSE	254.492593426057	180.881593426057	177.993016833477	188.737071189335
3	I3133	3	263.225276444145	253.350141388983	273.100411499306	-313.543366928231	-12.0170449963554	1	FALSE	270.357279716044	191.058279716044	190.472739689447	198.634462229254
3	I3134	1	216.737383144785	205.500508307608	227.974257981961	-313.543366928231	-10.1569680384057	1	FALSE	222.812675359018	192.170675359018	190.476125175857	199.000366383724
3	I3136	3	263.225276444145	253.350141388983	273.100411499306	-313.543366928231	-11.6861569218257	1	FALSE	254.290590604844	195.119590604844	190.142995776562	195.051318858003
3	I3138	1	216.737383144785	205.500508307608	227.974257981961	-313.543366928231	-9.41589016496989	1	FALSE	213.827888857905	186.355888857905	174.46613407594	187.550973690886
3	I5370	2	236.347253392276	228.797261956723	243.897244827829	-313.543366928231	-8.27808736990009	1	FALSE	240.866968335876	199.980968335876	188.353574097709	211.674332451221
3	I5371	1	216.737383144785	205.500508307608	227.974257981961	-313.543366928231	-10.0280402305535	1	FALSE	217.537205384787	197.186205384787	188.657081986166	212.016945169307
3	I6764	3	263.225276444145	253.350141388983	273.100411499306	-313.543366928231	-9.20120220690017	1	FALSE	262.379099568479	203.826099568479	159.836289121781	204.299091052817
3	I7554	3	263.225276444145	253.350141388983	273.100411499306	-313.543366928231	-13.0586025557138	1	FALSE	243.750793886579	185.795793886579	180.683600566009	189.629160280855
4	I2630	4	271.219677166176	258.564101858307	283.875252474046	-292.111261636304	-7.32338390111682	1	FALSE	269.368516839055	160.644516839055	157.735407114765	162.976580932923
4	I2631	3	248.530988231597	235.338114106601	261.723862356593	-292.111261636304	-18.2400334980591	1	FALSE	196.93478812591	186.13178812591	173.788125877345	185.786903901657
4	I2633	3	248.530988231597	235.338114106601	261.723862356593	-292.111261636304	-11.8174571043702	1	FALSE	246.188312226779	203.783312226779	199.696349623104	204.116178763345
4	I2634	3	248.530988231597	235.338114106601	261.723862356593	-292.111261636304	-12.0278430988927	1	FALSE	254.70072896045	198.15272896045	195.815462308428	201.89324052641
4	I2635	3	248.530988231597	235.338114106601	261.723862356593	-292.111261636304	-12.2398632612117	1	FALSE	233.518753243693	196.657753243693	195.377716844035	199.751690269311
4	I2636	1	212.836714289182	201.058932256985	224.614496321378	-292.111261636304	-7.89784344773739	1	FALSE	216.307417808189	190.430417808189	189.982706830561	195.085593409012
4	I2637	2	233.695596956001	225.878645297083	241.51254861492	-292.111261636304	-8.73032174333938	1	FALSE	238.512149996562	189.107149996562	189.059163588645	194.838332546178
4	I2650	2	233.695596956001	225.878645297083	241.51254861492	-292.111261636304	-7.9960099012801	1	FALSE	232.835890693233	191.359890693233	189.821053627778	194.487604815035
4	I2651	2	233.695596956001	225.878645297083	241.51254861492	-292.111261636304	-9.09872640900397	1	FALSE	240.296734198285	180.995734198285	180.20013157877	188.304028464814
4	I2657	2	233.695596956001	225.878645297083	241.51254861492	-292.111261636304	-9.02495268897336	1	FALSE	232.453603654304	205.431603654304	204.590431671405	210.731459617235
4	I2659	1	212.836714289182	201.058932256985	224.614496321378	-292.111261636304	-8.98548506279566	1	FALSE	209.787472237959	200.380472237959	199.78790088568	204.013458139245
4	I2932	3	248.530988231597	235.338114106601	261.723862356593	-292.111261636304	-11.0858284955941	1	FALSE	255.461378353879	159.684378353879	153.702436095104	161.263721124502
4	I2933	1	212.836714289182	201.058932256985	224.614496321378	-292.111261636304	-7.74129194585609	1	FALSE	211.824548718169	173.373548718169	172.730993013172	177.079174887962
4	I2934	3	248.530988231597	235.338114106601	261.723862356593	-292.111261636304	-10.5550691372511	1	FALSE	251.885019984331	183.596019984331	177.818446610327	188.527797497193
4	I2935	4	271.219677166176	258.564101858307	283.875252474046	-292.111261636304	-7.93314791455783	1	FALSE	265.418408400648	188.243408400648	175.116695303028	188.339581444261
4	I2977	2	233.695596956001	225.878645297083	241.51254861492	-292.111261636304	-8.89912158499717	1	FALSE	234.328914128004	174.338914128004	166.605037554833	176.832464852442
4	I2978	3	248.530988231597	235.338114106601	261.723862356593	-292.111261636304	-16.6298223179256	1	FALSE	284.408673796162	178.217673796162	177.923939551877	188.527285133159
4	I2979	1	212.836714289182	201.058932256985	224.614496321378	-292.111261636304	-10.2985888991041	1	FALSE	223.063512977847	174.892512977847	174.807992323691	188.060604813185
4	I2980	3	248.530988231597	235.338114106601	261.723862356593	-292.111261636304	-10.9609041314479	1	FALSE	237.421787196139	186.858787196139	180.532683493769	189.496733749643
4	I2988	4	271.219677166176	258.564101858307	283.875252474046	-292.111261636304	-7.8570829937187	1	FALSE	274.438347770404	192.638347770404	189.907688409639	195.02417328901
4	I3085	3	248.530988231597	235.338114106601	261.723862356593	-292.111261636304	-10.2008448541953	1	FALSE	253.776970772704	180.165970772704	178.061916699134	188.642437833382
4	I3133	4	271.219677166176	258.564101858307	283.875252474046	-292.111261636304	-7.61394112213787	1	FALSE	276.104955628365	196.805955628365	190.48904983739	198.881206036911
4	I3134	2	233.695596956001	225.878645297083	241.51254861492	-292.111261636304	-12.3837457530856	1	FALSE	225.69665283496	195.05465283496	190.429958000726	199.055888036274
4	I3136	3	248.530988231597	235.338114106601	261.723862356593	-292.111261636304	-10.7394573334445	1	FALSE	252.247277498472	193.076277498472	190.162441683571	194.996882751601
4	I3138	1	212.836714289182	201.058932256985	224.614496321378	-292.111261636304	-9.30561316201019	1	FALSE	210.866836661805	183.394836661805	174.213209691856	187.535793499326
4	I5370	2	233.695596956001	225.878645297083	241.51254861492	-292.111261636304	-7.81399999668813	1	FALSE	230.993321890537	190.107321890537	187.942326036282	211.537078847323
4	I5371	1	212.836714289182	201.058932256985	224.614496321378	-292.111261636304	-7.67279316416947	1	FALSE	209.914864778029	189.563864778029	188.578773027984	211.869663622929
4	I6764	3	248.530988231597	235.338114106601	261.723862356593	-292.111261636304	-10.2933039747976	1	FALSE	245.716605007143	187.163605007143	160.012320811032	204.156834777137
4	I7554	3	248.530988231597	235.338114106601	261.723862356593	-292.111261636304	-10.7447847385425	1	FALSE	238.781260709602	180.826260709602	180.66957767164	189.649808752723
