# CLUSTERING STRENGTH + LIKELIHOOD K SELECTION RESULTS (DATES)
# Recommended K: 2
# Method: DATES
# Clustering strength threshold: 0.983
# Likelihood thresholds: k1 to k2(k=2):1.2 k1 to k2(k=3):2.59 k2 to k3:0.71 k3 to k4:0.49
#
model_k	pop	cluster	joint_date_est_best	joint_date_lowerci	joint_date_upperci	likelihood_mean	likelihood_per_ind	recommended_k	is_recommended	ind_date_est	sample_age_est_best	sample_age_lowerci_mean	sample_age_upperci_mean
1	I0258	1	225.55990404062	220.929038936457	230.190769144784	-1239.65860186627	-13.7335436931165	2	FALSE	247.670853237839	158.815853237839	150.321988993008	170.752256546568
1	I0262	1	225.55990404062	220.929038936457	230.190769144784	-1239.65860186627	-16.6654706029585	2	FALSE	272.345810369252	166.291810369252	150.331801126886	170.4711289592
1	I0263	1	225.55990404062	220.929038936457	230.190769144784	-1239.65860186627	-18.2941228589434	2	FALSE	288.801654856041	155.320654856041	150.445496937692	170.748022889186
1	I0455	1	225.55990404062	220.929038936457	230.190769144784	-1239.65860186627	-13.0464413826898	2	FALSE	247.878590908221	170.578590908221	164.133149368156	173.090780979339
1	I0459	1	225.55990404062	220.929038936457	230.190769144784	-1239.65860186627	-36.9354043763543	2	FALSE	205.655961470308	159.893961470308	150.250726615611	162.324399175954
1	I0460	1	225.55990404062	220.929038936457	230.190769144784	-1239.65860186627	-15.001292228534	2	FALSE	221.933112538986	153.023112538986	148.621524078056	157.256198169127
1	I0823	1	225.55990404062	220.929038936457	230.190769144784	-1239.65860186627	-23.1913304816622	2	FALSE	210.710937885579	158.997937885579	150.665489245813	170.634089806782
1	I0826	1	225.55990404062	220.929038936457	230.190769144784	-1239.65860186627	-13.0749063138311	2	FALSE	209.658892743972	160.130892743972	158.345806621906	170.657076050682
1	I1271	1	225.55990404062	220.929038936457	230.190769144784	-1239.65860186627	-12.0500188203526	2	FALSE	217.001850195273	161.552850195273	152.493120580246	172.729603605279
1	I1272	1	225.55990404062	220.929038936457	230.190769144784	-1239.65860186627	-34.7144018519878	2	FALSE	225.589984314598	161.482984314598	158.898716316999	171.203360939475
1	I1276	1	225.55990404062	220.929038936457	230.190769144784	-1239.65860186627	-15.7881449205797	2	FALSE	216.494333227502	161.242333227502	152.556028654466	172.809702155522
1	I1277	1	225.55990404062	220.929038936457	230.190769144784	-1239.65860186627	-117.735908847155	2	FALSE	208.355587050094	161.004587050095	154.995508765952	161.342849853215
1	I1280	1	225.55990404062	220.929038936457	230.190769144784	-1239.65860186627	-26.6940005533962	2	FALSE	227.366366740247	172.909366740247	153.377894681346	172.726097262972
1	I1281	1	225.55990404062	220.929038936457	230.190769144784	-1239.65860186627	-11.1948895227317	2	FALSE	223.316196138909	165.439196138909	161.781853853039	171.701307429162
1	I1282	1	225.55990404062	220.929038936457	230.190769144784	-1239.65860186627	-13.7939300880927	2	FALSE	244.077002127657	168.118002127657	152.41458971282	172.715476521158
1	I1284	1	225.55990404062	220.929038936457	230.190769144784	-1239.65860186627	-19.6507231307803	2	FALSE	225.877116641123	164.852116641123	152.515404720741	172.519741886354
1	I1300	1	225.55990404062	220.929038936457	230.190769144784	-1239.65860186627	-18.921375506442	2	FALSE	228.811842085253	172.537842085253	152.886065869201	172.89164816229
1	I1303	1	225.55990404062	220.929038936457	230.190769144784	-1239.65860186627	-13.2215685222937	2	FALSE	221.162985690781	162.810985690781	152.6759587057	172.73368376644
1	I1838	1	225.55990404062	220.929038936457	230.190769144784	-1239.65860186627	-23.8733831480662	2	FALSE	231.42486101244	183.66886101244	174.872510108951	188.882635810383
1	I1842	1	225.55990404062	220.929038936457	230.190769144784	-1239.65860186627	-11.7737474216825	2	FALSE	215.3101468506	174.9631468506	169.789480393353	176.667025196033
1	I1843	1	225.55990404062	220.929038936457	230.190769144784	-1239.65860186627	-15.122239322105	2	FALSE	205.846425728501	177.043425728501	173.359560417904	177.174441948569
1	I1845	1	225.55990404062	220.929038936457	230.190769144784	-1239.65860186627	-10.9207482583922	2	FALSE	222.489077411694	170.870077411694	164.846078898647	179.981410783304
1	I1846	1	225.55990404062	220.929038936457	230.190769144784	-1239.65860186627	-24.0879098399164	2	FALSE	264.600512742885	166.299512742885	164.530783007555	179.343459829896
1	I1975	1	225.55990404062	220.929038936457	230.190769144784	-1239.65860186627	-14.219936198803	2	FALSE	228.296515493564	179.372515493564	173.195538718882	179.817231714019
1	I1976	1	225.55990404062	220.929038936457	230.190769144784	-1239.65860186627	-10.9580108715113	2	FALSE	230.291667333412	157.205667333412	153.609640920688	161.320821696207
1	I1978	1	225.55990404062	220.929038936457	230.190769144784	-1239.65860186627	-33.0771589098308	2	FALSE	231.824660238549	171.683660238549	164.721548581739	179.396577804229
1	I1981	1	225.55990404062	220.929038936457	230.190769144784	-1239.65860186627	-25.8733379072075	2	FALSE	268.909906320568	174.689906320568	172.910379229585	177.123486748314
1	I2467	1	225.55990404062	220.929038936457	230.190769144784	-1239.65860186627	-15.2687153114575	2	FALSE	209.718441307269	156.024441307269	148.867013525198	157.711460705223
1	I2473	1	225.55990404062	220.929038936457	230.190769144784	-1239.65860186627	-30.059918811406	2	FALSE	207.229717886118	173.336717886118	166.476742597834	173.650391123856
1	I3269	1	225.55990404062	220.929038936457	230.190769144784	-1239.65860186627	-36.9299748499987	2	FALSE	257.92364386288	170.48564386288	169.724256864616	176.344857793966
1	I3270	1	225.55990404062	220.929038936457	230.190769144784	-1239.65860186627	-39.207935377051	2	FALSE	242.413391121416	170.405391121416	169.709533682326	176.412147043863
1	I3271	1	225.55990404062	220.929038936457	230.190769144784	-1239.65860186627	-17.3450489246477	2	FALSE	221.063755647149	174.423755647149	169.830904877661	176.605952980171
1	I3272	1	225.55990404062	220.929038936457	230.190769144784	-1239.65860186627	-12.7555702051147	2	FALSE	227.998693738067	187.692693738067	173.70618810388	187.363425245459
1	I3277	1	225.55990404062	220.929038936457	230.190769144784	-1239.65860186627	-16.9078500279687	2	FALSE	262.148243445392	172.500243445392	171.569486348224	181.745924170391
1	I4247	1	225.55990404062	220.929038936457	230.190769144784	-1239.65860186627	-33.8483094479891	2	FALSE	180.348181266898	153.232181266898	148.904214909712	157.434690648707
1	I4565	1	225.55990404062	220.929038936457	230.190769144784	-1239.65860186627	-11.6062036688903	2	FALSE	226.104220574622	177.486220574622	173.532864594895	177.491548222848
1	I5838	1	225.55990404062	220.929038936457	230.190769144784	-1239.65860186627	-11.6679723400188	2	FALSE	236.2259018266	153.2749018266	152.336777178861	172.581202206826
1	I6543	1	225.55990404062	220.929038936457	230.190769144784	-1239.65860186627	-10.8319034001238	2	FALSE	226.309239016379	149.643239016379	130.995952052326	161.536767979664
1	I6584	1	225.55990404062	220.929038936457	230.190769144784	-1239.65860186627	-17.0086625634578	2	FALSE	236.559256362186	141.133256362186	141.500466978843	157.511286633962
1	I6587	1	225.55990404062	220.929038936457	230.190769144784	-1239.65860186627	-11.4703468544554	2	FALSE	236.441265200603	152.411265200603	141.575136738954	158.421917136729
1	I6604	1	225.55990404062	220.929038936457	230.190769144784	-1239.65860186627	-12.8516648931359	2	FALSE	218.175767850203	144.152767850203	137.648764005214	145.49469202564
1	I6609	1	225.55990404062	220.929038936457	230.190769144784	-1239.65860186627	-14.3544945793978	2	FALSE	254.516314275307	140.998314275307	131.220736910036	161.598658959015
1	I6612	1	225.55990404062	220.929038936457	230.190769144784	-1239.65860186627	-14.8716975414106	2	FALSE	241.098638607285	155.558638607285	131.48635937982	161.581132686489
1	I6617	1	225.55990404062	220.929038936457	230.190769144784	-1239.65860186627	-18.2205513649798	2	FALSE	256.891217904011	165.761217904011	152.425132496199	172.50257909431
1	I6622	1	225.55990404062	220.929038936457	230.190769144784	-1239.65860186627	-16.8265489516934	2	FALSE	187.695544601241	144.644544601241	131.622897347219	161.746558865956
1	I6628	1	225.55990404062	220.929038936457	230.190769144784	-1239.65860186627	-19.9798612883353	2	FALSE	266.619145007759	152.374145007759	152.149329257996	172.274363562548
1	I7587	1	225.55990404062	220.929038936457	230.190769144784	-1239.65860186627	-14.9643662313944	2	FALSE	232.761315180853	160.289315180853	159.118584866103	172.752128696635
1	I8131	1	225.55990404062	220.929038936457	230.190769144784	-1239.65860186627	-23.246023835371	2	FALSE	325.150577975301	154.290577975301	154.050650843885	161.452038402669
1	I8149	1	225.55990404062	220.929038936457	230.190769144784	-1239.65860186627	-24.2482490653697	2	FALSE	205.023852744638	170.315852744638	159.792191096182	172.98925726608
1	I8153	1	225.55990404062	220.929038936457	230.190769144784	-1239.65860186627	-12.8182829897827	2	FALSE	213.668314132456	169.328314132456	159.333897301029	172.962188645616
1	I8154	1	225.55990404062	220.929038936457	230.190769144784	-1239.65860186627	-46.5397697450973	2	FALSE	304.255074654063	161.579074654063	159.194255596958	172.410675830075
1	I8197	1	225.55990404062	220.929038936457	230.190769144784	-1239.65860186627	-20.6954205540045	2	FALSE	236.577202598363	159.661202598363	159.09663751555	172.146512927055
1	I8198	1	225.55990404062	220.929038936457	230.190769144784	-1239.65860186627	-12.3186127357483	2	FALSE	210.607367788507	161.635367788507	159.448836718552	172.944873540879
1	I8199	1	225.55990404062	220.929038936457	230.190769144784	-1239.65860186627	-58.6075315719228	2	FALSE	268.127440362569	159.655440362569	159.10427878037	170.939362947829
1	I8364	1	225.55990404062	220.929038936457	230.190769144784	-1239.65860186627	-21.8079827729502	2	FALSE	216.913708468872	161.980708468872	161.545108944973	166.211551464071
1	I8365	1	225.55990404062	220.929038936457	230.190769144784	-1239.65860186627	-22.1175393346352	2	FALSE	277.906759059441	161.992759059441	161.503770418264	166.118438983635
1	I8569	1	225.55990404062	220.929038936457	230.190769144784	-1239.65860186627	-16.6676470490422	2	FALSE	262.473114281238	166.149114281238	163.67774005111	171.990537952952
2	I0258	2	259.787434468695	247.449779873557	272.125089063833	-856.536735431518	-12.4464042027116	2	TRUE	259.229899703477	170.374899703477	150.645064051787	170.804493418919
2	I0262	2	259.787434468695	247.449779873557	272.125089063833	-856.536735431518	-12.4163250083872	2	TRUE	271.687497989204	165.633497989204	150.666282331014	171.004203738578
2	I0263	2	259.787434468695	247.449779873557	272.125089063833	-856.536735431518	-15.1617849123027	2	TRUE	302.054224295063	168.573224295063	150.376916278162	170.763096652392
2	I0455	2	259.787434468695	247.449779873557	272.125089063833	-856.536735431518	-13.1807710952294	2	TRUE	242.236900413794	164.936900413794	164.132749204682	173.197067268568
2	I0459	1	219.598485195239	214.571354519091	224.625615871387	-856.536735431518	-15.3694420989968	2	TRUE	205.333033177365	159.571033177365	149.371001619979	162.133897089266
2	I0460	2	259.787434468695	247.449779873557	272.125089063833	-856.536735431518	-15.1723876062707	2	TRUE	221.539886061967	152.629886061967	148.668953158357	157.232624593212
2	I0823	2	259.787434468695	247.449779873557	272.125089063833	-856.536735431518	-22.0600814287446	2	TRUE	219.48021795655	167.76721795655	150.406090880278	170.878733503299
2	I0826	2	259.787434468695	247.449779873557	272.125089063833	-856.536735431518	-16.1129887620807	2	TRUE	213.365489291211	163.837489291211	158.270892888078	170.560331616683
2	I1271	1	219.598485195239	214.571354519091	224.625615871387	-856.536735431518	-10.475983045926	2	TRUE	222.914082674088	167.465082674088	152.460252219212	172.52299634773
2	I1272	1	219.598485195239	214.571354519091	224.625615871387	-856.536735431518	-12.2718579915535	2	TRUE	226.701575327255	162.594575327255	158.787030345178	171.310805460479
2	I1276	1	219.598485195239	214.571354519091	224.625615871387	-856.536735431518	-9.29828817442771	2	TRUE	226.091901320038	170.839901320038	152.161314501427	172.391651633163
2	I1277	1	219.598485195239	214.571354519091	224.625615871387	-856.536735431518	-33.9614708197166	2	TRUE	208.629938987259	161.278938987259	153.84785618783	161.333124786539
2	I1280	1	219.598485195239	214.571354519091	224.625615871387	-856.536735431518	-8.72114968732981	2	TRUE	216.391866603198	161.934866603198	153.168873177866	172.481820969344
2	I1281	1	219.598485195239	214.571354519091	224.625615871387	-856.536735431518	-10.8070776230833	2	TRUE	223.041827296893	165.164827296893	161.858583212165	171.862419215762
2	I1282	2	259.787434468695	247.449779873557	272.125089063833	-856.536735431518	-13.3416903111827	2	TRUE	238.049285193907	162.090285193907	152.685104031116	172.773085760751
2	I1284	1	219.598485195239	214.571354519091	224.625615871387	-856.536735431518	-9.44443243469156	2	TRUE	226.678024632151	165.653024632151	152.017708554672	172.714373641814
2	I1300	1	219.598485195239	214.571354519091	224.625615871387	-856.536735431518	-8.86331660493581	2	TRUE	213.892813930146	157.618813930146	152.566196082625	172.602101636585
2	I1303	1	219.598485195239	214.571354519091	224.625615871387	-856.536735431518	-9.02581318789938	2	TRUE	219.074164954391	160.722164954391	152.414891358307	172.436665494128
2	I1838	1	219.598485195239	214.571354519091	224.625615871387	-856.536735431518	-9.32933153195647	2	TRUE	225.674599410215	177.918599410215	174.818201784976	188.77656390937
2	I1842	1	219.598485195239	214.571354519091	224.625615871387	-856.536735431518	-11.3263680178104	2	TRUE	215.864054645544	175.517054645544	169.778315651347	176.607600875598
2	I1843	1	219.598485195239	214.571354519091	224.625615871387	-856.536735431518	-13.1326626960547	2	TRUE	202.774028115434	173.971028115434	173.326112431097	177.213088734068
2	I1845	2	259.787434468695	247.449779873557	272.125089063833	-856.536735431518	-17.7326294548708	2	TRUE	227.399734418991	175.780734418991	164.565499762341	179.846422177777
2	I1846	2	259.787434468695	247.449779873557	272.125089063833	-856.536735431518	-15.2426283927211	2	TRUE	266.651269810097	168.350269810097	164.568183665885	179.646954527437
2	I1975	1	219.598485195239	214.571354519091	224.625615871387	-856.536735431518	-10.0244612439031	2	TRUE	228.574597101726	179.650597101726	173.158283481219	179.727968928928
2	I1976	2	259.787434468695	247.449779873557	272.125089063833	-856.536735431518	-17.7085646032037	2	TRUE	229.676419234442	156.590419234442	153.542079826039	161.259357040482
2	I1978	1	219.598485195239	214.571354519091	224.625615871387	-856.536735431518	-16.4238584884409	2	TRUE	231.663754396262	171.522754396262	164.516212402044	179.248363810725
2	I1981	2	259.787434468695	247.449779873557	272.125089063833	-856.536735431518	-15.1398122733772	2	TRUE	269.704042870114	175.484042870114	172.941763844175	177.151980779225
2	I2467	1	219.598485195239	214.571354519091	224.625615871387	-856.536735431518	-10.9908419879665	2	TRUE	208.812911982023	155.118911982023	148.845297955504	157.63077651395
2	I2473	1	219.598485195239	214.571354519091	224.625615871387	-856.536735431518	-13.012634731498	2	TRUE	206.707060834602	172.814060834602	166.525279174759	173.682023236694
2	I3269	2	259.787434468695	247.449779873557	272.125089063833	-856.536735431518	-26.7571770515055	2	TRUE	257.346328650386	169.908328650386	169.899263875268	176.532091741849
2	I3270	1	219.598485195239	214.571354519091	224.625615871387	-856.536735431518	-31.7275471346388	2	TRUE	242.609891160809	170.601891160809	169.738925093427	176.282677634818
2	I3271	1	219.598485195239	214.571354519091	224.625615871387	-856.536735431518	-8.14145096525836	2	TRUE	217.784879827209	171.144879827209	169.794273248408	176.592196202753
2	I3272	1	219.598485195239	214.571354519091	224.625615871387	-856.536735431518	-9.17782240442692	2	TRUE	220.721280490315	180.415280490315	173.483310052697	187.155295177163
2	I3277	2	259.787434468695	247.449779873557	272.125089063833	-856.536735431518	-12.5397105410715	2	TRUE	268.754174786076	179.106174786076	171.80194228873	181.848944939806
2	I4247	1	219.598485195239	214.571354519091	224.625615871387	-856.536735431518	-24.1054430166032	2	TRUE	183.5799565213	156.4639565213	148.972740024552	157.440273630816
2	I4565	2	259.787434468695	247.449779873557	272.125089063833	-856.536735431518	-15.2820279312365	2	TRUE	225.039140707655	176.421140707655	173.570146096468	177.501581348185
2	I5838	2	259.787434468695	247.449779873557	272.125089063833	-856.536735431518	-12.0475491873402	2	TRUE	252.985370045843	170.034370045843	152.537360423344	172.559160298718
2	I6543	2	259.787434468695	247.449779873557	272.125089063833	-856.536735431518	-16.5671667438134	2	TRUE	233.938095198277	157.272095198277	131.208071917957	161.758721291844
2	I6584	1	219.598485195239	214.571354519091	224.625615871387	-856.536735431518	-15.3913569876397	2	TRUE	238.551523897886	143.125523897886	141.205221079457	158.352688652874
2	I6587	2	259.787434468695	247.449779873557	272.125089063833	-856.536735431518	-14.1539450323015	2	TRUE	241.884348572436	157.854348572436	141.714673000388	158.595708400077
2	I6604	1	219.598485195239	214.571354519091	224.625615871387	-856.536735431518	-9.72122286129046	2	TRUE	215.372265843613	141.349265843613	137.49706735141	145.379946202531
2	I6609	2	259.787434468695	247.449779873557	272.125089063833	-856.536735431518	-12.7914848590543	2	TRUE	272.844276070871	159.326276070871	130.993109750083	161.368894864094
2	I6612	2	259.787434468695	247.449779873557	272.125089063833	-856.536735431518	-14.8167562929601	2	TRUE	224.710103884369	139.170103884369	131.166755932333	161.573691888251
2	I6617	2	259.787434468695	247.449779873557	272.125089063833	-856.536735431518	-16.753374223252	2	TRUE	248.997987415687	157.867987415687	152.476622566298	172.77404339693
2	I6622	1	219.598485195239	214.571354519091	224.625615871387	-856.536735431518	-15.8876881366483	2	TRUE	197.925398338974	154.874398338974	131.534212762906	161.874704800056
2	I6628	2	259.787434468695	247.449779873557	272.125089063833	-856.536735431518	-13.6445367617107	2	TRUE	273.24112233209	158.99612233209	152.450482562251	172.797563276046
2	I7587	1	219.598485195239	214.571354519091	224.625615871387	-856.536735431518	-12.3707049714883	2	TRUE	234.141132928364	161.669132928364	159.176312999251	172.761647034038
2	I8131	2	259.787434468695	247.449779873557	272.125089063833	-856.536735431518	-18.0550750968535	2	TRUE	330.263048426744	159.403048426744	153.89406798466	161.457140921361
2	I8149	1	219.598485195239	214.571354519091	224.625615871387	-856.536735431518	-15.705349215682	2	TRUE	200.813131864814	166.105131864814	159.639192863084	172.941161471203
2	I8153	1	219.598485195239	214.571354519091	224.625615871387	-856.536735431518	-10.3783168333731	2	TRUE	216.345704284779	172.005704284779	159.330345582649	172.864791221218
2	I8154	2	259.787434468695	247.449779873557	272.125089063833	-856.536735431518	-24.5651730543481	2	TRUE	304.83394626956	162.15794626956	159.262640873286	172.540290005106
2	I8197	1	219.598485195239	214.571354519091	224.625615871387	-856.536735431518	-18.6271897296739	2	TRUE	239.831392891903	162.915392891903	159.066203306429	171.221892509743
2	I8198	2	259.787434468695	247.449779873557	272.125089063833	-856.536735431518	-17.4056676084963	2	TRUE	214.325269705416	165.353269705416	159.386749185754	172.874529995523
2	I8199	2	259.787434468695	247.449779873557	272.125089063833	-856.536735431518	-35.4037965110886	2	TRUE	275.834910392694	167.362910392694	159.199126170382	172.652928614324
2	I8364	1	219.598485195239	214.571354519091	224.625615871387	-856.536735431518	-7.93468437457801	2	TRUE	220.262133740559	165.329133740559	161.5156493029	166.193622278669
2	I8365	2	259.787434468695	247.449779873557	272.125089063833	-856.536735431518	-13.5971090713111	2	TRUE	279.475987627289	163.561987627289	161.47018314238	166.149594402229
2	I8569	2	259.787434468695	247.449779873557	272.125089063833	-856.536735431518	-14.7923504166	2	TRUE	260.542329860895	164.218329860895	163.63264939904	172.015462747626
3	I0258	3	263.409899380128	242.766170221562	284.053628538695	-762.770151842081	-13.2961157269266	2	FALSE	240.569193190648	151.714193190648	150.32605008746	171.130412354666
3	I0262	3	263.409899380128	242.766170221562	284.053628538695	-762.770151842081	-12.3583561312919	2	FALSE	266.562771032827	160.508771032827	150.69734081127	170.620887462615
3	I0263	3	263.409899380128	242.766170221562	284.053628538695	-762.770151842081	-13.9240698513412	2	FALSE	291.889459295918	158.408459295918	150.47561554891	170.781875418366
3	I0455	3	263.409899380128	242.766170221562	284.053628538695	-762.770151842081	-14.0016075717791	2	FALSE	248.51588128085	171.21588128085	163.898266637267	173.200607326688
3	I0459	1	213.229323979975	207.657587010207	218.801060949743	-762.770151842081	-10.2970570394362	2	FALSE	206.417188450723	160.655188450723	148.679006119658	162.281584367156
3	I0460	3	263.409899380128	242.766170221562	284.053628538695	-762.770151842081	-15.1317926902754	2	FALSE	220.51119879452	151.60119879452	148.63158983571	157.167373410232
3	I0823	3	263.409899380128	242.766170221562	284.053628538695	-762.770151842081	-21.6275509686019	2	FALSE	204.345184080513	152.632184080513	150.431880743293	170.685843861553
3	I0826	3	263.409899380128	242.766170221562	284.053628538695	-762.770151842081	-15.9598217745233	2	FALSE	218.752632348017	169.224632348017	158.356541352491	170.661596372194
3	I1271	1	213.229323979975	207.657587010207	218.801060949743	-762.770151842081	-10.0013247532435	2	FALSE	211.91787195097	156.46887195097	152.011364583657	172.51502844821
3	I1272	1	213.229323979975	207.657587010207	218.801060949743	-762.770151842081	-16.7782231805038	2	FALSE	223.22367329053	159.11667329053	158.945942639716	171.324417426633
3	I1276	1	213.229323979975	207.657587010207	218.801060949743	-762.770151842081	-8.74262463541524	2	FALSE	217.175716935728	161.923716935728	152.40333916029	172.883561236002
3	I1277	1	213.229323979975	207.657587010207	218.801060949743	-762.770151842081	-28.0585727873356	2	FALSE	206.715086685203	159.364086685203	153.721147368821	161.29830248616
3	I1280	1	213.229323979975	207.657587010207	218.801060949743	-762.770151842081	-9.23593827701632	2	FALSE	213.979806801501	159.522806801501	152.744508379505	172.485726808996
3	I1281	1	213.229323979975	207.657587010207	218.801060949743	-762.770151842081	-11.1273649446826	2	FALSE	222.940237766768	165.063237766768	161.760609592312	171.770251494167
3	I1282	3	263.409899380128	242.766170221562	284.053628538695	-762.770151842081	-13.8265246689917	2	FALSE	233.912060190526	157.953060190526	152.428329234951	172.558249874107
3	I1284	1	213.229323979975	207.657587010207	218.801060949743	-762.770151842081	-9.01391534444928	2	FALSE	218.010838157457	156.985838157457	152.582447430385	172.654334382346
3	I1300	1	213.229323979975	207.657587010207	218.801060949743	-762.770151842081	-8.25990920570563	2	FALSE	213.533036083373	157.259036083373	152.344744699076	172.754958702717
3	I1303	1	213.229323979975	207.657587010207	218.801060949743	-762.770151842081	-10.4988238353427	2	FALSE	223.794432987038	165.442432987038	152.431459854082	172.476459794811
3	I1838	1	213.229323979975	207.657587010207	218.801060949743	-762.770151842081	-12.8450634676977	2	FALSE	223.995440517267	176.239440517267	174.97373158508	189.009730317077
3	I1842	1	213.229323979975	207.657587010207	218.801060949743	-762.770151842081	-10.7744671516999	2	FALSE	214.268615204641	173.921615204641	169.949554446419	176.526336912024
3	I1843	1	213.229323979975	207.657587010207	218.801060949743	-762.770151842081	-10.6612006977506	2	FALSE	204.920074117231	176.117074117231	173.391934344528	177.245541987821
3	I1845	2	247.470993692459	238.212603148926	256.729384235991	-762.770151842081	-13.5923347536944	2	FALSE	230.93078995641	179.31178995641	164.713884252924	179.962528250835
3	I1846	2	247.470993692459	238.212603148926	256.729384235991	-762.770151842081	-12.403068879428	2	FALSE	263.25082448182	164.94982448182	164.883683886728	179.931114558713
3	I1975	1	213.229323979975	207.657587010207	218.801060949743	-762.770151842081	-11.5419240716121	2	FALSE	226.245473732824	177.321473732824	173.201769585934	179.814288684026
3	I1976	1	213.229323979975	207.657587010207	218.801060949743	-762.770151842081	-13.1540970901595	2	FALSE	227.112095023113	154.026095023113	153.687727028238	161.303387321918
3	I1978	2	247.470993692459	238.212603148926	256.729384235991	-762.770151842081	-15.2076621486593	2	FALSE	238.062994049185	177.921994049185	164.899655822872	180.022906651585
3	I1981	2	247.470993692459	238.212603148926	256.729384235991	-762.770151842081	-14.5670968976188	2	FALSE	270.057988112122	175.837988112122	172.940819497848	177.151768098685
3	I2467	1	213.229323979975	207.657587010207	218.801060949743	-762.770151842081	-10.2710087504304	2	FALSE	204.192375277791	150.498375277791	148.70550636933	157.721654330222
3	I2473	1	213.229323979975	207.657587010207	218.801060949743	-762.770151842081	-11.3719785624076	2	FALSE	203.261829634872	169.368829634872	166.430642944561	173.668182792574
3	I3269	2	247.470993692459	238.212603148926	256.729384235991	-762.770151842081	-10.8071125586966	2	FALSE	258.265687197431	170.827687197431	169.828841590788	176.643447034876
3	I3270	2	247.470993692459	238.212603148926	256.729384235991	-762.770151842081	-10.0044248617389	2	FALSE	244.535142125182	172.527142125182	169.887765096168	176.604953451481
3	I3271	1	213.229323979975	207.657587010207	218.801060949743	-762.770151842081	-9.32277478635357	2	FALSE	219.9280523578	173.2880523578	169.875378356914	176.63292240551
3	I3272	1	213.229323979975	207.657587010207	218.801060949743	-762.770151842081	-9.56649920175718	2	FALSE	219.875353209941	179.569353209941	173.525812335046	187.307587117023
3	I3277	3	263.409899380128	242.766170221562	284.053628538695	-762.770151842081	-13.6541780446661	2	FALSE	266.32255066195	176.67455066195	171.858090639122	181.903219470966
3	I4247	1	213.229323979975	207.657587010207	218.801060949743	-762.770151842081	-19.9140173741103	2	FALSE	182.509997129502	155.393997129502	148.820599577647	157.356674773013
3	I4565	3	263.409899380128	242.766170221562	284.053628538695	-762.770151842081	-16.6976596715149	2	FALSE	224.959517609894	176.341517609894	173.554797328477	177.462350974317
3	I5838	3	263.409899380128	242.766170221562	284.053628538695	-762.770151842081	-13.5221527296355	2	FALSE	249.290053027332	166.339053027332	152.39323221779	172.764833841939
3	I6543	1	213.229323979975	207.657587010207	218.801060949743	-762.770151842081	-12.3617515591536	2	FALSE	221.330406126997	144.664406126997	131.221120148798	161.542648012151
3	I6584	2	247.470993692459	238.212603148926	256.729384235991	-762.770151842081	-8.44945973647602	2	FALSE	248.128971213564	152.702971213564	141.712058935914	158.325164109763
3	I6587	2	247.470993692459	238.212603148926	256.729384235991	-762.770151842081	-14.4259882115623	2	FALSE	226.345407015018	142.315407015018	141.573109948409	158.715372517534
3	I6604	1	213.229323979975	207.657587010207	218.801060949743	-762.770151842081	-9.22837102154105	2	FALSE	212.211943953204	138.188943953204	137.528554589139	145.461428157014
3	I6609	3	263.409899380128	242.766170221562	284.053628538695	-762.770151842081	-12.6004718807059	2	FALSE	270.380712323034	156.862712323034	131.534348043642	161.710885643593
3	I6612	3	263.409899380128	242.766170221562	284.053628538695	-762.770151842081	-13.9670315684199	2	FALSE	238.980100434403	153.440100434403	131.027503353502	161.667432112507
3	I6617	3	263.409899380128	242.766170221562	284.053628538695	-762.770151842081	-16.2513538237135	2	FALSE	250.0384687992	158.9084687992	151.94984688382	172.422741229239
3	I6622	1	213.229323979975	207.657587010207	218.801060949743	-762.770151842081	-14.0260131721584	2	FALSE	201.125748768039	158.074748768039	131.384069430787	161.932739179507
3	I6628	3	263.409899380128	242.766170221562	284.053628538695	-762.770151842081	-16.6310050306794	2	FALSE	282.818669999439	168.573669999439	152.453757841181	172.586941542769
3	I7587	2	247.470993692459	238.212603148926	256.729384235991	-762.770151842081	-11.9863947921632	2	FALSE	233.56542155978	161.09342155978	159.243529289295	172.609172531105
3	I8131	3	263.409899380128	242.766170221562	284.053628538695	-762.770151842081	-17.1777619715344	2	FALSE	328.976976780551	158.116976780551	153.984933293923	161.483294492338
3	I8149	1	213.229323979975	207.657587010207	218.801060949743	-762.770151842081	-9.7660462474348	2	FALSE	204.900173758655	170.192173758655	159.384198399244	172.923860859093
3	I8153	1	213.229323979975	207.657587010207	218.801060949743	-762.770151842081	-10.3734841306413	2	FALSE	206.341409631089	162.001409631089	159.421043708987	172.942918379642
3	I8154	3	263.409899380128	242.766170221562	284.053628538695	-762.770151842081	-28.0788201545314	2	FALSE	311.102504970661	168.426504970661	159.298956716915	172.629483009556
3	I8197	2	247.470993692459	238.212603148926	256.729384235991	-762.770151842081	-8.38870657423717	2	FALSE	246.787168234386	169.871168234386	159.230593122941	172.481419405501
3	I8198	3	263.409899380128	242.766170221562	284.053628538695	-762.770151842081	-18.4930263031268	2	FALSE	215.853250919375	166.881250919375	159.387460475804	172.734136703158
3	I8199	2	247.470993692459	238.212603148926	256.729384235991	-762.770151842081	-20.535043090429	2	FALSE	270.326768368149	161.854768368149	159.30414794545	172.319376901641
3	I8364	1	213.229323979975	207.657587010207	218.801060949743	-762.770151842081	-9.26987992873739	2	FALSE	218.861523366996	163.928523366996	161.469052844215	166.135967830196
3	I8365	3	263.409899380128	242.766170221562	284.053628538695	-762.770151842081	-14.3615472134793	2	FALSE	279.893069396072	163.979069396072	161.55710927703	166.229459499724
3	I8569	3	263.409899380128	242.766170221562	284.053628538695	-762.770151842081	-14.3796803448628	2	FALSE	266.013554207726	169.689554207726	163.685288446759	171.93181971128
4	I0258	3	241.261573447223	214.489154025107	268.03399286934	-699.593594939469	-12.6878582416589	2	FALSE	240.055827919612	151.200827919612	150.408629459395	170.528984219126
4	I0262	4	268.721559331466	253.350576035713	284.09254262722	-699.593594939469	-14.0853137882671	2	FALSE	271.784252832041	165.730252832041	150.507336352686	170.405361673744
4	I0263	3	241.261573447223	214.489154025107	268.03399286934	-699.593594939469	-17.1613119754437	2	FALSE	304.187183400138	170.706183400138	150.326036736785	170.730274795579
4	I0455	3	241.261573447223	214.489154025107	268.03399286934	-699.593594939469	-14.6212611127315	2	FALSE	246.300859646733	169.000859646733	163.97736009487	173.209004382428
4	I0459	1	209.63662151614	203.233286463493	216.039956568787	-699.593594939469	-9.30549570485888	2	FALSE	206.169187081208	160.407187081208	149.02126315449	162.069107400603
4	I0460	3	241.261573447223	214.489154025107	268.03399286934	-699.593594939469	-13.723089281993	2	FALSE	225.033877606355	156.123877606355	148.617194487729	157.252668312159
4	I0823	3	241.261573447223	214.489154025107	268.03399286934	-699.593594939469	-20.9999793813325	2	FALSE	213.165769436541	161.452769436541	150.882429108897	170.876578492045
4	I0826	1	209.63662151614	203.233286463493	216.039956568787	-699.593594939469	-15.6386580355024	2	FALSE	213.998723254091	164.470723254091	158.333934498061	170.458283062142
4	I1271	1	209.63662151614	203.233286463493	216.039956568787	-699.593594939469	-10.6436095111266	2	FALSE	218.675231155984	163.226231155984	152.763553901043	172.350784718167
4	I1272	2	235.686963327906	227.79250239449	243.581424261322	-699.593594939469	-10.4403111634452	2	FALSE	230.997914555173	166.890914555173	159.286631072012	171.284272692014
4	I1276	1	209.63662151614	203.233286463493	216.039956568787	-699.593594939469	-11.2395492957194	2	FALSE	221.469095507974	166.217095507974	152.516289971702	172.5647104238
4	I1277	1	209.63662151614	203.233286463493	216.039956568787	-699.593594939469	-22.1255202590068	2	FALSE	206.073107122419	158.722107122419	153.558714668931	161.158407898087
4	I1280	1	209.63662151614	203.233286463493	216.039956568787	-699.593594939469	-10.4450305494499	2	FALSE	214.52363960704	160.06663960704	152.435350138694	172.722231280641
4	I1281	2	235.686963327906	227.79250239449	243.581424261322	-699.593594939469	-12.4177472036498	2	FALSE	221.332350478329	163.455350478329	161.896447491562	171.721986135414
4	I1282	3	241.261573447223	214.489154025107	268.03399286934	-699.593594939469	-12.7519624858918	2	FALSE	244.140930319406	168.181930319406	152.267586690972	172.704568656627
4	I1284	2	235.686963327906	227.79250239449	243.581424261322	-699.593594939469	-10.1712749639959	2	FALSE	227.226379369678	166.201379369678	152.520312352239	172.438950654011
4	I1300	1	209.63662151614	203.233286463493	216.039956568787	-699.593594939469	-8.54415373845691	2	FALSE	209.43567971718	153.16167971718	152.265130573817	172.665441516022
4	I1303	1	209.63662151614	203.233286463493	216.039956568787	-699.593594939469	-8.98705170669958	2	FALSE	211.465046662682	153.113046662682	152.233409636579	172.73318011347
4	I1838	2	235.686963327906	227.79250239449	243.581424261322	-699.593594939469	-8.03461088937288	2	FALSE	235.588405531546	187.832405531546	174.922876455908	189.13408293901
4	I1842	1	209.63662151614	203.233286463493	216.039956568787	-699.593594939469	-10.4935768516671	2	FALSE	211.483764001234	171.136764001234	169.943632963779	176.566978910497
4	I1843	1	209.63662151614	203.233286463493	216.039956568787	-699.593594939469	-10.2946486880303	2	FALSE	202.874883167623	174.071883167623	173.319867440699	177.244555886498
4	I1845	3	241.261573447223	214.489154025107	268.03399286934	-699.593594939469	-17.0663349700491	2	FALSE	227.85109443409	176.23209443409	164.725056797376	180.002914300505
4	I1846	4	268.721559331466	253.350576035713	284.09254262722	-699.593594939469	-9.66709625298222	2	FALSE	267.852672213129	169.551672213129	164.573822152316	179.862173841528
4	I1975	2	235.686963327906	227.79250239449	243.581424261322	-699.593594939469	-9.48653819827048	2	FALSE	228.768319419229	179.844319419229	173.228321920931	179.924599539853
4	I1976	2	235.686963327906	227.79250239449	243.581424261322	-699.593594939469	-12.5867080716909	2	FALSE	228.869256659018	155.783256659018	153.756248898538	161.155571030187
4	I1978	2	235.686963327906	227.79250239449	243.581424261322	-699.593594939469	-8.8404197767667	2	FALSE	237.360359492301	177.219359492301	164.590150159097	179.459893908435
4	I1981	4	268.721559331466	253.350576035713	284.09254262722	-699.593594939469	-9.75006593758772	2	FALSE	267.467415007824	173.247415007824	172.918259191959	177.092776167273
4	I2467	1	209.63662151614	203.233286463493	216.039956568787	-699.593594939469	-9.26367677332354	2	FALSE	209.333640724519	155.639640724519	148.716253141199	157.837617459624
4	I2473	1	209.63662151614	203.233286463493	216.039956568787	-699.593594939469	-8.89909630783023	2	FALSE	206.571344896828	172.678344896828	166.497419875772	173.618296817001
4	I3269	4	268.721559331466	253.350576035713	284.09254262722	-699.593594939469	-12.9636501024475	2	FALSE	259.54007687458	172.10207687458	169.90407677201	176.683233824691
4	I3270	2	235.686963327906	227.79250239449	243.581424261322	-699.593594939469	-11.4662332699154	2	FALSE	244.175535977704	172.167535977704	169.734990149404	176.350701559734
4	I3271	1	209.63662151614	203.233286463493	216.039956568787	-699.593594939469	-10.5082953778119	2	FALSE	218.703614589362	172.063614589362	169.758559583611	176.598607304705
4	I3272	1	209.63662151614	203.233286463493	216.039956568787	-699.593594939469	-9.24150548142857	2	FALSE	213.554038164406	173.248038164406	173.664400479889	187.127653536653
4	I3277	4	268.721559331466	253.350576035713	284.09254262722	-699.593594939469	-11.0795271735398	2	FALSE	264.214154374874	174.566154374874	171.66988989569	181.948863519522
4	I4247	1	209.63662151614	203.233286463493	216.039956568787	-699.593594939469	-16.6886554360897	2	FALSE	184.074504879964	156.958504879964	148.823960447581	157.363105271183
4	I4565	3	241.261573447223	214.489154025107	268.03399286934	-699.593594939469	-14.2402615796502	2	FALSE	223.507975075968	174.889975075968	173.563006051823	177.49140749471
4	I5838	3	241.261573447223	214.489154025107	268.03399286934	-699.593594939469	-14.0924213890267	2	FALSE	236.0238563051	153.0728563051	152.184250112623	172.611904469169
4	I6543	1	209.63662151614	203.233286463493	216.039956568787	-699.593594939469	-11.6428793222254	2	FALSE	215.550609399663	138.884609399663	131.492094261505	161.462318536422
4	I6584	2	235.686963327906	227.79250239449	243.581424261322	-699.593594939469	-9.0492184485477	2	FALSE	241.105885198895	145.679885198895	141.425380988014	158.216419698874
4	I6587	2	235.686963327906	227.79250239449	243.581424261322	-699.593594939469	-12.871538435714	2	FALSE	242.881519353421	158.851519353421	141.804988285627	158.06758550295
4	I6604	1	209.63662151614	203.233286463493	216.039956568787	-699.593594939469	-9.53099678304517	2	FALSE	214.423363498185	140.400363498185	137.53660366786	145.411238729705
4	I6609	3	241.261573447223	214.489154025107	268.03399286934	-699.593594939469	-14.4624031059108	2	FALSE	275.583287395048	162.065287395048	131.294562774108	161.623995275815
4	I6612	3	241.261573447223	214.489154025107	268.03399286934	-699.593594939469	-13.4212366625713	2	FALSE	230.234687099296	144.694687099296	131.54177443642	161.207540309156
4	I6617	3	241.261573447223	214.489154025107	268.03399286934	-699.593594939469	-15.9668248914145	2	FALSE	262.677995973379	171.547995973379	152.0610321299	172.655312389418
4	I6622	1	209.63662151614	203.233286463493	216.039956568787	-699.593594939469	-14.1300055735859	2	FALSE	190.1437978001	147.0927978001	131.208775554218	162.045372660297
4	I6628	4	268.721559331466	253.350576035713	284.09254262722	-699.593594939469	-10.4704877176981	2	FALSE	266.572747436772	152.327747436772	152.180560975726	172.501177487679
4	I7587	2	235.686963327906	227.79250239449	243.581424261322	-699.593594939469	-9.00819942381678	2	FALSE	240.233972440141	167.761972440141	159.220320494496	172.696860401027
4	I8131	3	241.261573447223	214.489154025107	268.03399286934	-699.593594939469	-19.9404497584492	2	FALSE	328.793612939635	157.933612939635	153.910381910191	161.488305348574
4	I8149	1	209.63662151614	203.233286463493	216.039956568787	-699.593594939469	-8.70030274078412	2	FALSE	206.926399059161	172.218399059161	159.524851169719	172.848594155263
4	I8153	1	209.63662151614	203.233286463493	216.039956568787	-699.593594939469	-9.7774517832609	2	FALSE	209.476889142117	165.136889142117	159.404355966086	172.927218650917
4	I8154	4	268.721559331466	253.350576035713	284.09254262722	-699.593594939469	-17.0679232004976	2	FALSE	302.981350543266	160.305350543266	159.110334228275	172.401856221924
4	I8197	2	235.686963327906	227.79250239449	243.581424261322	-699.593594939469	-8.86337458906182	2	FALSE	241.176374575055	164.260374575055	159.169040054881	172.336680928212
4	I8198	3	241.261573447223	214.489154025107	268.03399286934	-699.593594939469	-15.3400835359595	2	FALSE	212.987299301328	164.015299301328	159.47191075954	172.944974962157
4	I8199	4	268.721559331466	253.350576035713	284.09254262722	-699.593594939469	-11.9145282861589	2	FALSE	268.722124052566	160.250124052566	159.359853076998	172.956816456281
4	I8364	1	209.63662151614	203.233286463493	216.039956568787	-699.593594939469	-10.6753413399346	2	FALSE	217.932670291635	162.999670291635	161.538978411334	166.173827343944
4	I8365	4	268.721559331466	253.350576035713	284.09254262722	-699.593594939469	-11.6013259981219	2	FALSE	277.617518161118	161.703518161118	161.478409270338	166.08131676183
4	I8569	3	241.261573447223	214.489154025107	268.03399286934	-699.593594939469	-14.5065224160005	2	FALSE	266.800839576632	170.476839576632	163.536851493192	171.901317745719
