# CLUSTERING STRENGTH + LIKELIHOOD K SELECTION RESULTS (DATES)
# Recommended K: 2
# Method: DATES
# Clustering strength threshold: 0.983
# Likelihood thresholds: k1 to k2(k=2):1.2 k1 to k2(k=3):2.59 k2 to k3:0.71 k3 to k4:0.49
#
model_k	pop	cluster	joint_date_est_best	joint_date_lowerci	joint_date_upperci	likelihood_mean	likelihood_per_ind	recommended_k	is_recommended	ind_date_est	sample_age_est_best	sample_age_lowerci_mean	sample_age_upperci_mean
1	I0258	1	226.225650033794	221.954123332521	230.497176735066	-1493.54441717829	-13.361818808793	2	FALSE	240.891927301171	152.036927301171	150.548426805679	171.074208755245
1	I0262	1	226.225650033794	221.954123332521	230.497176735066	-1493.54441717829	-16.0064634113365	2	FALSE	268.898848902231	162.844848902231	150.297706795141	170.887154675313
1	I0263	1	226.225650033794	221.954123332521	230.497176735066	-1493.54441717829	-19.5835635983337	2	FALSE	298.065992759462	164.584992759462	150.56280045371	170.747829913203
1	I0455	1	226.225650033794	221.954123332521	230.497176735066	-1493.54441717829	-12.3992329719741	2	FALSE	244.502975518527	167.202975518527	164.048334941422	173.13485027323
1	I0459	1	226.225650033794	221.954123332521	230.497176735066	-1493.54441717829	-33.3535183570824	2	FALSE	208.245700700769	162.483700700769	149.911765698011	162.363850232214
1	I0460	1	226.225650033794	221.954123332521	230.497176735066	-1493.54441717829	-15.0787026142445	2	FALSE	224.817587529093	155.907587529093	148.674556786194	157.292640971371
1	I0823	1	226.225650033794	221.954123332521	230.497176735066	-1493.54441717829	-23.3038182372473	2	FALSE	216.711233418113	164.998233418113	150.532971917336	170.824634688948
1	I0826	1	226.225650033794	221.954123332521	230.497176735066	-1493.54441717829	-12.8330036863612	2	FALSE	216.770626841962	167.242626841962	158.355463493799	170.530425544011
1	I1271	1	226.225650033794	221.954123332521	230.497176735066	-1493.54441717829	-11.8058035199137	2	FALSE	218.047990815293	162.598990815293	152.404400565553	172.813888271672
1	I1272	1	226.225650033794	221.954123332521	230.497176735066	-1493.54441717829	-33.1298671024578	2	FALSE	226.543200439215	162.436200439215	158.908262448191	171.329814057373
1	I1276	1	226.225650033794	221.954123332521	230.497176735066	-1493.54441717829	-13.8744738107073	2	FALSE	227.585451985781	172.333451985781	152.677830258451	172.795141938051
1	I1277	1	226.225650033794	221.954123332521	230.497176735066	-1493.54441717829	-118.082312510276	2	FALSE	208.168867656038	160.817867656038	155.63313220636	161.338791032656
1	I1280	1	226.225650033794	221.954123332521	230.497176735066	-1493.54441717829	-25.3961286590854	2	FALSE	226.471556332891	172.014556332891	153.659780385039	172.827917387061
1	I1281	1	226.225650033794	221.954123332521	230.497176735066	-1493.54441717829	-11.0482671716362	2	FALSE	223.726981308249	165.849981308249	161.870510519212	171.770490955458
1	I1282	1	226.225650033794	221.954123332521	230.497176735066	-1493.54441717829	-13.4310484175647	2	FALSE	231.897830748865	155.938830748865	152.460068531925	172.800174394922
1	I1284	1	226.225650033794	221.954123332521	230.497176735066	-1493.54441717829	-19.9276771819504	2	FALSE	220.352870376208	159.327870376208	152.77419870079	172.817064118156
1	I1300	1	226.225650033794	221.954123332521	230.497176735066	-1493.54441717829	-17.9263887303827	2	FALSE	225.575684599902	169.301684599902	152.891415344493	172.482559343044
1	I1303	1	226.225650033794	221.954123332521	230.497176735066	-1493.54441717829	-12.878659812074	2	FALSE	221.917064068618	163.565064068618	153.036218901564	172.421352982388
1	I1838	1	226.225650033794	221.954123332521	230.497176735066	-1493.54441717829	-21.8136235982692	2	FALSE	224.314206512593	176.558206512593	174.785458435887	189.026067672792
1	I1842	1	226.225650033794	221.954123332521	230.497176735066	-1493.54441717829	-11.7595304366969	2	FALSE	215.304508044982	174.957508044982	169.804628641453	176.591133285713
1	I1843	1	226.225650033794	221.954123332521	230.497176735066	-1493.54441717829	-15.4621106707594	2	FALSE	205.199095294289	176.396095294289	173.41098432052	177.257109560941
1	I1845	1	226.225650033794	221.954123332521	230.497176735066	-1493.54441717829	-10.8288138824725	2	FALSE	225.894047384851	174.275047384851	164.624410203437	179.979968275355
1	I1846	1	226.225650033794	221.954123332521	230.497176735066	-1493.54441717829	-22.8515035116268	2	FALSE	263.595263559294	165.294263559294	164.498379888079	179.325381725887
1	I1975	1	226.225650033794	221.954123332521	230.497176735066	-1493.54441717829	-13.7929994158257	2	FALSE	228.862591628003	179.938591628003	173.096467885017	179.831423900045
1	I1976	1	226.225650033794	221.954123332521	230.497176735066	-1493.54441717829	-10.7790778545427	2	FALSE	227.022747634518	153.936747634518	153.584285890185	161.280775909093
1	I1978	1	226.225650033794	221.954123332521	230.497176735066	-1493.54441717829	-29.7914048973638	2	FALSE	228.052332348012	167.911332348012	164.698916180184	179.446050968306
1	I1981	1	226.225650033794	221.954123332521	230.497176735066	-1493.54441717829	-26.0952784311609	2	FALSE	270.08370425199	175.86370425199	172.903394794739	177.074001932045
1	I2467	1	226.225650033794	221.954123332521	230.497176735066	-1493.54441717829	-15.68704955894	2	FALSE	208.758173812188	155.064173812188	148.755081030157	157.81080397107
1	I2473	1	226.225650033794	221.954123332521	230.497176735066	-1493.54441717829	-39.205584828379	2	FALSE	200.540590900605	166.647590900605	166.441149611292	173.69153583868
1	I3269	1	226.225650033794	221.954123332521	230.497176735066	-1493.54441717829	-37.2380396769133	2	FALSE	259.182229885683	171.744229885683	169.733600577872	176.439703145671
1	I3270	1	226.225650033794	221.954123332521	230.497176735066	-1493.54441717829	-37.4328057822095	2	FALSE	242.662430587975	170.654430587975	169.769085729245	176.465999073656
1	I3271	1	226.225650033794	221.954123332521	230.497176735066	-1493.54441717829	-16.6955076438425	2	FALSE	221.961365182753	175.321365182753	169.905216564075	176.594273507112
1	I3272	1	226.225650033794	221.954123332521	230.497176735066	-1493.54441717829	-12.3989291777139	2	FALSE	227.869555465612	187.563555465612	173.604234990046	187.321765174091
1	I3277	1	226.225650033794	221.954123332521	230.497176735066	-1493.54441717829	-19.7417898472613	2	FALSE	270.762671165622	181.114671165622	171.573356588113	181.844843632176
1	I4247	1	226.225650033794	221.954123332521	230.497176735066	-1493.54441717829	-37.8742146574184	2	FALSE	176.890724326337	149.774724326337	149.134392521574	157.365378824944
1	I4565	1	226.225650033794	221.954123332521	230.497176735066	-1493.54441717829	-11.6316765517849	2	FALSE	224.7331227435	176.1151227435	173.586095868685	177.476395124576
1	I5838	1	226.225650033794	221.954123332521	230.497176735066	-1493.54441717829	-12.6938718808654	2	FALSE	246.47915107509	163.52815107509	152.407584390935	172.664781608286
1	I6543	1	226.225650033794	221.954123332521	230.497176735066	-1493.54441717829	-10.802452689418	2	FALSE	228.779517020397	152.113517020397	131.41355471407	161.753481173322
1	I6584	1	226.225650033794	221.954123332521	230.497176735066	-1493.54441717829	-16.2523445995872	2	FALSE	236.500979184695	141.074979184695	141.344201136027	157.808438194583
1	I6587	1	226.225650033794	221.954123332521	230.497176735066	-1493.54441717829	-11.5960194033525	2	FALSE	238.564371213854	154.534371213854	141.370410264998	158.096146143465
1	I6604	1	226.225650033794	221.954123332521	230.497176735066	-1493.54441717829	-12.9146705756903	2	FALSE	217.256176372214	143.233176372214	137.53454755067	145.600676461872
1	I6609	1	226.225650033794	221.954123332521	230.497176735066	-1493.54441717829	-13.6284294397706	2	FALSE	243.883415840476	130.365415840476	131.021868543134	161.408153858273
1	I6612	1	226.225650033794	221.954123332521	230.497176735066	-1493.54441717829	-14.791828988703	2	FALSE	218.831689441207	133.291689441207	130.942048219378	161.700123552146
1	I6617	1	226.225650033794	221.954123332521	230.497176735066	-1493.54441717829	-18.2904137762237	2	FALSE	255.769181894849	164.639181894849	152.44114124898	172.593063294439
1	I6622	1	226.225650033794	221.954123332521	230.497176735066	-1493.54441717829	-13.1758415746292	2	FALSE	203.253217237592	160.202217237591	131.786849278454	162.067557873005
1	I6628	1	226.225650033794	221.954123332521	230.497176735066	-1493.54441717829	-19.4265307328281	2	FALSE	266.15336630562	151.90836630562	151.951277904819	172.069023329075
1	I7587	1	226.225650033794	221.954123332521	230.497176735066	-1493.54441717829	-16.0629127043798	2	FALSE	237.906075878667	165.434075878667	159.29184384037	172.625072815988
1	I8131	1	226.225650033794	221.954123332521	230.497176735066	-1493.54441717829	-23.3981890101049	2	FALSE	326.21632219711	155.35632219711	154.016322940579	161.457489903683
1	I8149	1	226.225650033794	221.954123332521	230.497176735066	-1493.54441717829	-26.5549291834984	2	FALSE	202.664365661563	167.956365661563	159.68122770594	173.035909357381
1	I8153	1	226.225650033794	221.954123332521	230.497176735066	-1493.54441717829	-13.1159612131122	2	FALSE	212.441465392725	168.101465392725	159.445586799161	172.890958852534
1	I8154	1	226.225650033794	221.954123332521	230.497176735066	-1493.54441717829	-43.7433728606726	2	FALSE	301.853519750249	159.177519750249	159.137169610393	172.748985193404
1	I8197	1	226.225650033794	221.954123332521	230.497176735066	-1493.54441717829	-20.0497688985899	2	FALSE	237.238009925065	160.322009925065	159.242092418883	172.623090638912
1	I8198	1	226.225650033794	221.954123332521	230.497176735066	-1493.54441717829	-11.8731511470614	2	FALSE	219.281691793019	170.309691793019	159.334109138165	172.78779581422
1	I8199	1	226.225650033794	221.954123332521	230.497176735066	-1493.54441717829	-55.9550322596431	2	FALSE	267.730174480471	159.258174480471	158.984567254914	170.905044195908
1	I8364	1	226.225650033794	221.954123332521	230.497176735066	-1493.54441717829	-20.5721632616365	2	FALSE	218.537761918466	163.604761918466	161.601577414684	166.202723826916
1	I8365	1	226.225650033794	221.954123332521	230.497176735066	-1493.54441717829	-23.3246563071312	2	FALSE	281.392655479507	165.478655479507	161.491392862476	166.066284951779
1	I8569	1	226.225650033794	221.954123332521	230.497176735066	-1493.54441717829	-16.7530234089227	2	FALSE	262.961810028557	166.637810028557	163.576556719191	171.928212634049
1	I0839	1	226.225650033794	221.954123332521	230.497176735066	-1493.54441717829	-18.1347628716227	2	FALSE	176.986917429049	150.485917429049	148.626364607059	157.048620295046
1	I0840	1	226.225650033794	221.954123332521	230.497176735066	-1493.54441717829	-12.5409482086524	2	FALSE	244.972565383028	146.968565383028	146.775945926933	157.000167649493
1	I11599	1	226.225650033794	221.954123332521	230.497176735066	-1493.54441717829	-13.3255212875579	2	FALSE	249.805217140954	187.721217140954	171.777224899519	188.709479567998
1	I11601	1	226.225650033794	221.954123332521	230.497176735066	-1493.54441717829	-45.6155763269417	2	FALSE	193.686382346341	188.386382346341	175.573466111174	189.209805334186
1	I11604	1	226.225650033794	221.954123332521	230.497176735066	-1493.54441717829	-12.3439858278776	2	FALSE	229.238898474237	176.705898474237	159.534907678566	179.746476803973
1	I11605	1	226.225650033794	221.954123332521	230.497176735066	-1493.54441717829	-19.083305235864	2	FALSE	231.443597335793	163.821597335793	159.124114424256	178.892471029457
1	I11614	1	226.225650033794	221.954123332521	230.497176735066	-1493.54441717829	-29.0594987633211	2	FALSE	283.797337410708	162.532337410708	162.708684622651	169.432698186844
1	I1970	1	226.225650033794	221.954123332521	230.497176735066	-1493.54441717829	-19.3229268168976	2	FALSE	298.614406812263	158.784406812263	158.923069277296	171.66399777743
1	I3432	1	226.225650033794	221.954123332521	230.497176735066	-1493.54441717829	-10.9510415677788	2	FALSE	231.876347189946	175.552347189946	173.627490920642	179.527391340924
1	I5076	1	226.225650033794	221.954123332521	230.497176735066	-1493.54441717829	-20.1827468736867	2	FALSE	244.375911881303	183.019911881303	177.875155125344	188.186805697091
1	I5428	1	226.225650033794	221.954123332521	230.497176735066	-1493.54441717829	-23.6342237954665	2	FALSE	261.173657886658	181.927657886658	180.665806604025	188.955496224575
1	I5429	1	226.225650033794	221.954123332521	230.497176735066	-1493.54441717829	-15.8373813091697	2	FALSE	245.172024778707	173.762024778707	172.797357791184	177.00506734522
1	I6601	1	226.225650033794	221.954123332521	230.497176735066	-1493.54441717829	-24.0362453530278	2	FALSE	232.061679884241	163.541679884241	162.67220899629	169.422895970222
2	I0258	2	259.204091079564	248.433732507757	269.974449651372	-1063.48339842368	-12.5352471015048	2	TRUE	253.058564222303	164.203564222303	150.526884632751	171.065310882071
2	I0262	2	259.204091079564	248.433732507757	269.974449651372	-1063.48339842368	-12.2127991825674	2	TRUE	265.629084660069	159.575084660069	150.332596572116	171.083673405976
2	I0263	2	259.204091079564	248.433732507757	269.974449651372	-1063.48339842368	-14.3434954246209	2	TRUE	289.441630575594	155.960630575594	150.464546277986	170.898318199241
2	I0455	2	259.204091079564	248.433732507757	269.974449651372	-1063.48339842368	-12.4460715585204	2	TRUE	245.808022711936	168.508022711936	164.148930252251	173.136124269873
2	I0459	1	218.880247879119	214.190914707808	223.569581050429	-1063.48339842368	-16.2582535426524	2	TRUE	203.783892906566	158.021892906566	149.187396453428	162.109169530283
2	I0460	2	259.204091079564	248.433732507757	269.974449651372	-1063.48339842368	-15.0106526205797	2	TRUE	226.04531695125	157.13531695125	148.612076308628	157.28268625228
2	I0823	2	259.204091079564	248.433732507757	269.974449651372	-1063.48339842368	-22.2782555884644	2	TRUE	218.357285966841	166.644285966841	150.111812398037	171.02725023674
2	I0826	2	259.204091079564	248.433732507757	269.974449651372	-1063.48339842368	-15.2432199888964	2	TRUE	218.341920040665	168.813920040665	158.22104268375	170.660953005609
2	I1271	1	218.880247879119	214.190914707808	223.569581050429	-1063.48339842368	-10.8306075661072	2	TRUE	211.927797087246	156.478797087246	152.403065637086	172.776017457488
2	I1272	1	218.880247879119	214.190914707808	223.569581050429	-1063.48339842368	-11.9660989676801	2	TRUE	225.645311047995	161.538311047995	158.87284629969	170.497118532187
2	I1276	1	218.880247879119	214.190914707808	223.569581050429	-1063.48339842368	-10.5119061503374	2	TRUE	208.511983655464	153.259983655464	152.515214713224	172.643316426506
2	I1277	1	218.880247879119	214.190914707808	223.569581050429	-1063.48339842368	-34.8365908411832	2	TRUE	207.565082217575	160.214082217575	154.708576457941	161.390771048043
2	I1280	1	218.880247879119	214.190914707808	223.569581050429	-1063.48339842368	-9.37883023050683	2	TRUE	213.850351924206	159.393351924206	152.927590424328	172.610046273829
2	I1281	1	218.880247879119	214.190914707808	223.569581050429	-1063.48339842368	-11.0629919200456	2	TRUE	225.369382271481	167.492382271481	161.870279613837	171.682462235137
2	I1282	2	259.204091079564	248.433732507757	269.974449651372	-1063.48339842368	-13.1380629102359	2	TRUE	242.26936303505	166.31036303505	152.631983460326	172.720379665594
2	I1284	1	218.880247879119	214.190914707808	223.569581050429	-1063.48339842368	-7.93627661890362	2	TRUE	218.348675180253	157.323675180253	152.379501026173	172.551157073093
2	I1300	1	218.880247879119	214.190914707808	223.569581050429	-1063.48339842368	-7.96339529050988	2	TRUE	218.233845153615	161.959845153615	152.430262348165	172.750534255507
2	I1303	1	218.880247879119	214.190914707808	223.569581050429	-1063.48339842368	-10.5623566450818	2	TRUE	229.009426639394	170.657426639394	152.431080097865	172.380608283025
2	I1838	1	218.880247879119	214.190914707808	223.569581050429	-1063.48339842368	-8.57330135404269	2	TRUE	222.892144600576	175.136144600576	174.765553434583	188.971535956254
2	I1842	1	218.880247879119	214.190914707808	223.569581050429	-1063.48339842368	-11.6085615698036	2	TRUE	211.618852458761	171.27185245876	169.73153888514	176.553594949655
2	I1843	1	218.880247879119	214.190914707808	223.569581050429	-1063.48339842368	-12.9400735007335	2	TRUE	202.621941107269	173.818941107269	173.339469027418	177.122538559971
2	I1845	2	259.204091079564	248.433732507757	269.974449651372	-1063.48339842368	-16.5917776464486	2	TRUE	229.280191173164	177.661191173164	164.566666081996	179.849476775105
2	I1846	2	259.204091079564	248.433732507757	269.974449651372	-1063.48339842368	-15.203457490261	2	TRUE	270.721716132287	172.420716132287	164.576284686336	179.954879539395
2	I1975	1	218.880247879119	214.190914707808	223.569581050429	-1063.48339842368	-9.57989169820917	2	TRUE	226.329751258451	177.405751258451	173.200855310158	179.797097872103
2	I1976	2	259.204091079564	248.433732507757	269.974449651372	-1063.48339842368	-16.5290013129964	2	TRUE	231.465600699725	158.379600699725	153.809134434643	161.219690205496
2	I1978	1	218.880247879119	214.190914707808	223.569581050429	-1063.48339842368	-14.9635054817215	2	TRUE	229.749167288243	169.608167288243	164.442169213933	178.5695797348
2	I1981	2	259.204091079564	248.433732507757	269.974449651372	-1063.48339842368	-14.3291355936042	2	TRUE	268.386919698074	174.166919698074	172.88880225536	177.140704739806
2	I2467	1	218.880247879119	214.190914707808	223.569581050429	-1063.48339842368	-10.9255922744312	2	TRUE	208.33269397195	154.63869397195	148.886753847174	157.799474560336
2	I2473	1	218.880247879119	214.190914707808	223.569581050429	-1063.48339842368	-12.2883035545199	2	TRUE	206.950457858896	173.057457858896	166.483660157798	173.542587250571
2	I3269	2	259.204091079564	248.433732507757	269.974449651372	-1063.48339842368	-24.7686363028217	2	TRUE	262.977432627348	175.539432627348	169.905933268767	176.534544395482
2	I3270	1	218.880247879119	214.190914707808	223.569581050429	-1063.48339842368	-33.6449990106616	2	TRUE	242.816388146439	170.808388146439	169.724740576099	176.431970960776
2	I3271	1	218.880247879119	214.190914707808	223.569581050429	-1063.48339842368	-8.54545122979478	2	TRUE	223.289571314919	176.649571314919	170.008761947309	176.674542105424
2	I3272	1	218.880247879119	214.190914707808	223.569581050429	-1063.48339842368	-9.51822079731835	2	TRUE	213.879424675901	173.573424675901	173.573424675901	187.22218561392
2	I3277	2	259.204091079564	248.433732507757	269.974449651372	-1063.48339842368	-12.0886716353258	2	TRUE	266.020072630329	176.372072630329	171.738326406505	181.721476088299
2	I4247	1	218.880247879119	214.190914707808	223.569581050429	-1063.48339842368	-28.661519612977	2	TRUE	177.446062620849	150.330062620849	148.732921284573	157.264493206483
2	I4565	2	259.204091079564	248.433732507757	269.974449651372	-1063.48339842368	-15.4866675364997	2	TRUE	222.864056487917	174.246056487917	173.582241482276	177.444770045712
2	I5838	2	259.204091079564	248.433732507757	269.974449651372	-1063.48339842368	-12.4937929000448	2	TRUE	244.048241735219	161.097241735219	152.629676755958	172.472853979146
2	I6543	1	218.880247879119	214.190914707808	223.569581050429	-1063.48339842368	-12.4777942959953	2	TRUE	218.439713989616	141.773713989616	131.317303426165	161.123801541648
2	I6584	1	218.880247879119	214.190914707808	223.569581050429	-1063.48339842368	-17.966521966576	2	TRUE	241.049304986761	145.623304986761	141.427935542015	157.59286038062
2	I6587	2	259.204091079564	248.433732507757	269.974449651372	-1063.48339842368	-14.5629948734449	2	TRUE	237.426592535344	153.396592535344	141.850470820542	158.541561524387
2	I6604	1	218.880247879119	214.190914707808	223.569581050429	-1063.48339842368	-9.67984100667172	2	TRUE	215.047348652839	141.024348652839	137.708647067293	145.57914900578
2	I6609	2	259.204091079564	248.433732507757	269.974449651372	-1063.48339842368	-12.7998748165326	2	TRUE	271.451921673768	157.933921673768	130.834616594283	161.544205639366
2	I6612	2	259.204091079564	248.433732507757	269.974449651372	-1063.48339842368	-15.2313243693386	2	TRUE	219.494338181398	133.954338181398	131.377144464974	161.789700120821
2	I6617	2	259.204091079564	248.433732507757	269.974449651372	-1063.48339842368	-16.9039351029013	2	TRUE	254.09247170207	162.96247170207	152.564573191505	172.708133648557
2	I6622	1	218.880247879119	214.190914707808	223.569581050429	-1063.48339842368	-16.3011882382894	2	TRUE	194.686218908112	151.635218908112	132.02590545656	162.10021429163
2	I6628	2	259.204091079564	248.433732507757	269.974449651372	-1063.48339842368	-13.9537404391238	2	TRUE	276.931177231704	162.686177231704	152.517041903255	172.54158938657
2	I7587	1	218.880247879119	214.190914707808	223.569581050429	-1063.48339842368	-15.8909530443305	2	TRUE	239.078177233293	166.606177233293	159.225634949564	172.640422743446
2	I8131	2	259.204091079564	248.433732507757	269.974449651372	-1063.48339842368	-17.6629998249701	2	TRUE	325.386537151674	154.526537151674	154.020199809697	161.390544449478
2	I8149	1	218.880247879119	214.190914707808	223.569581050429	-1063.48339842368	-16.4060978948085	2	TRUE	199.240214945315	164.532214945315	159.348021407744	173.066497059024
2	I8153	1	218.880247879119	214.190914707808	223.569581050429	-1063.48339842368	-10.942370106244	2	TRUE	210.652954944026	166.312954944026	159.156076127796	172.836538191353
2	I8154	2	259.204091079564	248.433732507757	269.974449651372	-1063.48339842368	-23.9450661613164	2	TRUE	303.927366727187	161.251366727187	159.217463314001	172.582059637477
2	I8197	1	218.880247879119	214.190914707808	223.569581050429	-1063.48339842368	-22.5433494842753	2	TRUE	242.54233703995	165.62633703995	159.245972503641	172.32517164001
2	I8198	2	259.204091079564	248.433732507757	269.974449651372	-1063.48339842368	-16.0311877552868	2	TRUE	219.315063286107	170.343063286107	159.404541136297	172.871607073051
2	I8199	2	259.204091079564	248.433732507757	269.974449651372	-1063.48339842368	-30.5727840236773	2	TRUE	271.680355661481	163.208355661481	159.260312032087	172.956607697831
2	I8364	1	218.880247879119	214.190914707808	223.569581050429	-1063.48339842368	-7.92962806231139	2	TRUE	219.04595486511	164.11295486511	161.455505636296	166.190914888113
2	I8365	2	259.204091079564	248.433732507757	269.974449651372	-1063.48339842368	-13.1237781987168	2	TRUE	277.458715349953	161.544715349953	161.494576001856	166.144737473622
2	I8569	2	259.204091079564	248.433732507757	269.974449651372	-1063.48339842368	-14.9380527648797	2	TRUE	260.170741130841	163.846741130841	163.61276710667	171.954665014082
2	I0839	2	259.204091079564	248.433732507757	269.974449651372	-1063.48339842368	-18.8511128495715	2	TRUE	177.246579682773	150.745579682773	148.614049644302	157.176834874346
2	I0840	2	259.204091079564	248.433732507757	269.974449651372	-1063.48339842368	-12.2806466449218	2	TRUE	251.207333094458	153.203333094458	146.742722145443	157.074932726324
2	I11599	2	259.204091079564	248.433732507757	269.974449651372	-1063.48339842368	-12.6965203317113	2	TRUE	244.589497141807	182.505497141807	172.069824889435	188.79973811428
2	I11601	1	218.880247879119	214.190914707808	223.569581050429	-1063.48339842368	-26.4583784375987	2	TRUE	192.615934473216	187.315934473216	174.284115135482	189.13044127434
2	I11604	2	259.204091079564	248.433732507757	269.974449651372	-1063.48339842368	-14.1846381299847	2	TRUE	226.921941781529	174.388941781529	159.585293702465	179.788173517279
2	I11605	1	218.880247879119	214.190914707808	223.569581050429	-1063.48339842368	-9.76546643466169	2	TRUE	226.802205431766	159.180205431766	159.277399321685	177.653963692553
2	I11614	2	259.204091079564	248.433732507757	269.974449651372	-1063.48339842368	-15.7823878305533	2	TRUE	284.356023996406	163.091023996406	162.650853447017	169.433977547326
2	I1970	2	259.204091079564	248.433732507757	269.974449651372	-1063.48339842368	-15.472445254402	2	TRUE	302.346124102911	162.516124102911	159.185577906179	172.002486144038
2	I3432	2	259.204091079564	248.433732507757	269.974449651372	-1063.48339842368	-15.6366031080933	2	TRUE	234.595998323217	178.271998323217	173.646999451974	179.51790646985
2	I5076	1	218.880247879119	214.190914707808	223.569581050429	-1063.48339842368	-16.5398387013785	2	TRUE	239.560599604743	178.204599604743	177.831878763275	188.345447454992
2	I5428	2	259.204091079564	248.433732507757	269.974449651372	-1063.48339842368	-15.7397219918916	2	TRUE	266.17774950875	186.93174950875	180.584757053742	189.135306439205
2	I5429	2	259.204091079564	248.433732507757	269.974449651372	-1063.48339842368	-17.8929242144688	2	TRUE	248.286992808123	176.876992808123	172.792045190922	176.958268167818
2	I6601	1	218.880247879119	214.190914707808	223.569581050429	-1063.48339842368	-15.0635594141401	2	TRUE	232.359190742666	163.839190742666	162.619416256244	169.282078670388
3	I0258	3	256.765762448513	242.463670626061	271.067854270964	-959.34025668328	-12.4339424304745	2	FALSE	256.305217970846	167.450217970846	150.895965663741	170.639449979976
3	I0262	3	256.765762448513	242.463670626061	271.067854270964	-959.34025668328	-12.1536673272437	2	FALSE	258.355810957891	152.30181095789	150.433509791869	170.358293673115
3	I0263	3	256.765762448513	242.463670626061	271.067854270964	-959.34025668328	-15.0889389867779	2	FALSE	298.613557377884	165.132557377884	150.646578558787	170.994583977985
3	I0455	3	256.765762448513	242.463670626061	271.067854270964	-959.34025668328	-12.8775808354882	2	FALSE	242.569166849653	165.269166849653	164.033645474701	173.136974317296
3	I0459	1	208.462264401462	202.435522370344	214.489006432581	-959.34025668328	-12.4789427773797	2	FALSE	198.889007831687	153.127007831687	148.94948340703	162.090273855886
3	I0460	1	208.462264401462	202.435522370344	214.489006432581	-959.34025668328	-18.019871916881	2	FALSE	223.678975794365	154.768975794365	148.703351270008	157.204647847197
3	I0823	3	256.765762448513	242.463670626061	271.067854270964	-959.34025668328	-22.0438697530747	2	FALSE	212.828319388253	161.115319388253	150.437944860148	170.815524144563
3	I0826	3	256.765762448513	242.463670626061	271.067854270964	-959.34025668328	-15.4917677873655	2	FALSE	214.214606246845	164.686606246845	158.243697826385	170.367392147695
3	I1271	1	208.462264401462	202.435522370344	214.489006432581	-959.34025668328	-10.8650821474682	2	FALSE	218.886856025329	163.437856025329	152.237731422314	172.6972643782
3	I1272	2	242.090359353234	235.330091187238	248.85062751923	-959.34025668328	-12.0427707877122	2	FALSE	235.004082479886	170.897082479886	159.230580253425	171.370586269814
3	I1276	1	208.462264401462	202.435522370344	214.489006432581	-959.34025668328	-12.4424016261728	2	FALSE	222.482787805082	167.230787805082	152.58130312099	172.854229892297
3	I1277	1	208.462264401462	202.435522370344	214.489006432581	-959.34025668328	-21.471906190121	2	FALSE	205.476023461878	158.125023461878	153.633953011454	161.304078954272
3	I1280	1	208.462264401462	202.435522370344	214.489006432581	-959.34025668328	-9.68166298005464	2	FALSE	208.501936229807	154.044936229807	152.456522124744	172.777960720539
3	I1281	2	242.090359353234	235.330091187238	248.85062751923	-959.34025668328	-13.5562223552532	2	FALSE	226.512570572489	168.635570572489	161.787979531353	171.579378017836
3	I1282	3	256.765762448513	242.463670626061	271.067854270964	-959.34025668328	-12.7951746263698	2	FALSE	247.176320418717	171.217320418717	152.522754489577	172.556458696324
3	I1284	1	208.462264401462	202.435522370344	214.489006432581	-959.34025668328	-9.98412764324087	2	FALSE	214.527340852615	153.502340852615	152.139030852621	172.634521959949
3	I1300	1	208.462264401462	202.435522370344	214.489006432581	-959.34025668328	-8.9078924146699	2	FALSE	210.467620175855	154.193620175855	152.228760338455	172.305158134841
3	I1303	1	208.462264401462	202.435522370344	214.489006432581	-959.34025668328	-16.1534517160402	2	FALSE	230.256335573449	171.904335573449	152.590730307357	172.702253016178
3	I1838	2	242.090359353234	235.330091187238	248.85062751923	-959.34025668328	-9.70268181013314	2	FALSE	234.595514227351	186.839514227351	175.238345392427	189.245598646114
3	I1842	1	208.462264401462	202.435522370344	214.489006432581	-959.34025668328	-10.5867351376515	2	FALSE	214.077885230803	173.730885230803	169.885375914496	176.462624962691
3	I1843	1	208.462264401462	202.435522370344	214.489006432581	-959.34025668328	-9.95464864248935	2	FALSE	204.565500434682	175.762500434682	173.337052813122	177.176217985473
3	I1845	3	256.765762448513	242.463670626061	271.067854270964	-959.34025668328	-15.9592523097239	2	FALSE	231.042058837918	179.423058837918	165.042007203935	179.924734083855
3	I1846	3	256.765762448513	242.463670626061	271.067854270964	-959.34025668328	-15.5952006880037	2	FALSE	263.403194051724	165.102194051724	164.812060959406	180.002990882661
3	I1975	2	242.090359353234	235.330091187238	248.85062751923	-959.34025668328	-13.2539402207099	2	FALSE	226.004044985267	177.080044985267	173.11545349547	179.846740718538
3	I1976	3	256.765762448513	242.463670626061	271.067854270964	-959.34025668328	-16.4427572761429	2	FALSE	231.463350073042	158.377350073042	153.769904423239	161.258505977424
3	I1978	2	242.090359353234	235.330091187238	248.85062751923	-959.34025668328	-9.15778373536081	2	FALSE	238.503622006431	178.362622006431	165.027098964981	179.803483501071
3	I1981	3	256.765762448513	242.463670626061	271.067854270964	-959.34025668328	-15.9498784775519	2	FALSE	269.30745127617	175.08745127617	172.964938256491	177.159952790184
3	I2467	1	208.462264401462	202.435522370344	214.489006432581	-959.34025668328	-9.31058912855638	2	FALSE	209.013784785213	155.319784785213	148.717895050599	157.715761722348
3	I2473	1	208.462264401462	202.435522370344	214.489006432581	-959.34025668328	-9.05496962090513	2	FALSE	206.036884547021	172.143884547021	166.410614500728	173.647270207432
3	I3269	2	242.090359353234	235.330091187238	248.85062751923	-959.34025668328	-14.0333478349839	2	FALSE	258.843171928927	171.405171928927	169.842047060416	176.590297654994
3	I3270	2	242.090359353234	235.330091187238	248.85062751923	-959.34025668328	-8.17513514370317	2	FALSE	244.369359198112	172.361359198112	169.850673732747	176.469075340969
3	I3271	1	208.462264401462	202.435522370344	214.489006432581	-959.34025668328	-10.3589799666917	2	FALSE	216.64257246795	170.00257246795	169.799053278153	176.579297518557
3	I3272	1	208.462264401462	202.435522370344	214.489006432581	-959.34025668328	-13.9989761627158	2	FALSE	226.992246931287	186.686246931287	173.512453799003	187.334518269114
3	I3277	3	256.765762448513	242.463670626061	271.067854270964	-959.34025668328	-12.4783181571879	2	FALSE	262.660907959387	173.012907959387	171.826240932028	181.89345838369
3	I4247	1	208.462264401462	202.435522370344	214.489006432581	-959.34025668328	-16.0349592006524	2	FALSE	184.096257664142	156.980257664142	148.826074394542	157.338503031559
3	I4565	3	256.765762448513	242.463670626061	271.067854270964	-959.34025668328	-15.2228576535773	2	FALSE	222.589298130446	173.971298130446	173.623792140171	177.464773863921
3	I5838	3	256.765762448513	242.463670626061	271.067854270964	-959.34025668328	-12.3323059713838	2	FALSE	246.581601136746	163.630601136746	152.287542235738	172.773039984334
3	I6543	1	208.462264401462	202.435522370344	214.489006432581	-959.34025668328	-11.3723064414312	2	FALSE	214.031370021767	137.365370021767	131.395646403377	161.96553955919
3	I6584	2	242.090359353234	235.330091187238	248.85062751923	-959.34025668328	-9.80680951308077	2	FALSE	250.655920905549	155.229920905549	141.211228677172	158.094033807823
3	I6587	3	256.765762448513	242.463670626061	271.067854270964	-959.34025668328	-15.4747708110128	2	FALSE	233.473089951196	149.443089951196	141.741715714203	158.514064092118
3	I6604	1	208.462264401462	202.435522370344	214.489006432581	-959.34025668328	-9.76934019118143	2	FALSE	214.618252339412	140.595252339412	137.496439130761	145.46839563211
3	I6609	3	256.765762448513	242.463670626061	271.067854270964	-959.34025668328	-12.52935240278	2	FALSE	259.215668027632	145.697668027632	132.220601783359	162.092789155764
3	I6612	3	256.765762448513	242.463670626061	271.067854270964	-959.34025668328	-14.991113951278	2	FALSE	218.302834862141	132.762834862141	131.215069989308	161.696559583382
3	I6617	3	256.765762448513	242.463670626061	271.067854270964	-959.34025668328	-16.6613400132188	2	FALSE	257.991444480518	166.861444480518	152.135645107565	172.778257068713
3	I6622	1	208.462264401462	202.435522370344	214.489006432581	-959.34025668328	-12.2687260015096	2	FALSE	204.922214897006	161.871214897006	132.091737072811	161.833374570623
3	I6628	3	256.765762448513	242.463670626061	271.067854270964	-959.34025668328	-16.4058419557808	2	FALSE	282.337509791521	168.092509791521	152.431516914761	172.42195178605
3	I7587	2	242.090359353234	235.330091187238	248.85062751923	-959.34025668328	-9.2553627880054	2	FALSE	236.10687687361	163.63487687361	159.328520929973	172.704572446611
3	I8131	3	256.765762448513	242.463670626061	271.067854270964	-959.34025668328	-18.4831002451976	2	FALSE	331.017710206661	160.157710206661	153.979111761058	161.475117137913
3	I8149	1	208.462264401462	202.435522370344	214.489006432581	-959.34025668328	-12.8821104120565	2	FALSE	194.437124665526	159.729124665526	159.501688182104	172.871613475893
3	I8153	1	208.462264401462	202.435522370344	214.489006432581	-959.34025668328	-9.79156127326044	2	FALSE	206.308202120624	161.968202120624	159.233994041902	172.849374936362
3	I8154	3	256.765762448513	242.463670626061	271.067854270964	-959.34025668328	-25.4578996526325	2	FALSE	303.094266320734	160.418266320734	159.121080841869	172.684262301274
3	I8197	2	242.090359353234	235.330091187238	248.85062751923	-959.34025668328	-8.29219730963493	2	FALSE	246.510999149974	169.594999149974	159.166124682607	172.475924382785
3	I8198	3	256.765762448513	242.463670626061	271.067854270964	-959.34025668328	-17.3206753104083	2	FALSE	211.836591400804	162.864591400804	159.572331153821	173.021865692988
3	I8199	2	242.090359353234	235.330091187238	248.85062751923	-959.34025668328	-27.4427351962708	2	FALSE	270.992908620873	162.520908620873	159.188285268444	172.575319242398
3	I8364	1	208.462264401462	202.435522370344	214.489006432581	-959.34025668328	-13.1645938791847	2	FALSE	220.402889277625	165.469889277625	161.585825890368	166.170907712275
3	I8365	3	256.765762448513	242.463670626061	271.067854270964	-959.34025668328	-14.2686035717422	2	FALSE	279.674273631013	163.760273631013	161.504324909965	166.094284398348
3	I8569	3	256.765762448513	242.463670626061	271.067854270964	-959.34025668328	-14.7541267767672	2	FALSE	261.535539638045	165.211539638045	163.675005423071	171.892368156405
3	I0839	3	256.765762448513	242.463670626061	271.067854270964	-959.34025668328	-18.5242378355082	2	FALSE	176.348536955553	149.847536955553	148.654319556641	157.069788211183
3	I0840	3	256.765762448513	242.463670626061	271.067854270964	-959.34025668328	-12.5407108014788	2	FALSE	252.91457952683	154.91057952683	146.910627761113	156.911604443947
3	I11599	3	256.765762448513	242.463670626061	271.067854270964	-959.34025668328	-13.9074854834928	2	FALSE	236.515704918554	174.431704918554	172.083680915446	188.770084598114
3	I11601	1	208.462264401462	202.435522370344	214.489006432581	-959.34025668328	-22.3382295614189	2	FALSE	185.942978003847	180.642978003847	171.825288041561	189.096143386372
3	I11604	3	256.765762448513	242.463670626061	271.067854270964	-959.34025668328	-13.6652720428689	2	FALSE	228.982405766159	176.449405766159	159.653137125341	179.579166840163
3	I11605	2	242.090359353234	235.330091187238	248.85062751923	-959.34025668328	-9.71719718975555	2	FALSE	233.6899500101	166.0679500101	159.251762068431	179.682528372671
3	I11614	3	256.765762448513	242.463670626061	271.067854270964	-959.34025668328	-18.5136942098971	2	FALSE	288.610795298128	167.345795298128	162.662531844689	169.536758661603
3	I1970	3	256.765762448513	242.463670626061	271.067854270964	-959.34025668328	-15.8413685565119	2	FALSE	306.338797853237	166.508797853237	159.122461991426	172.123439453933
3	I3432	1	208.462264401462	202.435522370344	214.489006432581	-959.34025668328	-14.7198397361067	2	FALSE	233.487382135032	177.163382135032	173.657803615822	179.571129797691
3	I5076	2	242.090359353234	235.330091187238	248.85062751923	-959.34025668328	-9.50650128863105	2	FALSE	249.524298641236	188.168298641236	178.067234822765	188.513852322989
3	I5428	2	242.090359353234	235.330091187238	248.85062751923	-959.34025668328	-14.6537191755541	2	FALSE	261.613665625019	182.367665625019	180.800539397521	189.142193991081
3	I5429	2	242.090359353234	235.330091187238	248.85062751923	-959.34025668328	-10.6170373468507	2	FALSE	248.415655727948	177.005655727948	172.870349835039	177.073986797458
3	I6601	2	242.090359353234	235.330091187238	248.85062751923	-959.34025668328	-8.30980431885925	2	FALSE	238.151071431961	169.631071431961	162.67293138995	169.529058491545
4	I0258	3	243.325363265212	215.109757146675	271.540969383749	-861.113883761631	-12.8264564008277	2	FALSE	252.514252326137	163.659252326137	150.5247868447	170.850552492109
4	I0262	3	243.325363265212	215.109757146675	271.540969383749	-861.113883761631	-13.7267229621568	2	FALSE	265.928271609754	159.874271609754	150.595684748343	170.427776918305
4	I0263	3	243.325363265212	215.109757146675	271.540969383749	-861.113883761631	-16.3987019094483	2	FALSE	300.210951606664	166.729951606664	150.818080779365	170.704863695053
4	I0455	4	270.075083323299	256.769935210381	283.380231436216	-861.113883761631	-12.7676863334199	2	FALSE	250.566373511587	173.266373511587	164.212025997604	173.0613863008
4	I0459	1	204.398475199386	197.718548530513	211.07840186826	-861.113883761631	-8.80672312721375	2	FALSE	199.883759643645	154.121759643645	148.61986207044	162.193335986813
4	I0460	3	243.325363265212	215.109757146675	271.540969383749	-861.113883761631	-13.7355081624922	2	FALSE	226.178035399179	157.268035399179	148.605194926079	157.237039166785
4	I0823	3	243.325363265212	215.109757146675	271.540969383749	-861.113883761631	-21.0464987853308	2	FALSE	212.128750746948	160.415750746948	150.219374093493	170.681091145213
4	I0826	3	243.325363265212	215.109757146675	271.540969383749	-861.113883761631	-14.7272909334172	2	FALSE	209.842555489641	160.314555489641	158.335281090896	170.470391287354
4	I1271	2	234.191551446261	227.865629349054	240.517473543467	-861.113883761631	-10.286386217998	2	FALSE	227.459877046601	172.010877046601	152.388366178867	172.652895705376
4	I1272	2	234.191551446261	227.865629349054	240.517473543467	-861.113883761631	-11.7067685640602	2	FALSE	232.994331225493	168.887331225493	159.181810798448	171.241915149747
4	I1276	1	204.398475199386	197.718548530513	211.07840186826	-861.113883761631	-8.8902283144382	2	FALSE	208.767615232754	153.515615232754	152.25079256509	172.18243392068
4	I1277	1	204.398475199386	197.718548530513	211.07840186826	-861.113883761631	-17.6110024485924	2	FALSE	203.165287693871	155.814287693871	153.500808722247	161.086884325134
4	I1280	1	204.398475199386	197.718548530513	211.07840186826	-861.113883761631	-8.8592483125624	2	FALSE	207.778213103897	153.321213103897	152.691797205313	172.805152173221
4	I1281	2	234.191551446261	227.865629349054	240.517473543467	-861.113883761631	-10.4823273756507	2	FALSE	227.909041943898	170.032041943898	161.737219333495	171.750101767397
4	I1282	3	243.325363265212	215.109757146675	271.540969383749	-861.113883761631	-12.7885459211913	2	FALSE	249.120745026508	173.161745026508	152.110530543182	172.656707989518
4	I1284	2	234.191551446261	227.865629349054	240.517473543467	-861.113883761631	-8.92119647721441	2	FALSE	230.77476590635	169.74976590635	152.678277330207	172.821076692739
4	I1300	1	204.398475199386	197.718548530513	211.07840186826	-861.113883761631	-8.66071210481624	2	FALSE	209.183179334528	152.909179334528	152.130108424088	172.724759249416
4	I1303	1	204.398475199386	197.718548530513	211.07840186826	-861.113883761631	-10.8988688676974	2	FALSE	215.640591581995	157.288591581995	152.488070274038	172.407921643379
4	I1838	2	234.191551446261	227.865629349054	240.517473543467	-861.113883761631	-8.9831277587162	2	FALSE	234.433739535691	186.677739535691	175.474300962407	188.957332805003
4	I1842	2	234.191551446261	227.865629349054	240.517473543467	-861.113883761631	-13.299193238527	2	FALSE	215.505929962864	175.158929962864	169.998958058256	176.502622406239
4	I1843	1	204.398475199386	197.718548530513	211.07840186826	-861.113883761631	-10.2965306632512	2	FALSE	205.993577902998	177.190577902998	173.385881797663	177.249171771478
4	I1845	2	234.191551446261	227.865629349054	240.517473543467	-861.113883761631	-12.5275631459435	2	FALSE	226.5861326655	174.9671326655	165.127447965995	180.104754906747
4	I1846	4	270.075083323299	256.769935210381	283.380231436216	-861.113883761631	-9.86970119879998	2	FALSE	269.03906177068	170.73806177068	164.81182227012	179.957020331723
4	I1975	2	234.191551446261	227.865629349054	240.517473543467	-861.113883761631	-9.49942735942289	2	FALSE	226.76670116913	177.84270116913	173.299607772543	179.789478379435
4	I1976	2	234.191551446261	227.865629349054	240.517473543467	-861.113883761631	-11.8701219626536	2	FALSE	234.118538152965	161.032538152965	153.633517696024	161.219280101931
4	I1978	2	234.191551446261	227.865629349054	240.517473543467	-861.113883761631	-10.725409996008	2	FALSE	234.752093120101	174.611093120101	164.440684241168	179.935057207643
4	I1981	4	270.075083323299	256.769935210381	283.380231436216	-861.113883761631	-9.93704769716218	2	FALSE	268.772205207425	174.552205207425	172.931950188846	177.094839934805
4	I2467	1	204.398475199386	197.718548530513	211.07840186826	-861.113883761631	-9.53274316250185	2	FALSE	202.335970972065	148.641970972065	148.818940670371	157.745111676415
4	I2473	1	204.398475199386	197.718548530513	211.07840186826	-861.113883761631	-8.20284654703363	2	FALSE	206.99373208463	173.10073208463	166.333154368913	173.606222197234
4	I3269	4	270.075083323299	256.769935210381	283.380231436216	-861.113883761631	-12.3265792486856	2	FALSE	262.492797608339	175.054797608339	169.86726831204	176.590361570873
4	I3270	2	234.191551446261	227.865629349054	240.517473543467	-861.113883761631	-12.2184511774607	2	FALSE	241.685955959923	169.677955959923	169.777382797162	176.546091722432
4	I3271	2	234.191551446261	227.865629349054	240.517473543467	-861.113883761631	-12.4781965995344	2	FALSE	221.213986910815	174.573986910816	169.916878729335	176.527917963851
4	I3272	2	234.191551446261	227.865629349054	240.517473543467	-861.113883761631	-9.46173052986562	2	FALSE	227.810723697502	187.504723697502	173.768897949917	187.376987353034
4	I3277	4	270.075083323299	256.769935210381	283.380231436216	-861.113883761631	-10.9619559714342	2	FALSE	268.383222784702	178.735222784702	171.756698228585	181.819378105657
4	I4247	1	204.398475199386	197.718548530513	211.07840186826	-861.113883761631	-15.1756071626198	2	FALSE	182.410656188153	155.294656188153	148.82263283291	157.351954939501
4	I4565	3	243.325363265212	215.109757146675	271.540969383749	-861.113883761631	-14.2653032834742	2	FALSE	225.901290527637	177.283290527637	173.594392706145	177.532724389848
4	I5838	3	243.325363265212	215.109757146675	271.540969383749	-861.113883761631	-14.2338820414514	2	FALSE	249.935756221064	166.984756221064	152.472521202663	172.642006407259
4	I6543	2	234.191551446261	227.865629349054	240.517473543467	-861.113883761631	-13.892690958207	2	FALSE	214.813785254322	138.147785254322	131.809763160501	161.693249660561
4	I6584	2	234.191551446261	227.865629349054	240.517473543467	-861.113883761631	-15.0241806495976	2	FALSE	252.620690173491	157.194690173491	141.267586210078	157.800817668404
4	I6587	2	234.191551446261	227.865629349054	240.517473543467	-861.113883761631	-12.4988655536091	2	FALSE	225.992694429926	141.962694429926	141.364359596212	158.329002993247
4	I6604	1	204.398475199386	197.718548530513	211.07840186826	-861.113883761631	-10.0980214039545	2	FALSE	211.553700151592	137.530700151592	137.596395276124	145.498565313038
4	I6609	3	243.325363265212	215.109757146675	271.540969383749	-861.113883761631	-13.6709243993543	2	FALSE	268.730979308063	155.212979308063	131.290772008257	161.4197162065
4	I6612	3	243.325363265212	215.109757146675	271.540969383749	-861.113883761631	-13.6833959703814	2	FALSE	222.48643263755	136.94643263755	131.077360573857	161.245436577259
4	I6617	3	243.325363265212	215.109757146675	271.540969383749	-861.113883761631	-15.9474472408614	2	FALSE	263.746411775484	172.616411775484	152.18710723175	172.567282881521
4	I6622	1	204.398475199386	197.718548530513	211.07840186826	-861.113883761631	-14.7911311967118	2	FALSE	187.865245204075	144.814245204075	131.849269375172	161.91147623883
4	I6628	4	270.075083323299	256.769935210381	283.380231436216	-861.113883761631	-11.4047077999348	2	FALSE	282.967106389968	168.722106389968	152.260399739607	172.78928028931
4	I7587	2	234.191551446261	227.865629349054	240.517473543467	-861.113883761631	-10.2370814946449	2	FALSE	244.005153884645	171.533153884645	159.506118473863	172.827033630622
4	I8131	3	243.325363265212	215.109757146675	271.540969383749	-861.113883761631	-20.1361403309053	2	FALSE	332.214030429718	161.354030429718	154.033091744133	161.531853442646
4	I8149	1	204.398475199386	197.718548530513	211.07840186826	-861.113883761631	-9.11008061393964	2	FALSE	198.223027502685	163.515027502685	159.652450245006	172.896747403512
4	I8153	1	204.398475199386	197.718548530513	211.07840186826	-861.113883761631	-10.5249744285366	2	FALSE	210.283821769075	165.943821769075	159.505098193351	172.75293575658
4	I8154	4	270.075083323299	256.769935210381	283.380231436216	-861.113883761631	-16.2333307871829	2	FALSE	301.923886159989	159.247886159989	159.214711598386	172.795007930004
4	I8197	2	234.191551446261	227.865629349054	240.517473543467	-861.113883761631	-8.48461544322338	2	FALSE	236.106641250461	159.190641250461	159.18422996266	172.689735194269
4	I8198	3	243.325363265212	215.109757146675	271.540969383749	-861.113883761631	-15.6543876463884	2	FALSE	213.365531378092	164.393531378092	159.175417107097	172.990391835837
4	I8199	4	270.075083323299	256.769935210381	283.380231436216	-861.113883761631	-12.4064069648204	2	FALSE	275.551318371335	167.079318371335	159.248392901666	172.837477596477
4	I8364	1	204.398475199386	197.718548530513	211.07840186826	-861.113883761631	-12.7582774218022	2	FALSE	216.953245171127	162.020245171127	161.589705562942	166.180924211383
4	I8365	4	270.075083323299	256.769935210381	283.380231436216	-861.113883761631	-11.6508828444162	2	FALSE	280.775210422133	164.861210422133	161.531929353368	166.067338357197
4	I8569	3	243.325363265212	215.109757146675	271.540969383749	-861.113883761631	-14.4824551187341	2	FALSE	268.480691972982	172.156691972981	163.55281760798	171.867836693177
4	I0839	3	243.325363265212	215.109757146675	271.540969383749	-861.113883761631	-16.7708962501741	2	FALSE	178.996182386675	152.495182386675	148.593415618559	157.169939940712
4	I0840	4	270.075083323299	256.769935210381	283.380231436216	-861.113883761631	-12.9424250655678	2	FALSE	248.784301104333	150.780301104333	146.849461021852	156.995912417686
4	I11599	4	270.075083323299	256.769935210381	283.380231436216	-861.113883761631	-12.669937813996	2	FALSE	250.709007067873	188.625007067873	171.736669580007	188.815901116634
4	I11601	1	204.398475199386	197.718548530513	211.07840186826	-861.113883761631	-13.012818995752	2	FALSE	190.773861391489	185.473861391489	172.759144232674	188.939320333468
4	I11604	3	243.325363265212	215.109757146675	271.540969383749	-861.113883761631	-13.3459092592533	2	FALSE	227.176380873437	174.643380873437	159.27555786558	179.986519468907
4	I11605	2	234.191551446261	227.865629349054	240.517473543467	-861.113883761631	-8.55123299668782	2	FALSE	232.880435620593	165.258435620593	159.255809914487	179.457705609301
4	I11614	4	270.075083323299	256.769935210381	283.380231436216	-861.113883761631	-11.6141250089349	2	FALSE	284.482589997553	163.217589997553	162.667897014346	169.386688046714
4	I1970	4	270.075083323299	256.769935210381	283.380231436216	-861.113883761631	-17.4550008454986	2	FALSE	305.067352544425	165.237352544425	158.970230061413	171.453477322864
4	I3432	2	234.191551446261	227.865629349054	240.517473543467	-861.113883761631	-11.925513153638	2	FALSE	230.825284191319	174.501284191319	173.638753235723	179.443997035045
4	I5076	2	234.191551446261	227.865629349054	240.517473543467	-861.113883761631	-9.59682004015833	2	FALSE	241.965286311715	180.609286311715	178.00915320068	188.509336179421
4	I5428	4	270.075083323299	256.769935210381	283.380231436216	-861.113883761631	-10.6571564169412	2	FALSE	260.840543824637	181.594543824637	180.806359221319	189.257521941352
4	I5429	2	234.191551446261	227.865629349054	240.517473543467	-861.113883761631	-11.6747995554319	2	FALSE	248.33364472979	176.92364472979	172.840336854171	177.052847106051
4	I6601	2	234.191551446261	227.865629349054	240.517473543467	-861.113883761631	-9.2009581293169	2	FALSE	233.285862786278	164.765862786278	162.757443423782	169.39044271259
