# CLUSTERING STRENGTH + LIKELIHOOD K SELECTION RESULTS (DATES)
# Recommended K: 3
# Method: DATES
# Clustering strength threshold: 0.983
# Likelihood thresholds: k1 to k2(k=2):1.2 k1 to k2(k=3):2.59 k2 to k3:0.71 k3 to k4:0.49
#
model_k	pop	cluster	joint_date_est_best	joint_date_lowerci	joint_date_upperci	likelihood_mean	likelihood_per_ind	recommended_k	is_recommended	ind_date_est	sample_age_est_best	sample_age_lowerci_mean	sample_age_upperci_mean
2	I0258	1	222.368595355766	218.321761526981	226.415429184551	-2096.13156174558	-14.7323971778001	3	FALSE	253.853141646252	164.998141646252	150.522225721007	170.631584018868
2	I0262	1	222.368595355766	218.321761526981	226.415429184551	-2096.13156174558	-14.9361029066652	3	FALSE	256.984081939857	150.930081939857	150.259728571733	170.850410291376
2	I0263	1	222.368595355766	218.321761526981	226.415429184551	-2096.13156174558	-18.9361284261012	3	FALSE	288.466536298981	154.985536298981	150.488057256942	170.800630221076
2	I0455	1	222.368595355766	218.321761526981	226.415429184551	-2096.13156174558	-12.9453204878542	3	FALSE	244.141876297424	166.841876297424	163.997344446834	173.020539860815
2	I0459	1	222.368595355766	218.321761526981	226.415429184551	-2096.13156174558	-27.6401405471483	3	FALSE	207.355424748363	161.593424748363	149.956758336963	162.247460029487
2	I0460	1	222.368595355766	218.321761526981	226.415429184551	-2096.13156174558	-15.2719450617905	3	FALSE	221.170994070642	152.260994070642	148.720475725147	157.226626882779
2	I0823	1	222.368595355766	218.321761526981	226.415429184551	-2096.13156174558	-23.5180217279004	3	FALSE	212.98581215574	161.27281215574	150.690833710334	171.000779027651
2	I0826	1	222.368595355766	218.321761526981	226.415429184551	-2096.13156174558	-12.9647031857763	3	FALSE	212.998770514204	163.470770514204	158.630230707998	170.663239944327
2	I1271	1	222.368595355766	218.321761526981	226.415429184551	-2096.13156174558	-12.4098577938047	3	FALSE	209.406245103083	153.957245103083	152.590051021086	172.245380719791
2	I1272	1	222.368595355766	218.321761526981	226.415429184551	-2096.13156174558	-30.6903024169458	3	FALSE	227.018949398919	162.911949398919	158.875357973547	170.982280721978
2	I1276	1	222.368595355766	218.321761526981	226.415429184551	-2096.13156174558	-12.9046135334497	3	FALSE	221.148933489213	165.896933489213	152.007538670316	172.68711038965
2	I1277	1	222.368595355766	218.321761526981	226.415429184551	-2096.13156174558	-94.3282903794068	3	FALSE	207.658085706918	160.307085706918	155.802928661551	161.408536237664
2	I1280	1	222.368595355766	218.321761526981	226.415429184551	-2096.13156174558	-22.721686930008	3	FALSE	221.807521116584	167.350521116584	152.521941509829	172.968013040788
2	I1281	1	222.368595355766	218.321761526981	226.415429184551	-2096.13156174558	-11.048890372579	3	FALSE	228.924523500431	171.047523500431	161.863113944591	171.635657677576
2	I1282	1	222.368595355766	218.321761526981	226.415429184551	-2096.13156174558	-13.5997964167336	3	FALSE	228.580016443507	152.621016443507	152.280661548637	172.292110185829
2	I1284	1	222.368595355766	218.321761526981	226.415429184551	-2096.13156174558	-17.6546543617245	3	FALSE	218.157964561294	157.132964561294	152.505381074401	172.661637172236
2	I1300	1	222.368595355766	218.321761526981	226.415429184551	-2096.13156174558	-17.9671565017322	3	FALSE	214.676729179111	158.402729179111	152.683617171299	172.272714345517
2	I1303	1	222.368595355766	218.321761526981	226.415429184551	-2096.13156174558	-12.8709313692366	3	FALSE	230.542916774396	172.190916774396	152.960448781211	172.452006979314
2	I1838	1	222.368595355766	218.321761526981	226.415429184551	-2096.13156174558	-20.052674902619	3	FALSE	226.220706780389	178.464706780389	174.831868268899	188.841357506404
2	I1842	1	222.368595355766	218.321761526981	226.415429184551	-2096.13156174558	-10.8424676111444	3	FALSE	216.5762342327	176.2292342327	169.773594489587	176.53926752807
2	I1843	1	222.368595355766	218.321761526981	226.415429184551	-2096.13156174558	-14.1851978334481	3	FALSE	203.649409278822	174.846409278822	173.367560366587	177.162374075871
2	I1845	1	222.368595355766	218.321761526981	226.415429184551	-2096.13156174558	-10.7586007687253	3	FALSE	221.730691067411	170.111691067411	165.080628144538	179.995043364137
2	I1846	2	267.813756232178	264.558845337149	271.068667127207	-2096.13156174558	-11.4496033002438	3	FALSE	276.870452659161	178.569452659161	164.568980916686	179.998031228232
2	I1975	1	222.368595355766	218.321761526981	226.415429184551	-2096.13156174558	-12.7602154597498	3	FALSE	223.542895224346	174.618895224346	173.132388089218	179.880161352507
2	I1976	1	222.368595355766	218.321761526981	226.415429184551	-2096.13156174558	-11.4368187874067	3	FALSE	234.145656215566	161.059656215566	153.80075806539	161.336860732841
2	I1978	1	222.368595355766	218.321761526981	226.415429184551	-2096.13156174558	-30.3946230376821	3	FALSE	231.124850124841	170.983850124841	164.785116316384	179.240306545398
2	I1981	2	267.813756232178	264.558845337149	271.068667127207	-2096.13156174558	-10.9824185190717	3	FALSE	267.329422937901	173.109422937901	173.019669629501	177.114873241759
2	I2467	1	222.368595355766	218.321761526981	226.415429184551	-2096.13156174558	-13.136200601261	3	FALSE	210.221643524534	156.527643524534	148.925788038694	157.879518192195
2	I2473	1	222.368595355766	218.321761526981	226.415429184551	-2096.13156174558	-27.1984706997428	3	FALSE	204.313337797143	170.420337797143	166.4859985334	173.608880301671
2	I3269	2	267.813756232178	264.558845337149	271.068667127207	-2096.13156174558	-9.56727698260007	3	FALSE	260.660221873168	173.222221873168	169.798902149445	176.656471618584
2	I3270	2	267.813756232178	264.558845337149	271.068667127207	-2096.13156174558	-26.2050471228476	3	FALSE	247.53723966432	175.52923966432	169.852918517842	176.625250783233
2	I3271	1	222.368595355766	218.321761526981	226.415429184551	-2096.13156174558	-14.9853603780133	3	FALSE	220.370874508952	173.730874508952	169.941377629792	176.623497374489
2	I3272	1	222.368595355766	218.321761526981	226.415429184551	-2096.13156174558	-11.7029971946479	3	FALSE	223.673945593249	183.367945593249	173.524164621319	187.069910277134
2	I3277	1	222.368595355766	218.321761526981	226.415429184551	-2096.13156174558	-21.7190402632546	3	FALSE	271.730270464161	182.082270464161	171.876330313638	181.835085886996
2	I4247	1	222.368595355766	218.321761526981	226.415429184551	-2096.13156174558	-31.5205772631282	3	FALSE	178.873705261789	151.757705261789	148.926941463088	157.412280816885
2	I4565	1	222.368595355766	218.321761526981	226.415429184551	-2096.13156174558	-11.694686952197	3	FALSE	222.526094703944	173.908094703944	173.607480816285	177.489055138697
2	I5838	1	222.368595355766	218.321761526981	226.415429184551	-2096.13156174558	-11.8604114005522	3	FALSE	235.026307249158	152.075307249158	152.082641798603	172.415003318539
2	I6543	1	222.368595355766	218.321761526981	226.415429184551	-2096.13156174558	-10.6798599954651	3	FALSE	224.526311797454	147.860311797454	131.326656757488	162.204160173756
2	I6584	2	267.813756232178	264.558845337149	271.068667127207	-2096.13156174558	-12.191143714711	3	FALSE	254.265580359303	158.839580359303	141.573359863833	158.232294274161
2	I6587	1	222.368595355766	218.321761526981	226.415429184551	-2096.13156174558	-12.8433160558065	3	FALSE	242.628171004061	158.598171004061	141.817629965122	158.579058422973
2	I6604	1	222.368595355766	218.321761526981	226.415429184551	-2096.13156174558	-12.2730974919571	3	FALSE	213.67595573625	139.65295573625	137.563568040598	145.526385848989
2	I6609	1	222.368595355766	218.321761526981	226.415429184551	-2096.13156174558	-14.0315919261179	3	FALSE	244.254954288191	130.736954288191	130.928904884994	160.690823536009
2	I6612	1	222.368595355766	218.321761526981	226.415429184551	-2096.13156174558	-14.9860323592884	3	FALSE	230.160737833403	144.620737833403	130.972424773437	161.57970539394
2	I6617	1	222.368595355766	218.321761526981	226.415429184551	-2096.13156174558	-18.5819802954777	3	FALSE	255.711240108237	164.581240108237	152.447499822093	172.752193225357
2	I6622	1	222.368595355766	218.321761526981	226.415429184551	-2096.13156174558	-16.5114316428358	3	FALSE	185.486050744929	142.435050744929	131.79347272214	161.386112572758
2	I6628	1	222.368595355766	218.321761526981	226.415429184551	-2096.13156174558	-23.0618494358913	3	FALSE	270.145808674882	155.900808674882	152.407244085667	171.187809054931
2	I7587	1	222.368595355766	218.321761526981	226.415429184551	-2096.13156174558	-18.8922574218477	3	FALSE	240.978655782195	168.506655782195	159.114197328952	172.05464338019
2	I8131	1	222.368595355766	218.321761526981	226.415429184551	-2096.13156174558	-25.2719074169206	3	FALSE	331.69370057846	160.83370057846	154.051463631713	161.425517605019
2	I8149	1	222.368595355766	218.321761526981	226.415429184551	-2096.13156174558	-19.4084622965014	3	FALSE	205.937663893714	171.229663893714	159.449472571058	172.999026646306
2	I8153	1	222.368595355766	218.321761526981	226.415429184551	-2096.13156174558	-13.998349488353	3	FALSE	204.537365922587	160.197365922587	159.606528538279	172.812330988901
2	I8154	2	267.813756232178	264.558845337149	271.068667127207	-2096.13156174558	-20.0795418755153	3	FALSE	305.195144922095	162.519144922096	159.201029099391	172.653079328926
2	I8197	2	267.813756232178	264.558845337149	271.068667127207	-2096.13156174558	-17.5073285119198	3	FALSE	248.844696966331	171.928696966331	159.235244442991	172.377128634502
2	I8198	1	222.368595355766	218.321761526981	226.415429184551	-2096.13156174558	-11.8561704649418	3	FALSE	218.873138188184	169.901138188184	159.15939843149	172.923314488227
2	I8199	2	267.813756232178	264.558845337149	271.068667127207	-2096.13156174558	-9.61063906743466	3	FALSE	275.27276079044	166.80076079044	159.241836016049	172.37784696876
2	I8364	1	222.368595355766	218.321761526981	226.415429184551	-2096.13156174558	-17.2372273917788	3	FALSE	219.794952096066	164.861952096066	161.720212348845	166.248512877085
2	I8365	1	222.368595355766	218.321761526981	226.415429184551	-2096.13156174558	-24.0189905723902	3	FALSE	279.089664948582	163.175664948582	161.538221142795	166.09223518528
2	I8569	1	222.368595355766	218.321761526981	226.415429184551	-2096.13156174558	-17.0928225361248	3	FALSE	262.097850635858	165.773850635858	163.6723075848	171.946245707111
2	atp016.SG	1	222.368595355766	218.321761526981	226.415429184551	-2096.13156174558	-20.9347654099697	3	FALSE	225.743636972908	178.074636972908	174.550166848634	186.066967308255
2	atp12-1420.SG	2	267.813756232178	264.558845337149	271.068667127207	-2096.13156174558	-10.9244193469822	3	FALSE	256.894325543236	172.585325543236	172.653692463618	177.041723807808
2	ATP17.SG	1	222.368595355766	218.321761526981	226.415429184551	-2096.13156174558	-11.7369827422998	3	FALSE	229.014513861626	171.314513861626	169.217250279891	176.647452364959
2	por002.SG	1	222.368595355766	218.321761526981	226.415429184551	-2096.13156174558	-17.3144194118141	3	FALSE	213.343714586733	177.114714586733	175.002752753299	188.422212305628
2	CHA001_merged	2	267.813756232178	264.558845337149	271.068667127207	-2096.13156174558	-54.9326001078861	3	FALSE	287.291514079124	252.664514079124	250.087626169976	257.718619995152
2	CHA002_merged	2	267.813756232178	264.558845337149	271.068667127207	-2096.13156174558	-15.2504808812432	3	FALSE	284.652557096966	251.347557096966	250.557649468238	258.656048139619
2	CHA003_merged	2	267.813756232178	264.558845337149	271.068667127207	-2096.13156174558	-30.9210886921142	3	FALSE	278.466235195111	251.053235195111	248.090170937623	256.436651168963
2	CHA004.A0102	2	267.813756232178	264.558845337149	271.068667127207	-2096.13156174558	-9.40544556158278	3	FALSE	266.23708583462	228.29608583462	225.823254653502	231.835680824405
2	FUC003_merged	2	267.813756232178	264.558845337149	271.068667127207	-2096.13156174558	-8.15683508864956	3	FALSE	270.079996158518	255.600996158518	246.504434363651	255.435087933544
2	I0409	2	267.813756232178	264.558845337149	271.068667127207	-2096.13156174558	-67.5035470592374	3	FALSE	408.518297035402	257.259297035402	255.85372659448	259.251243056991
2	I0410	2	267.813756232178	264.558845337149	271.068667127207	-2096.13156174558	-24.2726983710037	3	FALSE	294.622953685916	250.660953685916	250.381051665663	258.711795223544
2	I0412	2	267.813756232178	264.558845337149	271.068667127207	-2096.13156174558	-66.9425382187669	3	FALSE	265.739312067029	256.517312067029	254.211504060875	259.171952678955
2	I0413	2	267.813756232178	264.558845337149	271.068667127207	-2096.13156174558	-13.1075246422254	3	FALSE	276.28334947666	251.89234947666	250.774051529081	258.554624898102
2	I1972	2	267.813756232178	264.558845337149	271.068667127207	-2096.13156174558	-8.44156432079881	3	FALSE	271.60854806788	240.22854806788	237.154852092787	242.175876879873
2	I2199	2	267.813756232178	264.558845337149	271.068667127207	-2096.13156174558	-20.6490220279962	3	FALSE	276.701022784919	251.637022784919	248.869778816788	255.455644088448
2	c40331.SG	1	222.368595355766	218.321761526981	226.415429184551	-2096.13156174558	-12.1042115189218	3	FALSE	238.194906414844	200.569906414844	199.585471768697	204.029379671722
2	san216.SG	1	222.368595355766	218.321761526981	226.415429184551	-2096.13156174558	-26.189441139984	3	FALSE	237.357080009088	201.376080009088	200.083863648813	204.482471286566
2	ELT002_merged	2	267.813756232178	264.558845337149	271.068667127207	-2096.13156174558	-8.81596636526404	3	FALSE	263.78970407988	206.72070407988	200.808501221464	210.274609143247
2	ELT006_merged	1	222.368595355766	218.321761526981	226.415429184551	-2096.13156174558	-16.3880561392675	3	FALSE	241.878455856394	205.547455856394	202.420379384837	210.349842893497
2	I0405	2	267.813756232178	264.558845337149	271.068667127207	-2096.13156174558	-8.46713318772169	3	FALSE	271.584279522391	208.268279522391	198.716320156486	208.63703138644
2	I0406	1	222.368595355766	218.321761526981	226.415429184551	-2096.13156174558	-21.9976008047113	3	FALSE	244.459440559138	204.394440559138	198.367987316846	208.430695125924
2	I0407	2	267.813756232178	264.558845337149	271.068667127207	-2096.13156174558	-21.5039364941633	3	FALSE	249.282604878622	200.385604878622	199.116459723363	208.673030587877
2	I10277	1	222.368595355766	218.321761526981	226.415429184551	-2096.13156174558	-11.4328153103383	3	FALSE	232.888230098572	169.071230098572	159.664427860739	188.606526235152
2	I10278	1	222.368595355766	218.321761526981	226.415429184551	-2096.13156174558	-10.7366635201697	3	FALSE	226.640886743258	166.499886743258	159.558613772138	189.298243204498
2	I10280	1	222.368595355766	218.321761526981	226.415429184551	-2096.13156174558	-10.7802463077027	3	FALSE	227.373064007966	175.919064007966	159.827710971668	190.154355522724
2	I10283	1	222.368595355766	218.321761526981	226.415429184551	-2096.13156174558	-10.7513448102662	3	FALSE	222.373315270522	168.110315270522	159.301400905283	190.117621784365
2	I10284	1	222.368595355766	218.321761526981	226.415429184551	-2096.13156174558	-13.4153601692218	3	FALSE	230.765432679927	160.431432679927	159.67460335648	190.173902312693
2	I10285	1	222.368595355766	218.321761526981	226.415429184551	-2096.13156174558	-29.7351798951217	3	FALSE	221.742771339384	164.611771339384	159.412144916132	185.740627305225
2	I10286	1	222.368595355766	218.321761526981	226.415429184551	-2096.13156174558	-11.2061433282811	3	FALSE	227.101976681197	167.839976681197	160.030514576439	188.620211434318
2	I11248	2	267.813756232178	264.558845337149	271.068667127207	-2096.13156174558	-22.7353576848114	3	FALSE	248.013363202887	189.616363202887	167.405884719587	194.280996386494
2	I11249	1	222.368595355766	218.321761526981	226.415429184551	-2096.13156174558	-12.9253408076967	3	FALSE	225.39923905475	170.78723905475	166.483866968858	193.150556859161
2	I11300	1	222.368595355766	218.321761526981	226.415429184551	-2096.13156174558	-11.4526840523222	3	FALSE	214.839146963728	193.516146963728	166.659309754947	193.701021119486
2	I11301	1	222.368595355766	218.321761526981	226.415429184551	-2096.13156174558	-15.8207547227536	3	FALSE	220.428974929565	169.567974929565	166.886858790781	193.18583620313
2	I11305	1	222.368595355766	218.321761526981	226.415429184551	-2096.13156174558	-24.2710843596559	3	FALSE	225.48463931054	170.58363931054	160.021645999576	188.484256905005
2	I11306	1	222.368595355766	218.321761526981	226.415429184551	-2096.13156174558	-17.9111776569757	3	FALSE	237.197888010786	182.667888010786	160.111248963013	190.201369306472
2	I3214	2	267.813756232178	264.558845337149	271.068667127207	-2096.13156174558	-9.1646323706724	3	FALSE	270.323757715041	185.719757715041	180.534269636597	190.574318434977
2	I7549	2	267.813756232178	264.558845337149	271.068667127207	-2096.13156174558	-30.6834151212178	3	FALSE	321.21063098188	217.42063098188	202.026778793827	221.358139799642
2	I7550	2	267.813756232178	264.558845337149	271.068667127207	-2096.13156174558	-20.410179286148	3	FALSE	257.073487759783	235.358487759783	198.608585884462	236.592851685626
2	I7594	2	267.813756232178	264.558845337149	271.068667127207	-2096.13156174558	-13.6335197409881	3	FALSE	285.032256664627	190.538256664627	189.700085761558	195.182707465387
2	I7598	2	267.813756232178	264.558845337149	271.068667127207	-2096.13156174558	-41.2434652625062	3	FALSE	381.283263532054	196.599263532054	190.196164356977	199.133403825794
2	I7600	2	267.813756232178	264.558845337149	271.068667127207	-2096.13156174558	-12.3366450585745	3	FALSE	282.392143159416	204.867143159416	189.84927123612	211.378135258856
2	I7601	1	222.368595355766	218.321761526981	226.415429184551	-2096.13156174558	-14.5006200427829	3	FALSE	235.657444439271	199.501444439271	195.48145633457	200.219376486739
2	I7602	2	267.813756232178	264.558845337149	271.068667127207	-2096.13156174558	-26.2520945443923	3	FALSE	251.336455496028	191.461455496028	166.408098083256	193.086965122659
2	I7603	1	222.368595355766	218.321761526981	226.415429184551	-2096.13156174558	-12.552396157628	3	FALSE	231.041703185599	169.791703185599	166.393264988438	193.666632739561
2	I7604	1	222.368595355766	218.321761526981	226.415429184551	-2096.13156174558	-18.9044549885143	3	FALSE	250.960212804705	170.462212804705	167.236608998584	192.714453940945
2	I7605	1	222.368595355766	218.321761526981	226.415429184551	-2096.13156174558	-17.1769219376087	3	FALSE	258.833543946177	166.635543946177	166.297284001485	193.336374139679
2	I7606	2	267.813756232178	264.558845337149	271.068667127207	-2096.13156174558	-10.2514541491361	3	FALSE	262.89034864451	180.21734864451	166.960758975308	194.212605181882
2	I7642	2	267.813756232178	264.558845337149	271.068667127207	-2096.13156174558	-13.549663016406	3	FALSE	249.840008136681	168.702008136681	168.411527716763	173.257546239144
2	I7643	1	222.368595355766	218.321761526981	226.415429184551	-2096.13156174558	-20.285249376052	3	FALSE	296.183932259229	210.774932259229	202.55476234356	210.795611520298
2	I7644	2	267.813756232178	264.558845337149	271.068667127207	-2096.13156174558	-10.4791058160264	3	FALSE	259.827086650851	191.625086650851	190.844762188582	199.481932694491
2	I7647	1	222.368595355766	218.321761526981	226.415429184551	-2096.13156174558	-23.2777218162414	3	FALSE	311.570373514994	195.093373514994	189.102949919428	213.64187851369
2	I8134	2	267.813756232178	264.558845337149	271.068667127207	-2096.13156174558	-8.88987261043232	3	FALSE	263.274982606627	221.746982606627	198.733285801219	236.921200801485
2	I8567	1	222.368595355766	218.321761526981	226.415429184551	-2096.13156174558	-19.0252300940775	3	FALSE	274.26348138261	189.80648138261	187.632922319296	194.41486738722
2	I8568	2	267.813756232178	264.558845337149	271.068667127207	-2096.13156174558	-24.2453317477844	3	FALSE	244.406526523472	191.609526523472	189.661497957506	194.338584266586
2	LD1174.SG	1	222.368595355766	218.321761526981	226.415429184551	-2096.13156174558	-20.4075298141952	3	FALSE	204.293370165266	159.688370165266	157.532249702573	161.510153725828
3	I0258	2	262.921668115547	250.125300164756	275.718036066338	-1728.64318676008	-12.5051268965198	3	TRUE	258.819470125601	169.964470125601	150.441966438417	171.009401406253
3	I0262	2	262.921668115547	250.125300164756	275.718036066338	-1728.64318676008	-12.1359496104578	3	TRUE	262.856849190509	156.802849190509	150.759697816393	170.545721952138
3	I0263	2	262.921668115547	250.125300164756	275.718036066338	-1728.64318676008	-14.6390495986874	3	TRUE	297.493877257274	164.012877257274	150.471850313313	170.942682859354
3	I0455	2	262.921668115547	250.125300164756	275.718036066338	-1728.64318676008	-12.937575985594	3	TRUE	245.396379520296	168.096379520296	164.181903425995	173.027272365164
3	I0459	1	222.968654515938	219.044725937669	226.892583094207	-1728.64318676008	-25.949211111559	3	TRUE	200.942012534506	155.180012534506	149.247438929576	162.402531601089
3	I0460	1	222.968654515938	219.044725937669	226.892583094207	-1728.64318676008	-18.5362126106839	3	TRUE	224.169855615025	155.259855615025	148.599743274922	157.359227991624
3	I0823	2	262.921668115547	250.125300164756	275.718036066338	-1728.64318676008	-22.2745625868519	3	TRUE	219.663509807893	167.950509807893	150.831069601034	170.945003613763
3	I0826	2	262.921668115547	250.125300164756	275.718036066338	-1728.64318676008	-17.0401377708033	3	TRUE	211.282474823679	161.754474823679	158.221448190126	170.624405714833
3	I1271	1	222.968654515938	219.044725937669	226.892583094207	-1728.64318676008	-10.245743417025	3	TRUE	227.329487103148	171.880487103148	152.39506232889	172.603824436997
3	I1272	1	222.968654515938	219.044725937669	226.892583094207	-1728.64318676008	-9.8783377716446	3	TRUE	226.059580625258	161.952580625258	159.089396525997	170.952984859483
3	I1276	1	222.968654515938	219.044725937669	226.892583094207	-1728.64318676008	-8.73057923142882	3	TRUE	224.049539447301	168.797539447301	152.527903173385	172.835467017389
3	I1277	1	222.968654515938	219.044725937669	226.892583094207	-1728.64318676008	-44.0607944264444	3	TRUE	208.481548273811	161.130548273811	154.274214625757	161.30652385674
3	I1280	1	222.968654515938	219.044725937669	226.892583094207	-1728.64318676008	-13.7479237648111	3	TRUE	212.121267678878	157.664267678878	152.748044545296	172.537350701168
3	I1281	1	222.968654515938	219.044725937669	226.892583094207	-1728.64318676008	-10.3846505654417	3	TRUE	225.974846516441	168.097846516441	162.068909235564	171.895390004651
3	I1282	2	262.921668115547	250.125300164756	275.718036066338	-1728.64318676008	-14.2073414545216	3	TRUE	230.367543289173	154.408543289173	152.343427118778	172.739901152506
3	I1284	1	222.968654515938	219.044725937669	226.892583094207	-1728.64318676008	-10.6121966813848	3	TRUE	231.72253559273	170.69753559273	153.335392102807	172.622345688953
3	I1300	1	222.968654515938	219.044725937669	226.892583094207	-1728.64318676008	-8.39034155130385	3	TRUE	224.793141638119	168.519141638119	152.483761675705	172.719183017201
3	I1303	1	222.968654515938	219.044725937669	226.892583094207	-1728.64318676008	-9.15049129640404	3	TRUE	220.715844464666	162.363844464666	152.370554560413	172.750181092748
3	I1838	1	222.968654515938	219.044725937669	226.892583094207	-1728.64318676008	-11.4542840566176	3	TRUE	232.218619891157	184.462619891157	174.967171998462	188.928563915339
3	I1842	1	222.968654515938	219.044725937669	226.892583094207	-1728.64318676008	-11.0775353715715	3	TRUE	215.843254628524	175.496254628524	169.834847412338	176.68896219718
3	I1843	1	222.968654515938	219.044725937669	226.892583094207	-1728.64318676008	-13.4892118523151	3	TRUE	204.223717355662	175.420717355662	173.331904905945	177.169104639391
3	I1845	1	222.968654515938	219.044725937669	226.892583094207	-1728.64318676008	-12.0099628450278	3	TRUE	224.639098705144	173.020098705144	164.646022599689	179.587251972823
3	I1846	2	262.921668115547	250.125300164756	275.718036066338	-1728.64318676008	-14.5161834701211	3	TRUE	270.357672142519	172.056672142519	165.355886080319	179.823207957358
3	I1975	1	222.968654515938	219.044725937669	226.892583094207	-1728.64318676008	-8.75353993105376	3	TRUE	222.429945699847	173.505945699847	173.267335522646	179.604389707758
3	I1976	1	222.968654515938	219.044725937669	226.892583094207	-1728.64318676008	-11.9683863051763	3	TRUE	229.823144861105	156.737144861105	153.770511867213	161.265265095713
3	I1978	1	222.968654515938	219.044725937669	226.892583094207	-1728.64318676008	-12.6615527637615	3	TRUE	231.390106751306	171.249106751306	164.418304648383	179.216913394547
3	I1981	2	262.921668115547	250.125300164756	275.718036066338	-1728.64318676008	-14.0569935581705	3	TRUE	270.20009040812	175.98009040812	172.966243738143	177.17470558939
3	I2467	1	222.968654515938	219.044725937669	226.892583094207	-1728.64318676008	-11.2353397771574	3	TRUE	211.03400022489	157.34000022489	148.761002500742	157.83563228028
3	I2473	1	222.968654515938	219.044725937669	226.892583094207	-1728.64318676008	-22.4924234603902	3	TRUE	201.435039017293	167.542039017293	166.489401654673	173.561844950997
3	I3269	3	271.455662109577	267.985424706357	274.925899512797	-1728.64318676008	-11.1122865226374	3	TRUE	260.86541899026	173.42741899026	169.955353555269	176.670504223355
3	I3270	3	271.455662109577	267.985424706357	274.925899512797	-1728.64318676008	-32.4971935669526	3	TRUE	247.666960003472	175.658960003472	169.722606070406	176.714327224597
3	I3271	1	222.968654515938	219.044725937669	226.892583094207	-1728.64318676008	-9.23167084557737	3	TRUE	217.060068274585	170.420068274585	169.80272454168	176.744933878737
3	I3272	1	222.968654515938	219.044725937669	226.892583094207	-1728.64318676008	-9.1900553981296	3	TRUE	221.9512310529	181.6452310529	173.550226062336	187.202675211376
3	I3277	2	262.921668115547	250.125300164756	275.718036066338	-1728.64318676008	-11.8764833567791	3	TRUE	262.88111822755	173.23311822755	171.705886525368	181.949159219408
3	I4247	1	222.968654515938	219.044725937669	226.892583094207	-1728.64318676008	-26.4423859767293	3	TRUE	183.835558390739	156.719558390739	148.889461646621	157.390840216382
3	I4565	2	262.921668115547	250.125300164756	275.718036066338	-1728.64318676008	-15.9556090178063	3	TRUE	224.381581587085	175.763581587085	173.520725515233	177.474249314334
3	I5838	2	262.921668115547	250.125300164756	275.718036066338	-1728.64318676008	-13.0952442042476	3	TRUE	242.813864494789	159.862864494789	152.223622625959	172.854886829321
3	I6543	1	222.968654515938	219.044725937669	226.892583094207	-1728.64318676008	-11.6560740091716	3	TRUE	220.911558309402	144.245558309402	130.579008932795	161.646353303721
3	I6584	3	271.455662109577	267.985424706357	274.925899512797	-1728.64318676008	-15.2461374921675	3	TRUE	253.453272901797	158.027272901797	141.324869470971	158.184593603281
3	I6587	2	262.921668115547	250.125300164756	275.718036066338	-1728.64318676008	-16.5369330053578	3	TRUE	233.587147821179	149.557147821179	141.308862526369	158.406815642956
3	I6604	1	222.968654515938	219.044725937669	226.892583094207	-1728.64318676008	-10.5848373712726	3	TRUE	213.394950445015	139.371950445015	137.613034653945	145.595240975631
3	I6609	2	262.921668115547	250.125300164756	275.718036066338	-1728.64318676008	-12.7691534706573	3	TRUE	251.627506000598	138.109506000598	131.688880902116	161.90168088485
3	I6612	2	262.921668115547	250.125300164756	275.718036066338	-1728.64318676008	-15.0696084949382	3	TRUE	225.645805588454	140.105805588454	131.23696422986	161.85147073361
3	I6617	2	262.921668115547	250.125300164756	275.718036066338	-1728.64318676008	-16.9131244163148	3	TRUE	254.613107959785	163.483107959785	152.565056599809	172.699404481266
3	I6622	1	222.968654515938	219.044725937669	226.892583094207	-1728.64318676008	-15.3345303306322	3	TRUE	197.48979250753	154.43879250753	131.279357517737	161.92633278801
3	I6628	2	262.921668115547	250.125300164756	275.718036066338	-1728.64318676008	-12.8462139297018	3	TRUE	273.501798722449	159.256798722449	152.460439614619	171.814045620309
3	I7587	1	222.968654515938	219.044725937669	226.892583094207	-1728.64318676008	-10.3672872925427	3	TRUE	232.451938872025	159.979938872025	159.033165040559	172.680522065244
3	I8131	2	262.921668115547	250.125300164756	275.718036066338	-1728.64318676008	-17.969526324967	3	TRUE	331.724515288899	160.864515288899	153.921275423482	161.485391940901
3	I8149	1	222.968654515938	219.044725937669	226.892583094207	-1728.64318676008	-16.9340369704662	3	TRUE	202.995264412668	168.287264412668	159.930295969492	173.11894130627
3	I8153	1	222.968654515938	219.044725937669	226.892583094207	-1728.64318676008	-10.3303606895642	3	TRUE	217.138725008034	172.798725008034	159.442575961085	172.984172754722
3	I8154	2	262.921668115547	250.125300164756	275.718036066338	-1728.64318676008	-21.1914901135065	3	TRUE	301.970869617692	159.294869617692	159.064202485273	172.697330965062
3	I8197	1	222.968654515938	219.044725937669	226.892583094207	-1728.64318676008	-20.4732987618521	3	TRUE	244.592440287115	167.676440287115	159.413267455862	172.680233552237
3	I8198	2	262.921668115547	250.125300164756	275.718036066338	-1728.64318676008	-19.4948713945006	3	TRUE	209.236307862546	160.264307862546	159.44003265218	172.875539198368
3	I8199	3	271.455662109577	267.985424706357	274.925899512797	-1728.64318676008	-8.87221195184209	3	TRUE	267.475431988613	159.003431988613	159.056580236314	173.002977609784
3	I8364	1	222.968654515938	219.044725937669	226.892583094207	-1728.64318676008	-9.03902973642415	3	TRUE	217.96402152674	163.03102152674	161.506129022089	166.110166202499
3	I8365	2	262.921668115547	250.125300164756	275.718036066338	-1728.64318676008	-12.920575893867	3	TRUE	279.771018249392	163.857018249392	161.477057268577	166.191951392626
3	I8569	2	262.921668115547	250.125300164756	275.718036066338	-1728.64318676008	-14.9495915334996	3	TRUE	267.474500147587	171.150500147587	163.733803702289	171.901262144509
3	atp016.SG	1	222.968654515938	219.044725937669	226.892583094207	-1728.64318676008	-8.41233281263096	3	TRUE	222.186886912184	174.517886912184	173.857373001852	185.7892437383
3	atp12-1420.SG	3	271.455662109577	267.985424706357	274.925899512797	-1728.64318676008	-11.4495599663053	3	TRUE	260.196714085867	175.887714085867	172.611974150607	177.001108937518
3	ATP17.SG	2	262.921668115547	250.125300164756	275.718036066338	-1728.64318676008	-14.226922433316	3	TRUE	233.806841968373	176.106841968373	169.483997210611	176.874414949628
3	por002.SG	1	222.968654515938	219.044725937669	226.892583094207	-1728.64318676008	-10.562166824114	3	TRUE	213.639834041224	177.410834041224	175.072196119964	188.579928230468
3	CHA001_merged	3	271.455662109577	267.985424706357	274.925899512797	-1728.64318676008	-32.8588878305275	3	TRUE	286.053208065947	251.426208065947	250.054703349513	256.149888935948
3	CHA002_merged	3	271.455662109577	267.985424706357	274.925899512797	-1728.64318676008	-12.0848350961402	3	TRUE	283.709013259286	250.404013259286	250.699418657451	258.385144636606
3	CHA003_merged	3	271.455662109577	267.985424706357	274.925899512797	-1728.64318676008	-37.6012474673381	3	TRUE	285.180992221709	257.767992221709	247.942813753749	256.461556487318
3	CHA004.A0102	3	271.455662109577	267.985424706357	274.925899512797	-1728.64318676008	-10.0635961318808	3	TRUE	267.896659566946	229.955659566946	225.668826444191	231.847278637519
3	FUC003_merged	3	271.455662109577	267.985424706357	274.925899512797	-1728.64318676008	-9.11072421200814	3	TRUE	265.242900438124	250.763900438124	246.821535733313	255.402557509801
3	I0409	3	271.455662109577	267.985424706357	274.925899512797	-1728.64318676008	-65.2578948606702	3	TRUE	407.954702385556	256.695702385556	255.937498130636	259.207669175455
3	I0410	3	271.455662109577	267.985424706357	274.925899512797	-1728.64318676008	-29.3660261267474	3	TRUE	302.095204597007	258.133204597007	250.498609831063	258.683784223137
3	I0412	3	271.455662109577	267.985424706357	274.925899512797	-1728.64318676008	-47.1612610108703	3	TRUE	268.26359635046	259.04159635046	252.874441744675	259.198223672508
3	I0413	3	271.455662109577	267.985424706357	274.925899512797	-1728.64318676008	-11.8025932850498	3	TRUE	279.866727842913	255.475727842913	250.717970477442	258.67629732022
3	I1972	3	271.455662109577	267.985424706357	274.925899512797	-1728.64318676008	-7.94494345759904	3	TRUE	272.758140186284	241.378140186284	237.292063048542	242.228813122285
3	I2199	3	271.455662109577	267.985424706357	274.925899512797	-1728.64318676008	-14.778796807203	3	TRUE	278.851041614581	253.787041614581	248.904036737347	255.535449037769
3	c40331.SG	2	262.921668115547	250.125300164756	275.718036066338	-1728.64318676008	-13.7533929491549	3	TRUE	239.627065716262	202.002065716262	199.605836074433	204.056705157967
3	san216.SG	1	222.968654515938	219.044725937669	226.892583094207	-1728.64318676008	-14.2290587381285	3	TRUE	236.166999900668	200.185999900668	200.090392905599	204.42760709551
3	ELT002_merged	3	271.455662109577	267.985424706357	274.925899512797	-1728.64318676008	-8.75176911082422	3	TRUE	266.073299325394	209.004299325394	200.825943890693	210.161876596901
3	ELT006_merged	1	222.968654515938	219.044725937669	226.892583094207	-1728.64318676008	-15.1164115346061	3	TRUE	243.942202385443	207.611202385443	202.374239662247	210.489706147196
3	I0405	3	271.455662109577	267.985424706357	274.925899512797	-1728.64318676008	-8.07041584510756	3	TRUE	272.150415973563	208.834415973563	198.343501946823	208.653934787268
3	I0406	1	222.968654515938	219.044725937669	226.892583094207	-1728.64318676008	-20.4564294623625	3	TRUE	248.111032264662	208.046032264662	198.495500893166	208.748457246526
3	I0407	3	271.455662109577	267.985424706357	274.925899512797	-1728.64318676008	-16.2271421489724	3	TRUE	256.634643160258	207.737643160258	198.475009407516	208.699142406653
3	I10277	1	222.968654515938	219.044725937669	226.892583094207	-1728.64318676008	-11.9777511750992	3	TRUE	235.822434132214	172.005434132214	160.022050949711	189.853892886978
3	I10278	1	222.968654515938	219.044725937669	226.892583094207	-1728.64318676008	-10.8185242181307	3	TRUE	228.042492591149	167.901492591149	160.32206717839	190.826913151458
3	I10280	2	262.921668115547	250.125300164756	275.718036066338	-1728.64318676008	-17.3304477285729	3	TRUE	233.816973427267	182.362973427267	159.887303856001	189.681143718606
3	I10283	1	222.968654515938	219.044725937669	226.892583094207	-1728.64318676008	-10.4329781387146	3	TRUE	228.880068360593	174.617068360593	159.79450107446	190.529886821917
3	I10284	1	222.968654515938	219.044725937669	226.892583094207	-1728.64318676008	-10.2252150489484	3	TRUE	231.938599141615	161.604599141615	159.954016313921	190.527365994474
3	I10285	1	222.968654515938	219.044725937669	226.892583094207	-1728.64318676008	-10.538017223016	3	TRUE	227.40824849426	170.27724849426	160.132279685681	188.154909337734
3	I10286	1	222.968654515938	219.044725937669	226.892583094207	-1728.64318676008	-11.1179836740049	3	TRUE	234.070582626948	174.808582626948	159.195809774745	189.837609535815
3	I11248	1	222.968654515938	219.044725937669	226.892583094207	-1728.64318676008	-9.41344074902607	3	TRUE	228.243739619971	169.846739619971	166.909377982042	194.456935833607
3	I11249	1	222.968654515938	219.044725937669	226.892583094207	-1728.64318676008	-9.89768856492363	3	TRUE	230.965145683451	176.353145683451	166.106001068173	193.198080181277
3	I11300	1	222.968654515938	219.044725937669	226.892583094207	-1728.64318676008	-17.4133338626579	3	TRUE	188.280534949429	166.957534949429	167.354261130095	193.652230188517
3	I11301	1	222.968654515938	219.044725937669	226.892583094207	-1728.64318676008	-9.27352315460631	3	TRUE	228.942549092063	178.081549092063	166.511757044355	192.495080210002
3	I11305	1	222.968654515938	219.044725937669	226.892583094207	-1728.64318676008	-9.08914717651147	3	TRUE	226.01109070816	171.11009070816	159.302848685599	187.689609998571
3	I11306	1	222.968654515938	219.044725937669	226.892583094207	-1728.64318676008	-8.59976834733662	3	TRUE	221.89854702966	167.36854702966	159.734577988045	189.357390667761
3	I3214	3	271.455662109577	267.985424706357	274.925899512797	-1728.64318676008	-9.87974634325217	3	TRUE	266.66576949981	182.06176949981	180.58701737628	190.698237386782
3	I7549	2	262.921668115547	250.125300164756	275.718036066338	-1728.64318676008	-25.4593483176261	3	TRUE	306.133249781656	202.343249781656	202.463634741226	221.609317522962
3	I7550	3	271.455662109577	267.985424706357	274.925899512797	-1728.64318676008	-22.6752454600804	3	TRUE	258.595914435356	236.880914435356	204.73088566297	237.015814976933
3	I7594	3	271.455662109577	267.985424706357	274.925899512797	-1728.64318676008	-14.6476533669747	3	TRUE	289.679830404184	195.185830404184	189.748308474996	195.272036119897
3	I7598	2	262.921668115547	250.125300164756	275.718036066338	-1728.64318676008	-39.0532921990391	3	TRUE	379.974635549131	195.290635549131	190.390703444303	198.966315021114
3	I7600	3	271.455662109577	267.985424706357	274.925899512797	-1728.64318676008	-9.86694239377881	3	TRUE	269.926345569357	192.401345569357	189.965316264092	212.272044901952
3	I7601	1	222.968654515938	219.044725937669	226.892583094207	-1728.64318676008	-10.3831167075395	3	TRUE	232.308694053349	196.152694053349	195.491246480129	200.179625234958
3	I7602	1	222.968654515938	219.044725937669	226.892583094207	-1728.64318676008	-13.3587350608274	3	TRUE	230.555162896003	170.680162896003	166.281142225489	193.411275756246
3	I7603	1	222.968654515938	219.044725937669	226.892583094207	-1728.64318676008	-16.6753808458103	3	TRUE	246.278657476817	185.028657476817	167.00114131506	194.071608285553
3	I7604	2	262.921668115547	250.125300164756	275.718036066338	-1728.64318676008	-15.2965298087581	3	TRUE	257.825406100397	177.327406100397	167.084435326147	193.991248023563
3	I7605	2	262.921668115547	250.125300164756	275.718036066338	-1728.64318676008	-12.103761335045	3	TRUE	267.83340717986	175.63540717986	166.607832309923	193.897891244186
3	I7606	1	222.968654515938	219.044725937669	226.892583094207	-1728.64318676008	-19.5857448056269	3	TRUE	252.79771915888	170.12471915888	166.728765890003	193.444874164249
3	I7642	2	262.921668115547	250.125300164756	275.718036066338	-1728.64318676008	-17.0325929077665	3	TRUE	252.455145404522	171.317145404522	168.367848754108	173.33143900408
3	I7643	2	262.921668115547	250.125300164756	275.718036066338	-1728.64318676008	-14.4457597118649	3	TRUE	296.12664249363	210.71764249363	202.363777009959	210.809357643438
3	I7644	3	271.455662109577	267.985424706357	274.925899512797	-1728.64318676008	-9.42094423406865	3	TRUE	264.583569352566	196.381569352566	190.702143070854	199.414085683779
3	I7647	2	262.921668115547	250.125300164756	275.718036066338	-1728.64318676008	-17.5922816585196	3	TRUE	324.931119177019	208.454119177019	189.595003455927	213.995139618915
3	I8134	3	271.455662109577	267.985424706357	274.925899512797	-1728.64318676008	-7.5845519045348	3	TRUE	269.656006907147	228.128006907147	198.990162005482	236.581297816343
3	I8567	2	262.921668115547	250.125300164756	275.718036066338	-1728.64318676008	-12.014996498584	3	TRUE	272.561079156515	188.104079156515	187.701339342831	194.50851796594
3	I8568	1	222.968654515938	219.044725937669	226.892583094207	-1728.64318676008	-21.2462429851792	3	TRUE	243.897601975657	191.100601975657	189.579504271542	194.413878974746
3	LD1174.SG	1	222.968654515938	219.044725937669	226.892583094207	-1728.64318676008	-16.8646312470619	3	TRUE	202.956835942387	158.351835942387	157.615510581197	161.579885062787
4	I0258	4	291.757577171081	272.353588153302	311.16156618886	-1556.75924108417	-16.5089852018128	3	FALSE	241.018894674075	152.163894674075	150.276706166499	170.953259174712
4	I0262	4	291.757577171081	272.353588153302	311.16156618886	-1556.75924108417	-12.9796771004585	3	FALSE	272.833043226103	166.779043226103	150.897683110088	170.97963199722
4	I0263	4	291.757577171081	272.353588153302	311.16156618886	-1556.75924108417	-13.1463515683908	3	FALSE	298.419571724841	164.938571724841	150.490189533282	170.844739043553
4	I0455	1	219.052144433258	214.722925277945	223.381363588571	-1556.75924108417	-14.3713634584826	3	FALSE	242.562246410711	165.262246410711	163.90046149809	173.225059335511
4	I0459	1	219.052144433258	214.722925277945	223.381363588571	-1556.75924108417	-15.9607644725892	3	FALSE	205.877700740633	160.115700740633	149.23755559139	162.288219165722
4	I0460	1	219.052144433258	214.722925277945	223.381363588571	-1556.75924108417	-17.9889189178111	3	FALSE	220.077370792661	151.167370792661	148.749795897498	157.158874855493
4	I0823	4	291.757577171081	272.353588153302	311.16156618886	-1556.75924108417	-21.8545762689288	3	FALSE	217.426924605266	165.713924605266	150.306282046118	170.361158840491
4	I0826	4	291.757577171081	272.353588153302	311.16156618886	-1556.75924108417	-22.9356021390677	3	FALSE	215.003297693945	165.475297693945	158.546190618205	170.584500347297
4	I1271	1	219.052144433258	214.722925277945	223.381363588571	-1556.75924108417	-10.3015726497777	3	FALSE	211.219809378009	155.770809378009	153.007646330765	172.92385077869
4	I1272	1	219.052144433258	214.722925277945	223.381363588571	-1556.75924108417	-24.0565256421221	3	FALSE	233.147668771668	169.040668771668	159.050906397144	171.276752185342
4	I1276	1	219.052144433258	214.722925277945	223.381363588571	-1556.75924108417	-9.40098547624939	3	FALSE	224.437419949437	169.185419949437	152.348066088078	172.773612314653
4	I1277	1	219.052144433258	214.722925277945	223.381363588571	-1556.75924108417	-43.2899303811753	3	FALSE	207.087619817658	159.736619817658	153.703694976167	161.259154417819
4	I1280	1	219.052144433258	214.722925277945	223.381363588571	-1556.75924108417	-12.7126766402185	3	FALSE	226.273060617234	171.816060617234	152.404578540673	172.303527234139
4	I1281	1	219.052144433258	214.722925277945	223.381363588571	-1556.75924108417	-10.2269962944257	3	FALSE	225.098981748273	167.221981748273	161.733728267402	171.698301683487
4	I1282	4	291.757577171081	272.353588153302	311.16156618886	-1556.75924108417	-17.6012005882213	3	FALSE	231.682233785414	155.723233785414	152.808458085305	172.677063037242
4	I1284	1	219.052144433258	214.722925277945	223.381363588571	-1556.75924108417	-12.2958115103143	3	FALSE	229.121782451695	168.096782451695	152.681565954948	172.495560686803
4	I1300	1	219.052144433258	214.722925277945	223.381363588571	-1556.75924108417	-9.15535907514096	3	FALSE	217.470645009997	161.196645009997	152.536723494995	172.566475140463
4	I1303	1	219.052144433258	214.722925277945	223.381363588571	-1556.75924108417	-10.1905504981461	3	FALSE	210.202616030528	151.850616030528	152.072843489503	172.67089601207
4	I1838	1	219.052144433258	214.722925277945	223.381363588571	-1556.75924108417	-10.9259192821766	3	FALSE	224.921013544029	177.165013544029	175.112681847997	189.208803509129
4	I1842	1	219.052144433258	214.722925277945	223.381363588571	-1556.75924108417	-10.4015589595435	3	FALSE	214.258652883648	173.911652883648	169.899531598535	176.477255056878
4	I1843	1	219.052144433258	214.722925277945	223.381363588571	-1556.75924108417	-11.5636591584937	3	FALSE	205.245908824605	176.442908824605	173.406359551202	177.21237915751
4	I1845	1	219.052144433258	214.722925277945	223.381363588571	-1556.75924108417	-11.4422213550012	3	FALSE	221.291922279902	169.672922279902	164.867474823924	179.897144243088
4	I1846	2	254.789230107495	249.606378201481	259.972082013508	-1556.75924108417	-13.410280886016	3	FALSE	272.783734858923	174.482734858923	164.629620146921	179.87871576084
4	I1975	1	219.052144433258	214.722925277945	223.381363588571	-1556.75924108417	-9.36078591465347	3	FALSE	224.240759331235	175.316759331235	173.135672329077	179.914805656657
4	I1976	1	219.052144433258	214.722925277945	223.381363588571	-1556.75924108417	-11.5714649120331	3	FALSE	227.812176961991	154.726176961991	153.591893398868	161.18540641406
4	I1978	1	219.052144433258	214.722925277945	223.381363588571	-1556.75924108417	-16.4451641022013	3	FALSE	228.873338409089	168.732338409089	164.824893771687	180.168157927359
4	I1981	2	254.789230107495	249.606378201481	259.972082013508	-1556.75924108417	-12.4714529393143	3	FALSE	269.002706530964	174.782706530965	172.982425372616	177.182709931795
4	I2467	1	219.052144433258	214.722925277945	223.381363588571	-1556.75924108417	-11.4318574372306	3	FALSE	205.861945897955	152.167945897955	148.802168923596	157.735343747431
4	I2473	1	219.052144433258	214.722925277945	223.381363588571	-1556.75924108417	-15.288725473545	3	FALSE	204.989368578229	171.096368578229	166.440234697577	173.70418356482
4	I3269	2	254.789230107495	249.606378201481	259.972082013508	-1556.75924108417	-8.64487336111361	3	FALSE	257.34551214658	169.90751214658	169.786926174337	176.511784493258
4	I3270	2	254.789230107495	249.606378201481	259.972082013508	-1556.75924108417	-10.0385704349118	3	FALSE	248.230016951734	176.222016951734	169.813906359819	176.62054956558
4	I3271	1	219.052144433258	214.722925277945	223.381363588571	-1556.75924108417	-9.23632502363974	3	FALSE	222.669030198697	176.029030198697	169.746865702992	176.456067185292
4	I3272	1	219.052144433258	214.722925277945	223.381363588571	-1556.75924108417	-9.12332103098448	3	FALSE	220.916234858069	180.610234858069	173.597136634879	187.477067587232
4	I3277	4	291.757577171081	272.353588153302	311.16156618886	-1556.75924108417	-17.1433490205086	3	FALSE	262.549504353753	172.901504353753	171.65229805978	181.886291332983
4	I4247	1	219.052144433258	214.722925277945	223.381363588571	-1556.75924108417	-25.8674249675019	3	FALSE	180.247683143629	153.131683143629	148.842176592177	157.298493162588
4	I4565	1	219.052144433258	214.722925277945	223.381363588571	-1556.75924108417	-13.2883781057116	3	FALSE	222.278931882391	173.660931882391	173.612334547274	177.523457647784
4	I5838	1	219.052144433258	214.722925277945	223.381363588571	-1556.75924108417	-14.3803347887689	3	FALSE	241.721736433299	158.770736433299	152.525682273387	172.916291314843
4	I6543	1	219.052144433258	214.722925277945	223.381363588571	-1556.75924108417	-11.6891646635255	3	FALSE	229.464105481946	152.798105481946	131.639278983494	161.603853888976
4	I6584	2	254.789230107495	249.606378201481	259.972082013508	-1556.75924108417	-8.63205588326479	3	FALSE	254.06113931316	158.63513931316	141.429085318149	157.535143433987
4	I6587	1	219.052144433258	214.722925277945	223.381363588571	-1556.75924108417	-13.6580534938077	3	FALSE	240.22554070207	156.19554070207	141.277550538404	158.602929605279
4	I6604	1	219.052144433258	214.722925277945	223.381363588571	-1556.75924108417	-9.68468887734821	3	FALSE	213.05699632344	139.03399632344	137.519305828366	145.426639041531
4	I6609	2	254.789230107495	249.606378201481	259.972082013508	-1556.75924108417	-16.7344890682865	3	FALSE	250.562230236539	137.044230236539	131.558542996312	161.685448490815
4	I6612	4	291.757577171081	272.353588153302	311.16156618886	-1556.75924108417	-16.236065221831	3	FALSE	235.562239707843	150.022239707843	131.391619310515	161.700745359329
4	I6617	4	291.757577171081	272.353588153302	311.16156618886	-1556.75924108417	-16.6807502587445	3	FALSE	255.96026130258	164.83026130258	152.674836693664	172.587150964745
4	I6622	1	219.052144433258	214.722925277945	223.381363588571	-1556.75924108417	-13.8828252566856	3	FALSE	198.081364669593	155.030364669593	131.22712367497	160.950287105516
4	I6628	4	291.757577171081	272.353588153302	311.16156618886	-1556.75924108417	-16.5792594535727	3	FALSE	271.012978988189	156.767978988189	152.399901498076	172.603722176656
4	I7587	2	254.789230107495	249.606378201481	259.972082013508	-1556.75924108417	-13.0920548505942	3	FALSE	239.251949442883	166.779949442883	159.460914375044	172.91490651135
4	I8131	4	291.757577171081	272.353588153302	311.16156618886	-1556.75924108417	-14.7442562560873	3	FALSE	329.619181581437	158.759181581437	153.985874974909	161.287434956724
4	I8149	1	219.052144433258	214.722925277945	223.381363588571	-1556.75924108417	-12.311676595982	3	FALSE	206.233085727418	171.525085727418	159.487451014242	172.900829231367
4	I8153	1	219.052144433258	214.722925277945	223.381363588571	-1556.75924108417	-10.616468169603	3	FALSE	209.220272875806	164.880272875806	159.338089544159	172.933437342623
4	I8154	4	291.757577171081	272.353588153302	311.16156618886	-1556.75924108417	-16.2809789088799	3	FALSE	308.884178194107	166.208178194107	159.119035802515	172.894006079462
4	I8197	1	219.052144433258	214.722925277945	223.381363588571	-1556.75924108417	-17.4991726785418	3	FALSE	237.175835116033	160.259835116033	159.162488310331	172.729661902413
4	I8198	1	219.052144433258	214.722925277945	223.381363588571	-1556.75924108417	-13.7462998261887	3	FALSE	208.746412710352	159.774412710352	159.393233090772	172.402631574577
4	I8199	2	254.789230107495	249.606378201481	259.972082013508	-1556.75924108417	-13.078904354863	3	FALSE	269.05377295407	160.58177295407	159.484563282291	172.848994803748
4	I8364	1	219.052144433258	214.722925277945	223.381363588571	-1556.75924108417	-9.24744534720463	3	FALSE	217.79243089512	162.85943089512	161.595918225324	166.08792978373
4	I8365	4	291.757577171081	272.353588153302	311.16156618886	-1556.75924108417	-13.8730037865795	3	FALSE	277.396138478463	161.482138478463	161.519321014646	166.165315335616
4	I8569	4	291.757577171081	272.353588153302	311.16156618886	-1556.75924108417	-14.9493938302817	3	FALSE	262.317004141558	165.993004141558	163.74678996019	171.957404075873
4	atp016.SG	1	219.052144433258	214.722925277945	223.381363588571	-1556.75924108417	-11.9530150106358	3	FALSE	226.348785009207	178.679785009207	174.16558997333	185.925036896739
4	atp12-1420.SG	2	254.789230107495	249.606378201481	259.972082013508	-1556.75924108417	-8.98876382732579	3	FALSE	257.918539503032	173.609539503032	172.641076897986	176.980711416962
4	ATP17.SG	1	219.052144433258	214.722925277945	223.381363588571	-1556.75924108417	-13.6249779028937	3	FALSE	232.154536087063	174.454536087063	169.300140023192	176.808259819044
4	por002.SG	1	219.052144433258	214.722925277945	223.381363588571	-1556.75924108417	-9.72519005049748	3	FALSE	224.567514348059	188.338514348059	174.898243429638	188.523693003629
4	CHA001_merged	3	272.906054388705	268.823562265882	276.988546511528	-1556.75924108417	-26.7181881114835	3	FALSE	285.913435006444	251.286435006444	250.140017146618	258.38190668395
4	CHA002_merged	3	272.906054388705	268.823562265882	276.988546511528	-1556.75924108417	-11.7320566803567	3	FALSE	283.950740911506	250.645740911506	250.627882719614	258.823680664662
4	CHA003_merged	3	272.906054388705	268.823562265882	276.988546511528	-1556.75924108417	-10.445892462524	3	FALSE	276.518201945124	249.105201945124	247.967461073903	256.467322017171
4	CHA004.A0102	2	254.789230107495	249.606378201481	259.972082013508	-1556.75924108417	-10.6545398249519	3	FALSE	264.5761086254	226.6351086254	225.843517224689	231.712849041264
4	FUC003_merged	2	254.789230107495	249.606378201481	259.972082013508	-1556.75924108417	-13.3200912579089	3	FALSE	267.807756173058	253.328756173058	246.749230301202	255.541657668316
4	I0409	4	291.757577171081	272.353588153302	311.16156618886	-1556.75924108417	-49.2446743859422	3	FALSE	409.523680928152	258.264680928152	255.845679991778	259.230664821907
4	I0410	3	272.906054388705	268.823562265882	276.988546511528	-1556.75924108417	-19.5622585501115	3	FALSE	294.676267029311	250.714267029311	250.532500697139	258.479918436815
4	I0412	3	272.906054388705	268.823562265882	276.988546511528	-1556.75924108417	-55.1459598052949	3	FALSE	267.88298640297	258.66098640297	254.081007475566	259.183076631311
4	I0413	3	272.906054388705	268.823562265882	276.988546511528	-1556.75924108417	-10.3002321671389	3	FALSE	280.405818265028	256.014818265028	250.645710046219	258.882659758974
4	I1972	3	272.906054388705	268.823562265882	276.988546511528	-1556.75924108417	-8.00782542568596	3	FALSE	273.580186232845	242.200186232845	237.089058523116	242.266450746925
4	I2199	3	272.906054388705	268.823562265882	276.988546511528	-1556.75924108417	-7.99725752600097	3	FALSE	275.14993562874	250.08593562874	248.871117747666	255.503477617358
4	c40331.SG	1	219.052144433258	214.722925277945	223.381363588571	-1556.75924108417	-14.0756168848533	3	FALSE	240.556793791899	202.931793791899	199.727865080675	203.993184951234
4	san216.SG	2	254.789230107495	249.606378201481	259.972082013508	-1556.75924108417	-16.0141063786033	3	FALSE	239.476998189585	203.495998189585	200.001805638834	204.56986980023
4	ELT002_merged	2	254.789230107495	249.606378201481	259.972082013508	-1556.75924108417	-8.64136646366371	3	FALSE	257.834438617931	200.765438617931	200.80514126444	210.25699236298
4	ELT006_merged	2	254.789230107495	249.606378201481	259.972082013508	-1556.75924108417	-12.5675117079208	3	FALSE	239.408881685276	203.077881685276	202.653474206193	210.436315538444
4	I0405	2	254.789230107495	249.606378201481	259.972082013508	-1556.75924108417	-11.611873025945	3	FALSE	265.826465907731	202.510465907731	198.664146661114	208.76350032492
4	I0406	2	254.789230107495	249.606378201481	259.972082013508	-1556.75924108417	-9.50708307969764	3	FALSE	248.200941285374	208.135941285374	198.349152965135	208.505740158891
4	I0407	2	254.789230107495	249.606378201481	259.972082013508	-1556.75924108417	-8.33619170756942	3	FALSE	252.110992935239	203.213992935239	198.445405256436	208.596287865657
4	I10277	2	254.789230107495	249.606378201481	259.972082013508	-1556.75924108417	-13.9074501865051	3	FALSE	235.219361108422	171.402361108422	160.803493677002	190.136413577213
4	I10278	1	219.052144433258	214.722925277945	223.381363588571	-1556.75924108417	-10.7520784294799	3	FALSE	227.654818658023	167.513818658023	160.275111622676	190.433643796548
4	I10280	1	219.052144433258	214.722925277945	223.381363588571	-1556.75924108417	-12.3255900736965	3	FALSE	234.16797622718	182.71397622718	160.463472916412	189.900960251856
4	I10283	1	219.052144433258	214.722925277945	223.381363588571	-1556.75924108417	-9.73893589687151	3	FALSE	218.200814236851	163.937814236851	159.839222914348	189.607002634356
4	I10284	2	254.789230107495	249.606378201481	259.972082013508	-1556.75924108417	-9.02331208978329	3	FALSE	252.696775150354	182.362775150354	159.753500983684	190.437450647421
4	I10285	1	219.052144433258	214.722925277945	223.381363588571	-1556.75924108417	-12.3888587554433	3	FALSE	217.957122887166	160.826122887166	160.75405594583	190.313081053319
4	I10286	1	219.052144433258	214.722925277945	223.381363588571	-1556.75924108417	-9.59021250068599	3	FALSE	222.292684015913	163.030684015913	159.633904179957	190.521573837448
4	I11248	2	254.789230107495	249.606378201481	259.972082013508	-1556.75924108417	-8.18470998033174	3	FALSE	252.813709117857	194.416709117857	166.975341857844	193.652463238686
4	I11249	2	254.789230107495	249.606378201481	259.972082013508	-1556.75924108417	-9.35226427572949	3	FALSE	249.034812573612	194.422812573612	166.455271028515	193.433385252221
4	I11300	1	219.052144433258	214.722925277945	223.381363588571	-1556.75924108417	-14.6927657803619	3	FALSE	194.261922014354	172.938922014354	166.984897596995	193.288353997549
4	I11301	1	219.052144433258	214.722925277945	223.381363588571	-1556.75924108417	-9.09749840408907	3	FALSE	220.891342654458	170.030342654458	166.830231623691	193.78833768091
4	I11305	1	219.052144433258	214.722925277945	223.381363588571	-1556.75924108417	-11.6662624887542	3	FALSE	214.486518581194	159.585518581194	159.037989780439	189.297221532824
4	I11306	1	219.052144433258	214.722925277945	223.381363588571	-1556.75924108417	-10.8121170905421	3	FALSE	228.899008705253	174.369008705253	159.153403355906	190.95081224389
4	I3214	3	272.906054388705	268.823562265882	276.988546511528	-1556.75924108417	-10.3365266000634	3	FALSE	272.209185985532	187.605185985532	180.817570123223	190.74657864403
4	I7549	4	291.757577171081	272.353588153302	311.16156618886	-1556.75924108417	-18.442755207045	3	FALSE	312.290095087636	208.500095087636	201.958894209071	222.791802799995
4	I7550	2	254.789230107495	249.606378201481	259.972082013508	-1556.75924108417	-11.2367284620985	3	FALSE	251.720973495177	230.005973495177	198.288560244588	236.288320284802
4	I7594	3	272.906054388705	268.823562265882	276.988546511528	-1556.75924108417	-13.5717896845085	3	FALSE	287.142765478017	192.648765478017	189.749073512586	195.160718044
4	I7598	4	291.757577171081	272.353588153302	311.16156618886	-1556.75924108417	-26.6485205440741	3	FALSE	377.224457882153	192.540457882153	190.101099845654	199.136454791308
4	I7600	2	254.789230107495	249.606378201481	259.972082013508	-1556.75924108417	-11.7446944316593	3	FALSE	267.98195771222	190.45695771222	190.841739068232	211.740778274335
4	I7601	1	219.052144433258	214.722925277945	223.381363588571	-1556.75924108417	-12.2633391107742	3	FALSE	233.782421229548	197.626421229548	195.51736146827	200.178957098933
4	I7602	2	254.789230107495	249.606378201481	259.972082013508	-1556.75924108417	-8.93231807773583	3	FALSE	254.132524183818	194.257524183818	167.495341219807	192.397015608315
4	I7603	1	219.052144433258	214.722925277945	223.381363588571	-1556.75924108417	-11.1526146058153	3	FALSE	231.234360511548	169.984360511548	166.764814659421	192.871982913431
4	I7604	2	254.789230107495	249.606378201481	259.972082013508	-1556.75924108417	-10.2540257884376	3	FALSE	252.639364403069	172.141364403069	166.793278111644	193.205667639683
4	I7605	4	291.757577171081	272.353588153302	311.16156618886	-1556.75924108417	-13.8066906708679	3	FALSE	286.145024084627	193.947024084627	167.155107110739	193.726916133725
4	I7606	2	254.789230107495	249.606378201481	259.972082013508	-1556.75924108417	-13.1023604421221	3	FALSE	271.784444633454	189.111444633454	166.925557403426	193.786767298089
4	I7642	2	254.789230107495	249.606378201481	259.972082013508	-1556.75924108417	-9.94629252569104	3	FALSE	253.636632686013	172.498632686013	168.519785099746	173.266612457528
4	I7643	4	291.757577171081	272.353588153302	311.16156618886	-1556.75924108417	-12.9533374386218	3	FALSE	292.493170452103	207.084170452103	202.431412617006	210.838773964372
4	I7644	2	254.789230107495	249.606378201481	259.972082013508	-1556.75924108417	-12.5632820072337	3	FALSE	265.433386110985	197.231386110985	190.766573885589	199.460965238478
4	I7647	4	291.757577171081	272.353588153302	311.16156618886	-1556.75924108417	-13.7347834628706	3	FALSE	318.542915926359	202.065915926359	189.248573994264	213.286985505671
4	I8134	3	272.906054388705	268.823562265882	276.988546511528	-1556.75924108417	-10.2036475773465	3	FALSE	264.637866732765	223.109866732765	199.294015427586	235.771579395181
4	I8567	4	291.757577171081	272.353588153302	311.16156618886	-1556.75924108417	-12.9881861391443	3	FALSE	275.845904156962	191.388904156962	187.624427405369	194.402061907084
4	I8568	2	254.789230107495	249.606378201481	259.972082013508	-1556.75924108417	-10.1986096651164	3	FALSE	246.350764739989	193.553764739989	189.646656628391	194.419574882391
4	LD1174.SG	1	219.052144433258	214.722925277945	223.381363588571	-1556.75924108417	-12.7414886351107	3	FALSE	205.361054118243	160.756054118243	157.573886125723	161.621929857148
