# CLUSTERING STRENGTH + LIKELIHOOD K SELECTION RESULTS (DATES)
# Recommended K: 3
# Method: DATES
# Clustering strength threshold: 0.983
# Likelihood thresholds: k1 to k2(k=2):1.2 k1 to k2(k=3):2.59 k2 to k3:0.71 k3 to k4:0.49
#
model_k	pop	cluster	joint_date_est_best	joint_date_lowerci	joint_date_upperci	likelihood_mean	likelihood_per_ind	recommended_k	is_recommended	ind_date_est	sample_age_est_best	sample_age_lowerci_mean	sample_age_upperci_mean
2	I0258	1	224.832921210239	220.993495461705	228.672346958772	-2393.76897122216	-14.1999107222547	3	FALSE	250.027831557425	161.172831557425	150.070828264247	170.858083741872
2	I0262	1	224.832921210239	220.993495461705	228.672346958772	-2393.76897122216	-16.0228006424427	3	FALSE	266.675141984926	160.621141984926	150.65552166106	170.843675075697
2	I0263	1	224.832921210239	220.993495461705	228.672346958772	-2393.76897122216	-20.7018633840602	3	FALSE	302.456207598746	168.975207598746	150.431222465288	171.132287775565
2	I0455	1	224.832921210239	220.993495461705	228.672346958772	-2393.76897122216	-12.1860608160936	3	FALSE	241.503907511704	164.203907511704	164.091188314739	173.148678946259
2	I0459	1	224.832921210239	220.993495461705	228.672346958772	-2393.76897122216	-32.6207649383796	3	FALSE	205.566143207813	159.804143207813	150.212931504939	162.29185435921
2	I0460	1	224.832921210239	220.993495461705	228.672346958772	-2393.76897122216	-15.3183309995577	3	FALSE	221.969280866225	153.059280866225	148.895618944329	157.280898277413
2	I0823	1	224.832921210239	220.993495461705	228.672346958772	-2393.76897122216	-23.6028091214123	3	FALSE	205.44735219018	153.73435219018	151.09189873661	170.975943563306
2	I0826	1	224.832921210239	220.993495461705	228.672346958772	-2393.76897122216	-13.0704624962463	3	FALSE	213.337050488918	163.809050488918	158.23279136747	170.488872326969
2	I1271	1	224.832921210239	220.993495461705	228.672346958772	-2393.76897122216	-10.7232924848796	3	FALSE	225.985677171809	170.536677171809	153.426212486478	172.680352700866
2	I1272	1	224.832921210239	220.993495461705	228.672346958772	-2393.76897122216	-35.1663058965324	3	FALSE	235.115471894992	171.008471894992	158.744333454582	171.009305598247
2	I1276	1	224.832921210239	220.993495461705	228.672346958772	-2393.76897122216	-14.1691246214859	3	FALSE	216.013635820381	160.761635820381	152.071218511888	172.783123204551
2	I1277	1	224.832921210239	220.993495461705	228.672346958772	-2393.76897122216	-106.89322086399	3	FALSE	206.999266606299	159.648266606299	155.725759051424	161.364805673415
2	I1280	1	224.832921210239	220.993495461705	228.672346958772	-2393.76897122216	-22.3232890261223	3	FALSE	224.582750726688	170.125750726688	154.029328726964	172.763526659193
2	I1281	1	224.832921210239	220.993495461705	228.672346958772	-2393.76897122216	-10.8249477926654	3	FALSE	219.98195267544	162.10495267544	162.057428919976	171.597387993392
2	I1282	1	224.832921210239	220.993495461705	228.672346958772	-2393.76897122216	-13.9554332515534	3	FALSE	241.36836906822	165.40936906822	152.212739947052	172.745889253981
2	I1284	1	224.832921210239	220.993495461705	228.672346958772	-2393.76897122216	-17.4697303672271	3	FALSE	229.319426670764	168.294426670764	152.451712052737	172.576316642309
2	I1300	1	224.832921210239	220.993495461705	228.672346958772	-2393.76897122216	-18.0365753127032	3	FALSE	216.464727905969	160.190727905969	152.818375437761	172.574702347629
2	I1303	1	224.832921210239	220.993495461705	228.672346958772	-2393.76897122216	-13.6906282421893	3	FALSE	213.479440708955	155.127440708955	152.429365858968	172.924261392161
2	I1838	1	224.832921210239	220.993495461705	228.672346958772	-2393.76897122216	-19.2503017837559	3	FALSE	223.623641483666	175.867641483666	174.949719277996	189.105637239292
2	I1842	1	224.832921210239	220.993495461705	228.672346958772	-2393.76897122216	-11.9405159209674	3	FALSE	211.416521580024	171.069521580024	169.822852729287	176.70446779978
2	I1843	1	224.832921210239	220.993495461705	228.672346958772	-2393.76897122216	-14.7791991825308	3	FALSE	204.402568056409	175.599568056409	173.401627766484	177.222469051895
2	I1845	1	224.832921210239	220.993495461705	228.672346958772	-2393.76897122216	-10.9458961968726	3	FALSE	218.521436052416	166.902436052416	164.724676706412	180.0284450116
2	I1846	2	267.288015544487	264.052969295933	270.523061793042	-2393.76897122216	-11.5416492957355	3	FALSE	277.350215187219	179.049215187219	164.815328732948	179.878569803467
2	I1975	1	224.832921210239	220.993495461705	228.672346958772	-2393.76897122216	-12.7176375782403	3	FALSE	227.435634670373	178.511634670373	173.029932805796	179.917684178991
2	I1976	1	224.832921210239	220.993495461705	228.672346958772	-2393.76897122216	-10.7134680379537	3	FALSE	228.049061809274	154.963061809274	153.636408369722	161.142083618478
2	I1978	1	224.832921210239	220.993495461705	228.672346958772	-2393.76897122216	-26.1344715567161	3	FALSE	226.976838531343	166.835838531343	164.480004511175	179.08396303662
2	I1981	2	267.288015544487	264.052969295933	270.523061793042	-2393.76897122216	-10.9559883199797	3	FALSE	269.789158339042	175.569158339042	172.952763847321	177.142811130626
2	I2467	1	224.832921210239	220.993495461705	228.672346958772	-2393.76897122216	-15.4268043456339	3	FALSE	206.48411180478	152.79011180478	148.82519063719	157.847839549974
2	I2473	1	224.832921210239	220.993495461705	228.672346958772	-2393.76897122216	-30.411955485458	3	FALSE	203.872569053976	169.979569053976	166.603986194923	173.698019839124
2	I3269	2	267.288015544487	264.052969295933	270.523061793042	-2393.76897122216	-9.80362490088795	3	FALSE	259.33033792347	171.89233792347	169.926017699098	176.427272193333
2	I3270	2	267.288015544487	264.052969295933	270.523061793042	-2393.76897122216	-30.4700439569659	3	FALSE	244.819711103921	172.811711103921	169.972740549461	176.666825016894
2	I3271	1	224.832921210239	220.993495461705	228.672346958772	-2393.76897122216	-14.9353038002651	3	FALSE	221.642661352378	175.002661352378	169.854201120324	176.567450238924
2	I3272	1	224.832921210239	220.993495461705	228.672346958772	-2393.76897122216	-11.996557205659	3	FALSE	219.395532043385	179.089532043385	173.791277582146	187.689153749629
2	I3277	1	224.832921210239	220.993495461705	228.672346958772	-2393.76897122216	-17.52631772528	3	FALSE	263.469861617034	173.821861617034	171.74644820126	181.602675753155
2	I4247	1	224.832921210239	220.993495461705	228.672346958772	-2393.76897122216	-34.5487006300681	3	FALSE	178.177869302548	151.061869302548	149.262946241951	157.361064866502
2	I4565	1	224.832921210239	220.993495461705	228.672346958772	-2393.76897122216	-11.7148115829317	3	FALSE	223.251380033874	174.633380033874	173.628348042393	177.472794366354
2	I5838	1	224.832921210239	220.993495461705	228.672346958772	-2393.76897122216	-11.7424631964192	3	FALSE	235.982764563638	153.031764563638	152.138337719121	171.534837078902
2	I6543	1	224.832921210239	220.993495461705	228.672346958772	-2393.76897122216	-10.9539333012413	3	FALSE	217.330376633608	140.664376633608	131.073613665192	161.228065494548
2	I6584	1	224.832921210239	220.993495461705	228.672346958772	-2393.76897122216	-24.0410382313158	3	FALSE	248.657027857899	153.231027857899	141.608563166145	158.678767821818
2	I6587	1	224.832921210239	220.993495461705	228.672346958772	-2393.76897122216	-10.9221206865429	3	FALSE	231.049201404848	147.019201404848	141.397715876312	158.435777309517
2	I6604	1	224.832921210239	220.993495461705	228.672346958772	-2393.76897122216	-12.2096443020412	3	FALSE	216.027952684444	142.004952684444	137.67134489307	145.624830113724
2	I6609	1	224.832921210239	220.993495461705	228.672346958772	-2393.76897122216	-14.2487847633429	3	FALSE	249.411704934279	135.893704934279	131.484312367892	161.425854431166
2	I6612	1	224.832921210239	220.993495461705	228.672346958772	-2393.76897122216	-14.992431130017	3	FALSE	220.065730986414	134.525730986414	130.761323212313	161.561464015228
2	I6617	1	224.832921210239	220.993495461705	228.672346958772	-2393.76897122216	-18.6654406482595	3	FALSE	259.631316064171	168.501316064171	152.133153706464	172.814819845371
2	I6622	1	224.832921210239	220.993495461705	228.672346958772	-2393.76897122216	-12.7377135605654	3	FALSE	204.339648012227	161.288648012227	131.590908622768	161.515326517734
2	I6628	1	224.832921210239	220.993495461705	228.672346958772	-2393.76897122216	-24.6708457535797	3	FALSE	275.648599667496	161.403599667496	152.665946492925	172.466559940949
2	I7587	1	224.832921210239	220.993495461705	228.672346958772	-2393.76897122216	-18.2226400390263	3	FALSE	242.627246615676	170.155246615676	159.587053053214	172.667905432172
2	I8131	1	224.832921210239	220.993495461705	228.672346958772	-2393.76897122216	-24.6931982279813	3	FALSE	330.826246433124	159.966246433124	153.998019579332	161.489269028584
2	I8149	1	224.832921210239	220.993495461705	228.672346958772	-2393.76897122216	-23.5961081484946	3	FALSE	202.998691360432	168.290691360432	159.995925270154	173.089247852165
2	I8153	1	224.832921210239	220.993495461705	228.672346958772	-2393.76897122216	-13.0563982501929	3	FALSE	209.658891246404	165.318891246404	159.623208768566	172.841102703325
2	I8154	2	267.288015544487	264.052969295933	270.523061793042	-2393.76897122216	-19.0158783025303	3	FALSE	302.314752788305	159.638752788305	159.409654722549	172.81692194004
2	I8197	1	224.832921210239	220.993495461705	228.672346958772	-2393.76897122216	-19.7112926328462	3	FALSE	237.984943399004	161.068943399004	159.383379218966	172.860325330736
2	I8198	1	224.832921210239	220.993495461705	228.672346958772	-2393.76897122216	-12.0510154468813	3	FALSE	215.929689582237	166.957689582237	159.197798331401	172.440226003528
2	I8199	2	267.288015544487	264.052969295933	270.523061793042	-2393.76897122216	-11.823392728132	3	FALSE	279.55984714115	171.08784714115	159.53838382515	172.841696699699
2	I8364	1	224.832921210239	220.993495461705	228.672346958772	-2393.76897122216	-17.5496292917258	3	FALSE	219.78907584723	164.85607584723	161.65119061723	166.212661387831
2	I8365	1	224.832921210239	220.993495461705	228.672346958772	-2393.76897122216	-22.6607007207989	3	FALSE	278.503512771569	162.589512771569	161.480657151323	166.037750906286
2	I8569	1	224.832921210239	220.993495461705	228.672346958772	-2393.76897122216	-16.990359842013	3	FALSE	261.328285909401	165.004285909401	163.789540029064	172.087384865118
2	atp016.SG	1	224.832921210239	220.993495461705	228.672346958772	-2393.76897122216	-20.1635573608502	3	FALSE	224.360801102299	176.691801102299	174.001138383788	186.100875513362
2	atp12-1420.SG	2	267.288015544487	264.052969295933	270.523061793042	-2393.76897122216	-10.1263106818186	3	FALSE	258.601034015325	174.292034015325	172.665458440947	177.060157335246
2	ATP17.SG	1	224.832921210239	220.993495461705	228.672346958772	-2393.76897122216	-11.8251223833151	3	FALSE	233.196182766535	175.496182766535	169.314741578974	176.896326535482
2	por002.SG	1	224.832921210239	220.993495461705	228.672346958772	-2393.76897122216	-15.5698665030675	3	FALSE	220.237101833319	184.008101833319	175.215087120512	188.462357352986
2	CHA001_merged	2	267.288015544487	264.052969295933	270.523061793042	-2393.76897122216	-54.1442673229031	3	FALSE	286.465822739564	251.838822739565	250.106833984626	257.910174456891
2	CHA002_merged	2	267.288015544487	264.052969295933	270.523061793042	-2393.76897122216	-17.7283516424709	3	FALSE	286.867384737007	253.562384737007	250.461257476179	258.865599873358
2	CHA003_merged	2	267.288015544487	264.052969295933	270.523061793042	-2393.76897122216	-29.0516985316507	3	FALSE	277.074025232585	249.661025232585	247.984419651072	257.453033898824
2	CHA004.A0102	2	267.288015544487	264.052969295933	270.523061793042	-2393.76897122216	-9.32300471975925	3	FALSE	266.957945522528	229.016945522528	225.805705886783	231.829133226753
2	FUC003_merged	2	267.288015544487	264.052969295933	270.523061793042	-2393.76897122216	-8.26325267822323	3	FALSE	264.590111341327	250.111111341327	246.671360407607	255.485235515981
2	I0409	2	267.288015544487	264.052969295933	270.523061793042	-2393.76897122216	-67.9840090579023	3	FALSE	408.741296242977	257.482296242977	255.823045099653	259.148747032342
2	I0410	2	267.288015544487	264.052969295933	270.523061793042	-2393.76897122216	-30.0612670295454	3	FALSE	298.612173523189	254.650173523189	250.60378945033	258.319056222808
2	I0412	2	267.288015544487	264.052969295933	270.523061793042	-2393.76897122216	-72.4478914621304	3	FALSE	264.724711935468	255.502711935468	252.999207529805	259.216398556318
2	I0413	2	267.288015544487	264.052969295933	270.523061793042	-2393.76897122216	-12.7538232965462	3	FALSE	275.196261068786	250.805261068786	250.789607039835	258.776345177246
2	I1972	2	267.288015544487	264.052969295933	270.523061793042	-2393.76897122216	-8.65474339816347	3	FALSE	271.743098496031	240.363098496031	237.147495436174	242.202527842792
2	I2199	2	267.288015544487	264.052969295933	270.523061793042	-2393.76897122216	-25.5310812167688	3	FALSE	278.115807771678	253.051807771678	248.907923514526	255.351019228775
2	c40331.SG	1	224.832921210239	220.993495461705	228.672346958772	-2393.76897122216	-11.9428914252516	3	FALSE	239.203897417016	201.578897417016	199.608064788984	203.947037805072
2	san216.SG	1	224.832921210239	220.993495461705	228.672346958772	-2393.76897122216	-23.7639062453801	3	FALSE	237.560022579128	201.579022579128	200.02781120232	204.345028099072
2	ELT002_merged	2	267.288015544487	264.052969295933	270.523061793042	-2393.76897122216	-8.19323907339898	3	FALSE	266.85513172114	209.786131721139	200.729152290101	210.075178541293
2	ELT006_merged	1	224.832921210239	220.993495461705	228.672346958772	-2393.76897122216	-15.8921410836686	3	FALSE	243.536538721689	207.205538721689	202.556190249101	210.40711961324
2	I0405	2	267.288015544487	264.052969295933	270.523061793042	-2393.76897122216	-8.19158426897034	3	FALSE	269.204592179898	205.888592179898	198.493593468863	208.659251464996
2	I0406	1	224.832921210239	220.993495461705	228.672346958772	-2393.76897122216	-21.7014613609223	3	FALSE	246.739652335433	206.674652335433	198.458780932872	208.691069124532
2	I0407	2	267.288015544487	264.052969295933	270.523061793042	-2393.76897122216	-12.9405486231483	3	FALSE	256.135521696334	207.238521696334	199.499621593194	208.905927195779
2	I10277	1	224.832921210239	220.993495461705	228.672346958772	-2393.76897122216	-11.2374232020477	3	FALSE	234.338230001967	170.521230001967	159.444857740475	189.950906605893
2	I10278	1	224.832921210239	220.993495461705	228.672346958772	-2393.76897122216	-11.9433719393054	3	FALSE	238.063223921632	177.922223921632	159.864469650866	189.635941349636
2	I10280	1	224.832921210239	220.993495461705	228.672346958772	-2393.76897122216	-10.6710185715428	3	FALSE	227.919636194085	176.465636194085	159.542334402379	189.949165070929
2	I10283	1	224.832921210239	220.993495461705	228.672346958772	-2393.76897122216	-11.8963986044925	3	FALSE	236.012412232811	181.749412232811	159.946411764914	190.080907461899
2	I10284	1	224.832921210239	220.993495461705	228.672346958772	-2393.76897122216	-17.6127393185042	3	FALSE	243.110951393877	172.776951393877	160.247897895585	188.966070611995
2	I10285	2	267.288015544487	264.052969295933	270.523061793042	-2393.76897122216	-41.333788879021	3	FALSE	244.005965989098	186.874965989098	160.026838086612	189.699314330106
2	I10286	1	224.832921210239	220.993495461705	228.672346958772	-2393.76897122216	-10.907989140215	3	FALSE	223.523758404817	164.261758404817	160.265815148159	188.874636366797
2	I11248	1	224.832921210239	220.993495461705	228.672346958772	-2393.76897122216	-20.6534989851535	3	FALSE	229.808135413551	171.411135413551	168.782111596583	194.348073730777
2	I11249	1	224.832921210239	220.993495461705	228.672346958772	-2393.76897122216	-20.9534698838368	3	FALSE	246.30258396614	191.69058396614	166.742255053084	194.123574026993
2	I11300	1	224.832921210239	220.993495461705	228.672346958772	-2393.76897122216	-12.0088583717758	3	FALSE	210.294475232393	188.971475232393	167.026631803352	193.403769867229
2	I11301	1	224.832921210239	220.993495461705	228.672346958772	-2393.76897122216	-15.9277858110229	3	FALSE	228.846704470692	177.985704470692	166.636197788009	193.99294756752
2	I11305	2	267.288015544487	264.052969295933	270.523061793042	-2393.76897122216	-32.532011029166	3	FALSE	244.4608679149	189.5598679149	160.205665960841	186.936347252195
2	I11306	1	224.832921210239	220.993495461705	228.672346958772	-2393.76897122216	-14.3821984930891	3	FALSE	217.500207334729	162.970207334729	160.784387193458	189.08356876678
2	I3214	2	267.288015544487	264.052969295933	270.523061793042	-2393.76897122216	-9.04444694916727	3	FALSE	266.169695623535	181.565695623535	180.472523942631	190.681972825301
2	I7549	2	267.288015544487	264.052969295933	270.523061793042	-2393.76897122216	-33.6972443265769	3	FALSE	324.828988818016	221.038988818016	201.973195352392	221.633035739485
2	I7550	2	267.288015544487	264.052969295933	270.523061793042	-2393.76897122216	-20.1294403085267	3	FALSE	256.899269574737	235.184269574737	198.888390897108	237.251569776397
2	I7594	2	267.288015544487	264.052969295933	270.523061793042	-2393.76897122216	-14.182753919516	3	FALSE	285.619553610868	191.125553610868	189.876421348059	195.083167865606
2	I7598	2	267.288015544487	264.052969295933	270.523061793042	-2393.76897122216	-39.4609965467269	3	FALSE	376.876382222939	192.192382222939	190.203429914046	199.164431748546
2	I7600	2	267.288015544487	264.052969295933	270.523061793042	-2393.76897122216	-12.4397832769163	3	FALSE	282.228285846127	204.703285846127	189.669352952374	211.560361595808
2	I7601	1	224.832921210239	220.993495461705	228.672346958772	-2393.76897122216	-12.4971483071911	3	FALSE	231.900716538216	195.744716538216	195.502394197143	200.212256756245
2	I7602	2	267.288015544487	264.052969295933	270.523061793042	-2393.76897122216	-20.5122348188739	3	FALSE	253.900596437443	194.025596437443	166.552639200486	194.085407997315
2	I7603	1	224.832921210239	220.993495461705	228.672346958772	-2393.76897122216	-11.6623992373428	3	FALSE	228.967263495018	167.717263495018	166.556497556823	193.020172929391
2	I7604	1	224.832921210239	220.993495461705	228.672346958772	-2393.76897122216	-19.5229260241513	3	FALSE	254.597825449022	174.099825449022	167.023270783414	193.610986841044
2	I7605	1	224.832921210239	220.993495461705	228.672346958772	-2393.76897122216	-18.8971305281747	3	FALSE	265.952230321252	173.754230321252	166.32212321274	193.046600015535
2	I7606	2	267.288015544487	264.052969295933	270.523061793042	-2393.76897122216	-9.93150330019622	3	FALSE	268.248115733913	185.575115733913	166.42828325608	194.202571249168
2	I7642	1	224.832921210239	220.993495461705	228.672346958772	-2393.76897122216	-17.75872852078	3	FALSE	249.865719883052	168.727719883052	168.413770191222	173.18514100118
2	I7643	1	224.832921210239	220.993495461705	228.672346958772	-2393.76897122216	-19.4370742735897	3	FALSE	293.134154101749	207.725154101749	202.31081632839	210.914401473544
2	I7644	2	267.288015544487	264.052969295933	270.523061793042	-2393.76897122216	-8.81225298131645	3	FALSE	262.856795877369	194.654795877369	190.667068029787	199.554713553017
2	I7647	1	224.832921210239	220.993495461705	228.672346958772	-2393.76897122216	-25.2787117767242	3	FALSE	323.089088932306	206.612088932306	189.627777508576	213.695268753799
2	I8134	2	267.288015544487	264.052969295933	270.523061793042	-2393.76897122216	-9.67171772626712	3	FALSE	261.298276811739	219.770276811739	198.413563482297	236.543512459113
2	I8567	1	224.832921210239	220.993495461705	228.672346958772	-2393.76897122216	-18.8017459145281	3	FALSE	275.859653365263	191.402653365263	187.667788811294	194.389524302512
2	I8568	2	267.288015544487	264.052969295933	270.523061793042	-2393.76897122216	-20.6894203386532	3	FALSE	246.632691793007	193.835691793007	189.515793134475	194.364343814959
2	LD1174.SG	1	224.832921210239	220.993495461705	228.672346958772	-2393.76897122216	-20.9820746035288	3	FALSE	205.796772657705	161.191772657705	157.602498964061	161.650274903248
2	I0839	1	224.832921210239	220.993495461705	228.672346958772	-2393.76897122216	-18.3771415213366	3	FALSE	176.022675464456	149.521675464456	148.637016442372	157.200167391108
2	I0840	1	224.832921210239	220.993495461705	228.672346958772	-2393.76897122216	-14.6403844141865	3	FALSE	253.25013489959	155.24613489959	146.816541511667	156.952975817349
2	I11599	1	224.832921210239	220.993495461705	228.672346958772	-2393.76897122216	-12.7253728411093	3	FALSE	245.221757614687	183.137757614687	171.733690985378	188.731254114619
2	I11601	1	224.832921210239	220.993495461705	228.672346958772	-2393.76897122216	-41.5144441874474	3	FALSE	193.675745116666	188.375745116666	175.644161477352	189.106839473658
2	I11604	1	224.832921210239	220.993495461705	228.672346958772	-2393.76897122216	-12.5840107166003	3	FALSE	232.39584746855	179.86284746855	159.436642080878	179.912761493885
2	I11605	1	224.832921210239	220.993495461705	228.672346958772	-2393.76897122216	-16.862204052709	3	FALSE	228.947800645032	161.325800645032	159.331293181291	179.899338034115
2	I11614	2	267.288015544487	264.052969295933	270.523061793042	-2393.76897122216	-14.2624941369454	3	FALSE	287.129231422477	165.864231422477	162.752148099909	169.385193281674
2	I1970	1	224.832921210239	220.993495461705	228.672346958772	-2393.76897122216	-20.3456724383377	3	FALSE	303.22722540484	163.39722540484	159.095323578416	171.971821750301
2	I3432	1	224.832921210239	220.993495461705	228.672346958772	-2393.76897122216	-11.1972703387157	3	FALSE	234.745119901002	178.421119901002	173.521777311773	179.499095457107
2	I5076	1	224.832921210239	220.993495461705	228.672346958772	-2393.76897122216	-19.9128914463874	3	FALSE	244.208028517651	182.852028517651	177.979065450688	188.650689638502
2	I5428	2	267.288015544487	264.052969295933	270.523061793042	-2393.76897122216	-10.1651249630216	3	FALSE	267.766026491506	188.520026491506	180.638753880962	189.043177997253
2	I5429	1	224.832921210239	220.993495461705	228.672346958772	-2393.76897122216	-15.9229442623957	3	FALSE	245.249080839983	173.839080839983	172.809485637849	176.848425400277
2	I6601	1	224.832921210239	220.993495461705	228.672346958772	-2393.76897122216	-22.1908829395462	3	FALSE	232.242955761477	163.722955761477	162.729676508503	169.39416539057
3	I0258	2	268.852554480059	255.862582775966	281.842526184152	-1893.04468295422	-12.6637811539803	3	TRUE	257.76496635193	168.90996635193	150.360459539973	171.030567950178
3	I0262	2	268.852554480059	255.862582775966	281.842526184152	-1893.04468295422	-12.1369796574241	3	TRUE	267.212970059893	161.158970059893	150.380753626689	170.965135870127
3	I0263	2	268.852554480059	255.862582775966	281.842526184152	-1893.04468295422	-14.2465761847604	3	TRUE	297.696322680372	164.215322680372	150.80452881741	170.962194109867
3	I0455	2	268.852554480059	255.862582775966	281.842526184152	-1893.04468295422	-14.0357994195788	3	TRUE	244.69936778953	167.39936778953	164.063842748566	172.981242569313
3	I0459	1	224.395147097014	220.849065278497	227.941228915531	-1893.04468295422	-19.8372809463541	3	TRUE	206.747272550689	160.985272550689	148.871841203156	162.2858588938
3	I0460	2	268.852554480059	255.862582775966	281.842526184152	-1893.04468295422	-15.9904630934473	3	TRUE	220.205930359163	151.295930359163	148.809850829786	157.161531321605
3	I0823	2	268.852554480059	255.862582775966	281.842526184152	-1893.04468295422	-22.410881253086	3	TRUE	208.379908431465	156.666908431465	150.573812221285	170.487673040562
3	I0826	2	268.852554480059	255.862582775966	281.842526184152	-1893.04468295422	-17.4895272427396	3	TRUE	214.820419584584	165.292419584584	158.404501195116	170.685514417028
3	I1271	1	224.395147097014	220.849065278497	227.941228915531	-1893.04468295422	-10.0518512872622	3	TRUE	227.057243232394	171.608243232394	152.468230229403	172.660933763546
3	I1272	1	224.395147097014	220.849065278497	227.941228915531	-1893.04468295422	-10.0829028169488	3	TRUE	227.117568324052	163.010568324052	159.064196771751	171.289358093237
3	I1276	1	224.395147097014	220.849065278497	227.941228915531	-1893.04468295422	-12.4572994289292	3	TRUE	210.23192351884	154.97992351884	152.414264273829	172.564629804609
3	I1277	1	224.395147097014	220.849065278497	227.941228915531	-1893.04468295422	-51.2571897623351	3	TRUE	208.331722175112	160.980722175112	155.616639323067	161.345644927987
3	I1280	1	224.395147097014	220.849065278497	227.941228915531	-1893.04468295422	-8.82269918805203	3	TRUE	225.108670292552	170.651670292552	153.737504115228	172.81675673356
3	I1281	1	224.395147097014	220.849065278497	227.941228915531	-1893.04468295422	-10.3408946779552	3	TRUE	228.227203913087	170.350203913087	161.785479897783	171.694394758121
3	I1282	2	268.852554480059	255.862582775966	281.842526184152	-1893.04468295422	-13.4176321574717	3	TRUE	246.604046014605	170.645046014605	152.488698208305	172.675147068887
3	I1284	1	224.395147097014	220.849065278497	227.941228915531	-1893.04468295422	-10.328592869808	3	TRUE	232.286491112611	171.261491112611	152.615803742914	172.732395337828
3	I1300	1	224.395147097014	220.849065278497	227.941228915531	-1893.04468295422	-8.77801509421672	3	TRUE	220.897759217959	164.623759217959	153.545548121952	172.757425441939
3	I1303	1	224.395147097014	220.849065278497	227.941228915531	-1893.04468295422	-11.0101247251862	3	TRUE	213.038073321915	154.686073321915	152.807738963664	172.740421189727
3	I1838	1	224.395147097014	220.849065278497	227.941228915531	-1893.04468295422	-8.58957440307528	3	TRUE	223.145512727736	175.389512727736	174.90573061211	188.777348808944
3	I1842	1	224.395147097014	220.849065278497	227.941228915531	-1893.04468295422	-11.2225742650753	3	TRUE	215.19290123474	174.84590123474	169.855706879337	176.687055298825
3	I1843	1	224.395147097014	220.849065278497	227.941228915531	-1893.04468295422	-14.4919784218648	3	TRUE	202.897073640399	174.094073640399	173.362263750202	177.093810797258
3	I1845	1	224.395147097014	220.849065278497	227.941228915531	-1893.04468295422	-11.8177274519213	3	TRUE	222.662363070514	171.043363070514	164.790943771045	179.931005702487
3	I1846	2	268.852554480059	255.862582775966	281.842526184152	-1893.04468295422	-14.2151020435495	3	TRUE	271.3941972378	173.0931972378	164.636016306134	179.852267222928
3	I1975	1	224.395147097014	220.849065278497	227.941228915531	-1893.04468295422	-8.87919400470657	3	TRUE	222.140826833211	173.216826833211	173.189713045539	179.880152895315
3	I1976	1	224.395147097014	220.849065278497	227.941228915531	-1893.04468295422	-11.8837075863187	3	TRUE	232.388400415497	159.302400415497	153.725301608177	161.200465850359
3	I1978	1	224.395147097014	220.849065278497	227.941228915531	-1893.04468295422	-9.41333044397756	3	TRUE	226.290334950855	166.149334950855	164.391953351774	179.821129466706
3	I1981	2	268.852554480059	255.862582775966	281.842526184152	-1893.04468295422	-13.7574701226039	3	TRUE	267.400541337801	173.180541337801	173.030596776034	177.127104060325
3	I2467	1	224.395147097014	220.849065278497	227.941228915531	-1893.04468295422	-13.5417837476837	3	TRUE	206.274975645471	152.580975645471	149.071944258607	157.778733416294
3	I2473	1	224.395147097014	220.849065278497	227.941228915531	-1893.04468295422	-19.6417806600508	3	TRUE	205.273711688793	171.380711688793	166.396531628108	173.617382793354
3	I3269	3	272.013325180339	268.413665583292	275.612984777386	-1893.04468295422	-11.0001484274123	3	TRUE	261.436518404551	173.998518404551	169.796030296545	176.5337476274
3	I3270	1	224.395147097014	220.849065278497	227.941228915531	-1893.04468295422	-22.4365371924535	3	TRUE	241.937575961682	169.929575961682	170.037280601848	176.33018821112
3	I3271	1	224.395147097014	220.849065278497	227.941228915531	-1893.04468295422	-8.93761535261898	3	TRUE	220.077634173647	173.437634173647	169.880047556279	176.637346573157
3	I3272	1	224.395147097014	220.849065278497	227.941228915531	-1893.04468295422	-9.3319976887816	3	TRUE	221.007737768416	180.701737768416	173.793487041784	187.224419330845
3	I3277	2	268.852554480059	255.862582775966	281.842526184152	-1893.04468295422	-11.9264281143486	3	TRUE	270.560123859993	180.912123859993	171.906257799128	181.703673394451
3	I4247	1	224.395147097014	220.849065278497	227.941228915531	-1893.04468295422	-31.1795731178823	3	TRUE	179.985083934314	152.869083934314	148.756782269471	157.227643482205
3	I4565	2	268.852554480059	255.862582775966	281.842526184152	-1893.04468295422	-17.5819170323606	3	TRUE	223.536084574764	174.918084574764	173.631791906515	177.512745320997
3	I5838	2	268.852554480059	255.862582775966	281.842526184152	-1893.04468295422	-12.5553461811457	3	TRUE	253.284145628683	170.333145628683	152.321005393085	172.817989167691
3	I6543	1	224.395147097014	220.849065278497	227.941228915531	-1893.04468295422	-11.6482451494824	3	TRUE	230.189815867292	153.523815867292	131.888886545286	161.968614471033
3	I6584	3	272.013325180339	268.413665583292	275.612984777386	-1893.04468295422	-16.2269957168518	3	TRUE	252.506137135095	157.080137135095	141.367266434412	158.444122616804
3	I6587	1	224.395147097014	220.849065278497	227.941228915531	-1893.04468295422	-11.7579811881352	3	TRUE	226.185098655661	142.155098655661	141.536625728103	158.226411433757
3	I6604	1	224.395147097014	220.849065278497	227.941228915531	-1893.04468295422	-9.96315650301072	3	TRUE	217.686950300959	143.663950300959	137.778636527933	145.543836788907
3	I6609	2	268.852554480059	255.862582775966	281.842526184152	-1893.04468295422	-13.1473221310229	3	TRUE	249.192281257837	135.674281257837	131.967758877103	161.819111138383
3	I6612	2	268.852554480059	255.862582775966	281.842526184152	-1893.04468295422	-14.8542560952614	3	TRUE	234.81365317791	149.27365317791	131.333751189855	161.94121832211
3	I6617	2	268.852554480059	255.862582775966	281.842526184152	-1893.04468295422	-17.0953183827644	3	TRUE	243.057848657526	151.927848657526	152.235823661114	172.815669954954
3	I6622	1	224.395147097014	220.849065278497	227.941228915531	-1893.04468295422	-14.8942992027295	3	TRUE	199.95925510953	156.90825510953	131.515328769872	162.148193932558
3	I6628	2	268.852554480059	255.862582775966	281.842526184152	-1893.04468295422	-12.3135592002966	3	TRUE	266.978200244672	152.733200244672	152.184087074628	172.590000720894
3	I7587	1	224.395147097014	220.849065278497	227.941228915531	-1893.04468295422	-9.75836120548471	3	TRUE	231.726997486381	159.254997486381	159.157644950651	172.670079601397
3	I8131	2	268.852554480059	255.862582775966	281.842526184152	-1893.04468295422	-16.5681689671859	3	TRUE	324.749908912126	153.889908912126	153.980150130777	161.344202002236
3	I8149	1	224.395147097014	220.849065278497	227.941228915531	-1893.04468295422	-18.362048503709	3	TRUE	202.870826461984	168.162826461984	159.783232703672	173.052832035215
3	I8153	1	224.395147097014	220.849065278497	227.941228915531	-1893.04468295422	-11.3596374982636	3	TRUE	212.403491143818	168.063491143818	159.417707463061	172.985777325396
3	I8154	2	268.852554480059	255.862582775966	281.842526184152	-1893.04468295422	-18.7794739413435	3	TRUE	301.956784181984	159.280784181984	159.205761255829	172.749402789216
3	I8197	1	224.395147097014	220.849065278497	227.941228915531	-1893.04468295422	-12.8197450198026	3	TRUE	237.365477634392	160.449477634392	159.134234847068	172.829488541798
3	I8198	2	268.852554480059	255.862582775966	281.842526184152	-1893.04468295422	-17.6563372490091	3	TRUE	222.01119425966	173.03919425966	159.315870027473	173.039678134956
3	I8199	3	272.013325180339	268.413665583292	275.612984777386	-1893.04468295422	-8.84827071018588	3	TRUE	267.698958899359	159.226958899359	159.368094557763	172.641187360527
3	I8364	1	224.395147097014	220.849065278497	227.941228915531	-1893.04468295422	-8.82294922678124	3	TRUE	220.806271935478	165.873271935478	161.580644789451	166.181732065045
3	I8365	2	268.852554480059	255.862582775966	281.842526184152	-1893.04468295422	-12.3371041752929	3	TRUE	280.334555007112	164.420555007112	161.667211211662	166.186108642174
3	I8569	2	268.852554480059	255.862582775966	281.842526184152	-1893.04468295422	-14.9240571926909	3	TRUE	267.781571230945	171.457571230945	163.831655502701	171.923451787576
3	atp016.SG	1	224.395147097014	220.849065278497	227.941228915531	-1893.04468295422	-10.9859102843319	3	TRUE	232.230648902882	184.561648902882	173.775755480357	186.091804557081
3	atp12-1420.SG	3	272.013325180339	268.413665583292	275.612984777386	-1893.04468295422	-12.6540908515177	3	TRUE	257.771573151553	173.462573151553	172.696494164461	177.100979542143
3	ATP17.SG	2	268.852554480059	255.862582775966	281.842526184152	-1893.04468295422	-16.5621744494195	3	TRUE	228.468743110804	170.768743110804	169.567357550159	177.0180233895
3	por002.SG	1	224.395147097014	220.849065278497	227.941228915531	-1893.04468295422	-9.82461325673757	3	TRUE	217.073744505976	180.844744505976	174.923280097228	188.429805363969
3	CHA001_merged	3	272.013325180339	268.413665583292	275.612984777386	-1893.04468295422	-30.3963158041966	3	TRUE	285.627934511548	251.000934511548	250.107104616705	257.264549358657
3	CHA002_merged	3	272.013325180339	268.413665583292	275.612984777386	-1893.04468295422	-15.8462591829726	3	TRUE	289.482423625602	256.177423625602	250.496597983072	258.842708579181
3	CHA003_merged	3	272.013325180339	268.413665583292	275.612984777386	-1893.04468295422	-17.0187757183331	3	TRUE	278.468389588632	251.055389588632	248.002712016759	257.64260132155
3	CHA004.A0102	3	272.013325180339	268.413665583292	275.612984777386	-1893.04468295422	-10.399783070774	3	TRUE	265.129990129241	227.188990129241	225.755793493769	231.644797595601
3	FUC003_merged	3	272.013325180339	268.413665583292	275.612984777386	-1893.04468295422	-8.97829061896334	3	TRUE	266.067279257961	251.588279257961	246.543178793729	255.463962847435
3	I0409	3	272.013325180339	268.413665583292	275.612984777386	-1893.04468295422	-65.4559976834361	3	TRUE	408.986747836716	257.727747836716	255.879651172619	259.160906899816
3	I0410	3	272.013325180339	268.413665583292	275.612984777386	-1893.04468295422	-28.6511784696235	3	TRUE	302.193003312028	258.231003312028	250.784277927886	258.519008923496
3	I0412	3	272.013325180339	268.413665583292	275.612984777386	-1893.04468295422	-55.5245502677069	3	TRUE	268.316653408642	259.094653408642	253.813569611205	259.242326273816
3	I0413	3	272.013325180339	268.413665583292	275.612984777386	-1893.04468295422	-15.0093516334228	3	TRUE	282.872958950538	258.481958950537	250.679302169101	258.579421470912
3	I1972	3	272.013325180339	268.413665583292	275.612984777386	-1893.04468295422	-7.91503628087949	3	TRUE	270.723623914232	239.343623914232	237.206238342998	242.086816421286
3	I2199	3	272.013325180339	268.413665583292	275.612984777386	-1893.04468295422	-12.762885259321	3	TRUE	277.567078628781	252.503078628781	248.888015313332	255.671746315593
3	c40331.SG	2	268.852554480059	255.862582775966	281.842526184152	-1893.04468295422	-14.6416577691243	3	TRUE	241.036733655658	203.411733655658	199.604328578995	204.054097690778
3	san216.SG	1	224.395147097014	220.849065278497	227.941228915531	-1893.04468295422	-17.3725663485113	3	TRUE	240.558854536474	204.577854536474	199.996507853077	204.334560553277
3	ELT002_merged	3	272.013325180339	268.413665583292	275.612984777386	-1893.04468295422	-11.9410813364569	3	TRUE	262.293060696076	205.224060696076	201.283883357371	210.213439592268
3	ELT006_merged	1	224.395147097014	220.849065278497	227.941228915531	-1893.04468295422	-12.1558863815368	3	TRUE	239.081067415847	202.750067415847	202.587534753623	210.409579408604
3	I0405	3	272.013325180339	268.413665583292	275.612984777386	-1893.04468295422	-8.04624620338501	3	TRUE	270.848870616497	207.532870616497	198.68602265238	208.606000625461
3	I0406	1	224.395147097014	220.849065278497	227.941228915531	-1893.04468295422	-14.2777488588628	3	TRUE	241.643456496853	201.578456496853	198.509887824455	208.535282124233
3	I0407	3	272.013325180339	268.413665583292	275.612984777386	-1893.04468295422	-15.8840218947431	3	TRUE	257.519370305238	208.622370305238	198.814504535403	208.588375518697
3	I10277	1	224.395147097014	220.849065278497	227.941228915531	-1893.04468295422	-10.639802715792	3	TRUE	227.079939637726	163.262939637726	160.087702605565	190.811046405766
3	I10278	1	224.395147097014	220.849065278497	227.941228915531	-1893.04468295422	-10.6801083676461	3	TRUE	219.633421650793	159.492421650793	159.584816903641	189.964520358315
3	I10280	1	224.395147097014	220.849065278497	227.941228915531	-1893.04468295422	-12.3007461778965	3	TRUE	236.992722229623	185.538722229623	160.176838103715	190.197805750816
3	I10283	1	224.395147097014	220.849065278497	227.941228915531	-1893.04468295422	-10.0450847493609	3	TRUE	222.675789956866	168.412789956866	159.902404076274	189.04369355379
3	I10284	1	224.395147097014	220.849065278497	227.941228915531	-1893.04468295422	-14.3111247001156	3	TRUE	242.517103777102	172.183103777102	159.716093470342	190.366274811095
3	I10285	1	224.395147097014	220.849065278497	227.941228915531	-1893.04468295422	-11.1370237259696	3	TRUE	219.487848473427	162.356848473427	160.126478485742	184.635868791707
3	I10286	1	224.395147097014	220.849065278497	227.941228915531	-1893.04468295422	-9.79967573946588	3	TRUE	221.540835862941	162.278835862941	159.915467747029	189.091736961356
3	I11248	1	224.395147097014	220.849065278497	227.941228915531	-1893.04468295422	-10.4407612071965	3	TRUE	231.437432722441	173.040432722441	166.195755471875	192.612318169059
3	I11249	1	224.395147097014	220.849065278497	227.941228915531	-1893.04468295422	-8.78509446949661	3	TRUE	224.825889377192	170.213889377192	167.345988084396	194.269801697228
3	I11300	1	224.395147097014	220.849065278497	227.941228915531	-1893.04468295422	-14.7841824024917	3	TRUE	201.242167135709	179.919167135709	168.509613503037	194.06526872356
3	I11301	1	224.395147097014	220.849065278497	227.941228915531	-1893.04468295422	-8.46448548554956	3	TRUE	223.501974666657	172.640974666657	166.608104614009	192.479358670368
3	I11305	1	224.395147097014	220.849065278497	227.941228915531	-1893.04468295422	-8.97065205966161	3	TRUE	225.454246963703	170.553246963703	160.009259087798	188.152700440198
3	I11306	1	224.395147097014	220.849065278497	227.941228915531	-1893.04468295422	-8.94506439718772	3	TRUE	228.272983800392	173.742983800392	159.99192320908	189.442066020898
3	I3214	3	272.013325180339	268.413665583292	275.612984777386	-1893.04468295422	-9.39682621393706	3	TRUE	271.000922033081	186.396922033081	180.695155862549	190.613613088915
3	I7549	2	268.852554480059	255.862582775966	281.842526184152	-1893.04468295422	-33.4326580330323	3	TRUE	323.997301690243	220.207301690243	202.247992575368	222.459832156476
3	I7550	1	224.395147097014	220.849065278497	227.941228915531	-1893.04468295422	-16.7427608511782	3	TRUE	231.706082726213	209.991082726213	198.618043139245	237.314784905175
3	I7594	3	272.013325180339	268.413665583292	275.612984777386	-1893.04468295422	-12.588425406888	3	TRUE	286.304508824087	191.810508824087	189.742179643363	195.168231354494
3	I7598	2	268.852554480059	255.862582775966	281.842526184152	-1893.04468295422	-37.4302668088305	3	TRUE	382.334228820109	197.650228820109	190.189202071916	199.060942055325
3	I7600	3	272.013325180339	268.413665583292	275.612984777386	-1893.04468295422	-10.6402623424822	3	TRUE	280.210830125119	202.685830125119	189.879385571943	210.949914360567
3	I7601	1	224.395147097014	220.849065278497	227.941228915531	-1893.04468295422	-11.2216773885247	3	TRUE	236.360076591513	200.204076591513	195.418563253812	200.259535452684
3	I7602	1	224.395147097014	220.849065278497	227.941228915531	-1893.04468295422	-11.4489787300015	3	TRUE	229.14151054195	169.26651054195	166.493839557682	194.220228213817
3	I7603	1	224.395147097014	220.849065278497	227.941228915531	-1893.04468295422	-14.6036341125004	3	TRUE	244.207362523303	182.957362523303	166.944923957012	193.839176843176
3	I7604	1	224.395147097014	220.849065278497	227.941228915531	-1893.04468295422	-17.6064976087572	3	TRUE	252.184730846497	171.686730846497	167.004438047797	193.110197922215
3	I7605	2	268.852554480059	255.862582775966	281.842526184152	-1893.04468295422	-12.276098896066	3	TRUE	275.998149955122	183.800149955122	167.944408682774	193.717153303857
3	I7606	3	272.013325180339	268.413665583292	275.612984777386	-1893.04468295422	-11.1163880973357	3	TRUE	264.169858018051	181.496858018051	166.698925770886	193.759718536832
3	I7642	1	224.395147097014	220.849065278497	227.941228915531	-1893.04468295422	-17.6707073444451	3	TRUE	251.340869115647	170.202869115647	168.416099000371	173.370063240041
3	I7643	2	268.852554480059	255.862582775966	281.842526184152	-1893.04468295422	-13.9592927705324	3	TRUE	294.975110120255	209.566110120255	202.243612992793	210.834805287055
3	I7644	3	272.013325180339	268.413665583292	275.612984777386	-1893.04468295422	-14.4729644716808	3	TRUE	258.850226382909	190.648226382909	190.810088758906	199.486344173118
3	I7647	2	268.852554480059	255.862582775966	281.842526184152	-1893.04468295422	-15.525822405422	3	TRUE	314.371568477391	197.894568477391	189.697150657302	213.199094133618
3	I8134	3	272.013325180339	268.413665583292	275.612984777386	-1893.04468295422	-8.26520043358152	3	TRUE	267.871461544353	226.343461544353	198.252880641459	236.317821629512
3	I8567	2	268.852554480059	255.862582775966	281.842526184152	-1893.04468295422	-11.9389953326121	3	TRUE	276.721210918386	192.264210918386	187.694971689156	194.410319082505
3	I8568	1	224.395147097014	220.849065278497	227.941228915531	-1893.04468295422	-22.6369276329187	3	TRUE	246.305500837022	193.508500837022	189.61302933674	194.275479701723
3	LD1174.SG	1	224.395147097014	220.849065278497	227.941228915531	-1893.04468295422	-18.3849175346786	3	TRUE	202.707802234552	158.102802234552	157.590845247181	161.630152059802
3	I0839	1	224.395147097014	220.849065278497	227.941228915531	-1893.04468295422	-21.0178289965264	3	TRUE	182.304156423	155.803156423	148.531482592878	157.102291984351
3	I0840	2	268.852554480059	255.862582775966	281.842526184152	-1893.04468295422	-13.6328855984272	3	TRUE	250.356601311144	152.352601311144	146.885796388004	156.975007528181
3	I11599	2	268.852554480059	255.862582775966	281.842526184152	-1893.04468295422	-13.1882897545677	3	TRUE	250.816498090913	188.732498090913	171.55876462566	188.855443239611
3	I11601	1	224.395147097014	220.849065278497	227.941228915531	-1893.04468295422	-35.2404620510551	3	TRUE	192.761949687817	187.461949687817	174.849575936761	189.057073171716
3	I11604	2	268.852554480059	255.862582775966	281.842526184152	-1893.04468295422	-16.4669457832811	3	TRUE	222.538072541867	170.005072541867	159.592154518967	179.745110636577
3	I11605	1	224.395147097014	220.849065278497	227.941228915531	-1893.04468295422	-10.5502724252344	3	TRUE	232.928289447471	165.306289447471	159.117545446913	179.543235069016
3	I11614	2	268.852554480059	255.862582775966	281.842526184152	-1893.04468295422	-15.0150325623962	3	TRUE	290.879893638728	169.614893638728	162.668793041542	169.290293815429
3	I1970	2	268.852554480059	255.862582775966	281.842526184152	-1893.04468295422	-14.6098087369642	3	TRUE	298.725029135381	158.895029135381	158.848716436112	171.946449068751
3	I3432	1	224.395147097014	220.849065278497	227.941228915531	-1893.04468295422	-11.9326220108192	3	TRUE	232.974040839233	176.650040839233	173.653568518199	179.478184806648
3	I5076	1	224.395147097014	220.849065278497	227.941228915531	-1893.04468295422	-14.0075849964583	3	TRUE	241.139686053257	179.783686053257	177.914850219685	188.544094726227
3	I5428	2	268.852554480059	255.862582775966	281.842526184152	-1893.04468295422	-15.7014579801022	3	TRUE	263.035515828098	183.789515828098	180.676690193833	188.983867485401
3	I5429	1	224.395147097014	220.849065278497	227.941228915531	-1893.04468295422	-14.7520202480224	3	TRUE	245.42580277255	174.01580277255	172.831029809978	176.97589222492
3	I6601	1	224.395147097014	220.849065278497	227.941228915531	-1893.04468295422	-14.0623770962004	3	TRUE	236.292377280718	167.772377280718	162.559373453592	169.458333730498
4	I0258	4	279.387609763665	264.199496340486	294.575723186844	-1739.78576416828	-13.723925007538	3	FALSE	250.671402280237	161.816402280237	150.433669247598	170.717809162202
4	I0262	4	279.387609763665	264.199496340486	294.575723186844	-1739.78576416828	-12.244481547168	3	FALSE	272.80448813756	166.75048813756	150.673302875033	170.650841664922
4	I0263	4	279.387609763665	264.199496340486	294.575723186844	-1739.78576416828	-13.5199489667045	3	FALSE	296.259302283758	162.778302283758	150.198348378763	170.771100636505
4	I0455	4	279.387609763665	264.199496340486	294.575723186844	-1739.78576416828	-15.9052775172356	3	FALSE	248.60677331061	171.30677331061	164.09109774039	173.316614099886
4	I0459	1	207.981050708315	201.915260197583	214.046841219048	-1739.78576416828	-9.8657925997132	3	FALSE	204.556178424536	158.794178424536	148.96054028733	161.809739630137
4	I0460	4	279.387609763665	264.199496340486	294.575723186844	-1739.78576416828	-16.6829592939629	3	FALSE	220.103745784494	151.193745784494	148.597106601361	157.294312788932
4	I0823	4	279.387609763665	264.199496340486	294.575723186844	-1739.78576416828	-22.177084556981	3	FALSE	210.987661324785	159.274661324785	150.928778653698	170.648157575342
4	I0826	1	207.981050708315	201.915260197583	214.046841219048	-1739.78576416828	-15.6761174365132	3	FALSE	218.948892220689	169.420892220689	158.294711493229	170.733773433138
4	I1271	1	207.981050708315	201.915260197583	214.046841219048	-1739.78576416828	-9.78537727769276	3	FALSE	210.805509306667	155.356509306667	152.200245148768	172.453978150485
4	I1272	2	234.426214710248	230.143095614505	238.709333805992	-1739.78576416828	-15.7730105397903	3	FALSE	224.456300450986	160.349300450986	158.985328873611	171.316463625757
4	I1276	1	207.981050708315	201.915260197583	214.046841219048	-1739.78576416828	-11.2455821155223	3	FALSE	219.686944884852	164.434944884852	152.207346711241	172.341234408253
4	I1277	1	207.981050708315	201.915260197583	214.046841219048	-1739.78576416828	-26.0942004495858	3	FALSE	204.253059584091	156.902059584091	153.63601288073	161.227862733708
4	I1280	1	207.981050708315	201.915260197583	214.046841219048	-1739.78576416828	-10.6858265600238	3	FALSE	211.29261501958	156.83561501958	152.172274717928	172.657733535328
4	I1281	2	234.426214710248	230.143095614505	238.709333805992	-1739.78576416828	-10.5418857297373	3	FALSE	228.184855504016	170.307855504016	162.03761184069	171.718482082163
4	I1282	3	270.59774173068	266.971171591619	274.224311869741	-1739.78576416828	-19.1778996548818	3	FALSE	231.354364142688	155.395364142688	152.388093640537	172.676571420411
4	I1284	2	234.426214710248	230.143095614505	238.709333805992	-1739.78576416828	-9.25406269758487	3	FALSE	229.2197862929	168.1947862929	152.805754501813	172.703548611691
4	I1300	1	207.981050708315	201.915260197583	214.046841219048	-1739.78576416828	-13.9061137071444	3	FALSE	221.322876858782	165.048876858782	152.790484379802	172.44239876579
4	I1303	2	234.426214710248	230.143095614505	238.709333805992	-1739.78576416828	-9.57932815948053	3	FALSE	228.367609904658	170.015609904658	153.120584004292	172.71831903906
4	I1838	2	234.426214710248	230.143095614505	238.709333805992	-1739.78576416828	-10.1112680467736	3	FALSE	227.910651481891	180.154651481891	175.331273815566	189.297102119774
4	I1842	1	207.981050708315	201.915260197583	214.046841219048	-1739.78576416828	-10.5294926192911	3	FALSE	213.466030294141	173.119030294141	169.890952099938	176.592920662369
4	I1843	1	207.981050708315	201.915260197583	214.046841219048	-1739.78576416828	-9.93837598399269	3	FALSE	203.141688341169	174.338688341169	173.373079686525	177.23943462918
4	I1845	1	207.981050708315	201.915260197583	214.046841219048	-1739.78576416828	-12.8511644589136	3	FALSE	223.557925367015	171.938925367015	164.626866508375	180.120046719925
4	I1846	3	270.59774173068	266.971171591619	274.224311869741	-1739.78576416828	-11.1477111359285	3	FALSE	264.760590239849	166.459590239849	164.71132801671	179.91286252301
4	I1975	2	234.426214710248	230.143095614505	238.709333805992	-1739.78576416828	-10.5481814512961	3	FALSE	224.400891923838	175.476891923838	173.253320222879	179.957781728358
4	I1976	2	234.426214710248	230.143095614505	238.709333805992	-1739.78576416828	-11.6102392032842	3	FALSE	231.866747651788	158.780747651788	153.748837737101	161.397869907054
4	I1978	2	234.426214710248	230.143095614505	238.709333805992	-1739.78576416828	-9.41181067504519	3	FALSE	235.223966574701	175.082966574701	164.675023898598	180.03626987837
4	I1981	4	279.387609763665	264.199496340486	294.575723186844	-1739.78576416828	-15.9769834874682	3	FALSE	268.895527248	174.675527248	172.97245486563	177.186794547231
4	I2467	1	207.981050708315	201.915260197583	214.046841219048	-1739.78576416828	-9.18364356768888	3	FALSE	207.5106829744	153.8166829744	148.873785878897	157.553997692627
4	I2473	1	207.981050708315	201.915260197583	214.046841219048	-1739.78576416828	-9.04860522197442	3	FALSE	206.905316444722	173.012316444722	166.458417333164	173.460835882994
4	I3269	3	270.59774173068	266.971171591619	274.224311869741	-1739.78576416828	-12.2466333281891	3	FALSE	257.330149160815	169.892149160816	169.892488365128	176.484669132291
4	I3270	2	234.426214710248	230.143095614505	238.709333805992	-1739.78576416828	-12.6501640269702	3	FALSE	243.635228810186	171.627228810186	169.787169943031	176.557333145423
4	I3271	1	207.981050708315	201.915260197583	214.046841219048	-1739.78576416828	-14.2607789917635	3	FALSE	223.034613097155	176.394613097155	170.023700414042	176.648393936921
4	I3272	2	234.426214710248	230.143095614505	238.709333805992	-1739.78576416828	-10.3579813585573	3	FALSE	225.111589937139	184.805589937139	173.516359911366	187.376121488067
4	I3277	4	279.387609763665	264.199496340486	294.575723186844	-1739.78576416828	-13.5974609909736	3	FALSE	263.629192456059	173.981192456059	172.115919344859	181.811336328142
4	I4247	1	207.981050708315	201.915260197583	214.046841219048	-1739.78576416828	-16.9663462850129	3	FALSE	181.71824658734	154.60224658734	148.81011870461	157.364416846129
4	I4565	4	279.387609763665	264.199496340486	294.575723186844	-1739.78576416828	-20.8716865783733	3	FALSE	223.449397352657	174.831397352657	173.668391964141	177.434871573409
4	I5838	4	279.387609763665	264.199496340486	294.575723186844	-1739.78576416828	-15.1218357672016	3	FALSE	249.72683995375	166.77583995375	152.521877176228	172.603804274529
4	I6543	1	207.981050708315	201.915260197583	214.046841219048	-1739.78576416828	-11.4441701567106	3	FALSE	213.821330948632	137.155330948632	131.113725393412	161.922670749482
4	I6584	2	234.426214710248	230.143095614505	238.709333805992	-1739.78576416828	-11.231739457209	3	FALSE	245.974705836991	150.548705836991	141.389276638594	158.172078943711
4	I6587	2	234.426214710248	230.143095614505	238.709333805992	-1739.78576416828	-12.001386495774	3	FALSE	240.781767471931	156.751767471931	141.355720088385	158.510834479238
4	I6604	1	207.981050708315	201.915260197583	214.046841219048	-1739.78576416828	-9.75830809302402	3	FALSE	214.8347220835	140.8117220835	137.519121980428	145.589314371826
4	I6609	4	279.387609763665	264.199496340486	294.575723186844	-1739.78576416828	-14.3208410475425	3	FALSE	244.575129757911	131.057129757911	131.290511974865	162.135876296088
4	I6612	2	234.426214710248	230.143095614505	238.709333805992	-1739.78576416828	-18.1496325591727	3	FALSE	222.643638142747	137.103638142747	130.546852134534	160.846657294668
4	I6617	4	279.387609763665	264.199496340486	294.575723186844	-1739.78576416828	-16.8363041928355	3	FALSE	251.83990786289	160.70990786289	152.824148299571	172.331259874503
4	I6622	1	207.981050708315	201.915260197583	214.046841219048	-1739.78576416828	-16.5860983086432	3	FALSE	175.719092406987	132.668092406987	131.093069203364	161.855861248582
4	I6628	4	279.387609763665	264.199496340486	294.575723186844	-1739.78576416828	-13.3287418683451	3	FALSE	272.838004807231	158.593004807231	152.41185943596	173.013037715906
4	I7587	2	234.426214710248	230.143095614505	238.709333805992	-1739.78576416828	-8.74883605872065	3	FALSE	234.201398838776	161.729398838776	159.089011785441	172.8381074965
4	I8131	4	279.387609763665	264.199496340486	294.575723186844	-1739.78576416828	-15.6969124720621	3	FALSE	327.722897929436	156.862897929436	153.940166427022	161.5058196062
4	I8149	1	207.981050708315	201.915260197583	214.046841219048	-1739.78576416828	-9.77523218084361	3	FALSE	200.757765632488	166.049765632488	159.311809621368	173.013921517746
4	I8153	1	207.981050708315	201.915260197583	214.046841219048	-1739.78576416828	-9.64461619070932	3	FALSE	208.298625086317	163.958625086317	159.298746916465	172.635829289045
4	I8154	4	279.387609763665	264.199496340486	294.575723186844	-1739.78576416828	-18.7676768398601	3	FALSE	310.070444096967	167.394444096967	159.16023843456	172.856725216843
4	I8197	2	234.426214710248	230.143095614505	238.709333805992	-1739.78576416828	-8.49616231696469	3	FALSE	236.070888318984	159.154888318984	159.542778380481	172.279552004433
4	I8198	2	234.426214710248	230.143095614505	238.709333805992	-1739.78576416828	-14.9539078843681	3	FALSE	215.122640260561	166.150640260561	159.320518547403	172.778014140204
4	I8199	3	270.59774173068	266.971171591619	274.224311869741	-1739.78576416828	-8.44791115777715	3	FALSE	272.276467365012	163.804467365012	159.492770625677	172.755197804821
4	I8364	1	207.981050708315	201.915260197583	214.046841219048	-1739.78576416828	-14.0396786560076	3	FALSE	220.916555617584	165.983555617584	161.454864622701	166.123638696661
4	I8365	4	279.387609763665	264.199496340486	294.575723186844	-1739.78576416828	-12.3061110746156	3	FALSE	280.854469777136	164.940469777136	161.484371795199	166.193648976357
4	I8569	4	279.387609763665	264.199496340486	294.575723186844	-1739.78576416828	-14.7825077675926	3	FALSE	266.332307424191	170.008307424191	163.872787488424	172.041616011494
4	atp016.SG	2	234.426214710248	230.143095614505	238.709333805992	-1739.78576416828	-12.0589497738196	3	FALSE	225.056331616399	177.387331616399	174.099892296695	186.014424370881
4	atp12-1420.SG	3	270.59774173068	266.971171591619	274.224311869741	-1739.78576416828	-11.497552829329	3	FALSE	258.532682125997	174.223682125997	172.71132595102	177.026608032107
4	ATP17.SG	4	279.387609763665	264.199496340486	294.575723186844	-1739.78576416828	-17.9533654705537	3	FALSE	234.518120901739	176.818120901739	169.354856822448	176.846269871483
4	por002.SG	2	234.426214710248	230.143095614505	238.709333805992	-1739.78576416828	-12.0428694767874	3	FALSE	222.509954913327	186.280954913327	174.933762772333	188.519260070087
4	CHA001_merged	3	270.59774173068	266.971171591619	274.224311869741	-1739.78576416828	-34.1270801810421	3	FALSE	285.044371607601	250.417371607601	250.050877093437	257.150082016342
4	CHA002_merged	3	270.59774173068	266.971171591619	274.224311869741	-1739.78576416828	-12.6467799737998	3	FALSE	283.871179293923	250.566179293923	250.63516979667	258.725997891994
4	CHA003_merged	3	270.59774173068	266.971171591619	274.224311869741	-1739.78576416828	-26.316496950861	3	FALSE	280.368148200737	252.955148200737	248.258354708253	257.45246391257
4	CHA004.A0102	3	270.59774173068	266.971171591619	274.224311869741	-1739.78576416828	-10.0487210075165	3	FALSE	264.295779136783	226.354779136783	225.810782520666	231.635477031082
4	FUC003_merged	3	270.59774173068	266.971171591619	274.224311869741	-1739.78576416828	-9.25812764456414	3	FALSE	264.190968319225	249.711968319225	246.604151386572	255.309898380107
4	I0409	4	279.387609763665	264.199496340486	294.575723186844	-1739.78576416828	-57.7439003377182	3	FALSE	410.497226108486	259.238226108486	255.882667675672	259.297059132551
4	I0410	3	270.59774173068	266.971171591619	274.224311869741	-1739.78576416828	-23.6829221195131	3	FALSE	296.835301606251	252.873301606251	250.372768532691	258.462594770951
4	I0412	3	270.59774173068	266.971171591619	274.224311869741	-1739.78576416828	-68.6075792716918	3	FALSE	265.610510530382	256.388510530382	254.448773485442	259.177701934706
4	I0413	3	270.59774173068	266.971171591619	274.224311869741	-1739.78576416828	-15.5926929949099	3	FALSE	281.49402642604	257.10302642604	250.743977728965	258.893901147764
4	I1972	3	270.59774173068	266.971171591619	274.224311869741	-1739.78576416828	-7.98286405701095	3	FALSE	271.173047128054	239.793047128054	237.233998342572	242.200338840684
4	I2199	3	270.59774173068	266.971171591619	274.224311869741	-1739.78576416828	-11.503008589056	3	FALSE	273.820127859981	248.756127859981	248.895451719435	255.370673092348
4	c40331.SG	2	234.426214710248	230.143095614505	238.709333805992	-1739.78576416828	-12.972777914103	3	FALSE	240.750536505507	203.125536505507	199.675892857641	203.965844523867
4	san216.SG	2	234.426214710248	230.143095614505	238.709333805992	-1739.78576416828	-8.5729384247605	3	FALSE	235.933237036545	199.952237036545	200.115718837088	204.501322453531
4	ELT002_merged	3	270.59774173068	266.971171591619	274.224311869741	-1739.78576416828	-12.3196204655058	3	FALSE	260.833064867815	203.764064867815	200.959889380801	210.336290003158
4	ELT006_merged	2	234.426214710248	230.143095614505	238.709333805992	-1739.78576416828	-10.564217827839	3	FALSE	244.300969963422	207.969969963422	202.400318641299	210.258769776439
4	I0405	3	270.59774173068	266.971171591619	274.224311869741	-1739.78576416828	-9.91841525337722	3	FALSE	262.582099765165	199.266099765165	198.416769544461	208.78779442272
4	I0406	2	234.426214710248	230.143095614505	238.709333805992	-1739.78576416828	-9.49294622417015	3	FALSE	240.974527989903	200.909527989903	198.451080421053	208.576740556496
4	I0407	3	270.59774173068	266.971171591619	274.224311869741	-1739.78576416828	-14.7670358004145	3	FALSE	257.334669832658	208.437669832658	198.579268121227	208.769193201858
4	I10277	2	234.426214710248	230.143095614505	238.709333805992	-1739.78576416828	-10.5858709733226	3	FALSE	234.886835375861	171.069835375861	159.357826092164	190.521872652296
4	I10278	2	234.426214710248	230.143095614505	238.709333805992	-1739.78576416828	-10.9316178422846	3	FALSE	241.822987754668	181.681987754668	160.262428635698	190.273635879671
4	I10280	1	207.981050708315	201.915260197583	214.046841219048	-1739.78576416828	-12.248721304197	3	FALSE	221.643775933146	170.189775933146	159.792234618507	189.366866691438
4	I10283	2	234.426214710248	230.143095614505	238.709333805992	-1739.78576416828	-10.3839694292524	3	FALSE	240.788925549878	186.525925549878	160.094284109426	189.967540253254
4	I10284	2	234.426214710248	230.143095614505	238.709333805992	-1739.78576416828	-8.87884707156511	3	FALSE	234.115661386435	163.781661386435	160.619826109281	190.502035703477
4	I10285	2	234.426214710248	230.143095614505	238.709333805992	-1739.78576416828	-10.3915928722835	3	FALSE	231.586610888046	174.455610888046	159.52058328881	188.987630281398
4	I10286	2	234.426214710248	230.143095614505	238.709333805992	-1739.78576416828	-10.2819434645367	3	FALSE	227.001560538237	167.739560538237	159.626857581876	189.865647937404
4	I11248	2	234.426214710248	230.143095614505	238.709333805992	-1739.78576416828	-8.78442502515526	3	FALSE	236.58440138651	178.18740138651	167.352318763733	192.442023102194
4	I11249	2	234.426214710248	230.143095614505	238.709333805992	-1739.78576416828	-11.4020087992331	3	FALSE	246.576119406683	191.964119406683	167.744992527047	193.82663598334
4	I11300	1	207.981050708315	201.915260197583	214.046841219048	-1739.78576416828	-13.4279292019539	3	FALSE	195.086005348987	173.763005348987	166.867918740692	194.046314785789
4	I11301	2	234.426214710248	230.143095614505	238.709333805992	-1739.78576416828	-8.50443423190647	3	FALSE	232.64340963524	181.78240963524	166.539104189724	194.164226297289
4	I11305	2	234.426214710248	230.143095614505	238.709333805992	-1739.78576416828	-12.4065912578259	3	FALSE	225.92057147492	171.01957147492	160.495186333511	189.932517264139
4	I11306	1	207.981050708315	201.915260197583	214.046841219048	-1739.78576416828	-9.46090494730734	3	FALSE	214.187922688139	159.657922688139	159.508780042441	189.850026165368
4	I3214	3	270.59774173068	266.971171591619	274.224311869741	-1739.78576416828	-9.23825793557218	3	FALSE	268.766319716831	184.162319716831	180.773772077269	190.986517055925
4	I7549	4	279.387609763665	264.199496340486	294.575723186844	-1739.78576416828	-18.9426689064882	3	FALSE	306.288499526908	202.498499526908	202.285034784914	222.739389387425
4	I7550	2	234.426214710248	230.143095614505	238.709333805992	-1739.78576416828	-12.5011512729713	3	FALSE	235.240274336904	213.525274336904	198.826250275098	230.514750263787
4	I7594	3	270.59774173068	266.971171591619	274.224311869741	-1739.78576416828	-14.407162743345	3	FALSE	289.033212302438	194.539212302438	189.816046448957	194.947487617444
4	I7598	4	279.387609763665	264.199496340486	294.575723186844	-1739.78576416828	-32.2526439445627	3	FALSE	380.512061351453	195.828061351453	190.477367197829	199.143296822697
4	I7600	3	270.59774173068	266.971171591619	274.224311869741	-1739.78576416828	-14.2261681230477	3	FALSE	288.957959258257	211.432959258257	189.547251171149	211.703655619307
4	I7601	2	234.426214710248	230.143095614505	238.709333805992	-1739.78576416828	-9.06735465223852	3	FALSE	232.919408397424	196.763408397424	195.5349531191	200.217949598196
4	I7602	2	234.426214710248	230.143095614505	238.709333805992	-1739.78576416828	-11.1599112590339	3	FALSE	230.677852005831	170.802852005831	167.182529730989	193.857372698507
4	I7603	2	234.426214710248	230.143095614505	238.709333805992	-1739.78576416828	-9.75644452416701	3	FALSE	240.776050136026	179.526050136026	167.007321124298	194.127902967323
4	I7604	2	234.426214710248	230.143095614505	238.709333805992	-1739.78576416828	-13.5673801890699	3	FALSE	253.602861505064	173.104861505064	166.401786510168	193.703861924587
4	I7605	4	279.387609763665	264.199496340486	294.575723186844	-1739.78576416828	-12.9304336551821	3	FALSE	286.451260003669	194.253260003669	168.21690665425	193.757854009579
4	I7606	2	234.426214710248	230.143095614505	238.709333805992	-1739.78576416828	-13.6283618736951	3	FALSE	253.374844358285	170.701844358285	167.703081760556	193.968763214902
4	I7642	2	234.426214710248	230.143095614505	238.709333805992	-1739.78576416828	-12.3771200425629	3	FALSE	250.117262050408	168.979262050408	168.35983659628	173.38482347046
4	I7643	4	279.387609763665	264.199496340486	294.575723186844	-1739.78576416828	-13.3364447613555	3	FALSE	295.280622722214	209.871622722214	202.436083121658	210.828911834147
4	I7644	3	270.59774173068	266.971171591619	274.224311869741	-1739.78576416828	-8.7161928937757	3	FALSE	265.84265983672	197.64065983672	190.899613270802	199.333579696415
4	I7647	4	279.387609763665	264.199496340486	294.575723186844	-1739.78576416828	-15.7941184477631	3	FALSE	328.55551716708	212.07851716708	189.98610407198	213.585856507416
4	I8134	3	270.59774173068	266.971171591619	274.224311869741	-1739.78576416828	-7.98998466962111	3	FALSE	272.644933832943	231.116933832943	198.822627116793	236.176223220536
4	I8567	4	279.387609763665	264.199496340486	294.575723186844	-1739.78576416828	-11.9672341558149	3	FALSE	278.516224441714	194.059224441714	187.666713965217	194.412174479096
4	I8568	2	234.426214710248	230.143095614505	238.709333805992	-1739.78576416828	-13.2232512667976	3	FALSE	247.164112460646	194.367112460646	189.575659580429	194.342702854483
4	LD1174.SG	1	207.981050708315	201.915260197583	214.046841219048	-1739.78576416828	-9.26533619002672	3	FALSE	202.657500703921	158.052500703921	157.653509442145	161.581720818895
4	I0839	4	279.387609763665	264.199496340486	294.575723186844	-1739.78576416828	-19.7037646063651	3	FALSE	182.213988326734	155.712988326734	148.717901469625	157.259167892676
4	I0840	2	234.426214710248	230.143095614505	238.709333805992	-1739.78576416828	-13.3366338418681	3	FALSE	250.907770084526	152.903770084526	146.758363583624	156.993082162666
4	I11599	4	279.387609763665	264.199496340486	294.575723186844	-1739.78576416828	-16.2365839582544	3	FALSE	248.838485191444	186.754485191444	172.009749807953	188.74169611767
4	I11601	1	207.981050708315	201.915260197583	214.046841219048	-1739.78576416828	-20.265549128587	3	FALSE	187.29429727808	181.99429727808	173.506587584103	188.818644892723
4	I11604	4	279.387609763665	264.199496340486	294.575723186844	-1739.78576416828	-16.8188404879433	3	FALSE	231.579024199176	179.046024199176	159.349119645069	179.892226831954
4	I11605	2	234.426214710248	230.143095614505	238.709333805992	-1739.78576416828	-9.10420538742275	3	FALSE	239.278622476543	171.656622476543	159.64632193957	179.561987736213
4	I11614	4	279.387609763665	264.199496340486	294.575723186844	-1739.78576416828	-13.4904333170546	3	FALSE	287.112256443729	165.847256443729	162.767341490128	169.451801374089
4	I1970	4	279.387609763665	264.199496340486	294.575723186844	-1739.78576416828	-14.4817573924124	3	FALSE	310.395540144378	170.565540144378	158.846491360955	171.632878399932
4	I3432	2	234.426214710248	230.143095614505	238.709333805992	-1739.78576416828	-11.6305319183156	3	FALSE	231.076761488548	174.752761488548	173.645715946631	179.527251925835
4	I5076	2	234.426214710248	230.143095614505	238.709333805992	-1739.78576416828	-10.6637699004974	3	FALSE	244.690805053609	183.334805053609	177.865520649407	188.567324448676
4	I5428	3	270.59774173068	266.971171591619	274.224311869741	-1739.78576416828	-11.0750796278006	3	FALSE	262.136206283615	182.890206283615	180.712531000101	189.194359764889
4	I5429	2	234.426214710248	230.143095614505	238.709333805992	-1739.78576416828	-11.0235638319773	3	FALSE	245.738254774479	174.328254774479	172.849865700567	177.020122305423
4	I6601	2	234.426214710248	230.143095614505	238.709333805992	-1739.78576416828	-8.66169847878364	3	FALSE	235.16071191834	166.64071191834	162.714939556151	169.537571696232
