# CLUSTERING STRENGTH + LIKELIHOOD K SELECTION RESULTS (DATES)
# Recommended K: 1
# Method: DATES
# Clustering strength threshold: 0.983
# Likelihood thresholds: k1 to k2(k=2):1.2 k1 to k2(k=3):2.59 k2 to k3:0.71 k3 to k4:0.49
#
model_k	pop	cluster	joint_date_est_best	joint_date_lowerci	joint_date_upperci	likelihood_mean	likelihood_per_ind	recommended_k	is_recommended	ind_date_est	sample_age_est_best	sample_age_lowerci_mean	sample_age_upperci_mean
1	ELT002_merged	1	253.755227447633	248.780491551857	258.729963343409	-537.987740752772	-14.422482301342	1	TRUE	262.342711549692	205.273711549692	200.463708647269	209.959371434722
1	ELT006_merged	1	253.755227447633	248.780491551857	258.729963343409	-537.987740752772	-10.9736331312402	1	TRUE	242.103869545135	205.772869545135	202.526414910987	210.455350051563
1	I0405	1	253.755227447633	248.780491551857	258.729963343409	-537.987740752772	-12.8010549824368	1	TRUE	264.924467309935	201.608467309935	198.301507586335	208.473333759154
1	I0406	1	253.755227447633	248.780491551857	258.729963343409	-537.987740752772	-9.77140731520944	1	TRUE	246.950445191125	206.885445191125	198.627256595334	208.637183297645
1	I0407	1	253.755227447633	248.780491551857	258.729963343409	-537.987740752772	-10.3872019291927	1	TRUE	251.118403658457	202.221403658457	198.517132712108	208.634076682376
1	I10277	1	253.755227447633	248.780491551857	258.729963343409	-537.987740752772	-10.2117880313088	1	TRUE	253.439488103175	189.622488103175	159.988144334118	190.459381335968
1	I10278	1	253.755227447633	248.780491551857	258.729963343409	-537.987740752772	-10.4912897146834	1	TRUE	247.066590701036	186.925590701036	160.091256634852	190.393862415222
1	I10280	1	253.755227447633	248.780491551857	258.729963343409	-537.987740752772	-11.8335169199411	1	TRUE	241.430932280531	189.976932280531	160.105874720383	190.628028748366
1	I10283	1	253.755227447633	248.780491551857	258.729963343409	-537.987740752772	-10.8013663672401	1	TRUE	243.144942422762	188.881942422762	160.92144649746	190.428738665464
1	I10284	1	253.755227447633	248.780491551857	258.729963343409	-537.987740752772	-8.99534754842529	1	TRUE	252.456105512203	182.122105512203	160.574255400008	190.395019589342
1	I10285	1	253.755227447633	248.780491551857	258.729963343409	-537.987740752772	-14.5864798106361	1	TRUE	247.997590888306	190.866590888306	171.690704294056	190.806525789813
1	I10286	1	253.755227447633	248.780491551857	258.729963343409	-537.987740752772	-10.0697505754968	1	TRUE	246.36561698842	187.10361698842	160.678160209686	190.611370133224
1	I11248	1	253.755227447633	248.780491551857	258.729963343409	-537.987740752772	-11.602892417048	1	TRUE	247.123262389017	188.726262389017	169.287012124301	194.429887102118
1	I11249	1	253.755227447633	248.780491551857	258.729963343409	-537.987740752772	-9.29185461078051	1	TRUE	249.208781814471	194.596781814471	167.717915296921	194.143754153213
1	I11300	1	253.755227447633	248.780491551857	258.729963343409	-537.987740752772	-21.8523190924014	1	TRUE	202.337749946605	181.014749946605	167.584053641518	194.133899846513
1	I11301	1	253.755227447633	248.780491551857	258.729963343409	-537.987740752772	-12.29308276632	1	TRUE	242.829116776219	191.968116776219	171.388991134175	194.336361462816
1	I11305	1	253.755227447633	248.780491551857	258.729963343409	-537.987740752772	-15.573939025622	1	TRUE	243.751576293356	188.850576293356	171.817812278937	190.552198991646
1	I11306	1	253.755227447633	248.780491551857	258.729963343409	-537.987740752772	-13.1234005297143	1	TRUE	239.32773906625	184.79773906625	163.503647992973	190.711327544913
1	I3214	1	253.755227447633	248.780491551857	258.729963343409	-537.987740752772	-11.6521089393072	1	TRUE	266.72530574892	182.12130574892	180.522914880982	190.423351962735
1	I7549	1	253.755227447633	248.780491551857	258.729963343409	-537.987740752772	-29.4109563258492	1	TRUE	306.707891963651	202.917891963651	202.143816310771	221.633426975542
1	I7550	1	253.755227447633	248.780491551857	258.729963343409	-537.987740752772	-17.1703867771696	1	TRUE	255.41095217768	233.69595217768	212.682886464131	236.496882650369
1	I7594	1	253.755227447633	248.780491551857	258.729963343409	-537.987740752772	-23.7455677066244	1	TRUE	285.066959783354	190.572959783354	189.738682263265	195.147227070527
1	I7598	1	253.755227447633	248.780491551857	258.729963343409	-537.987740752772	-43.7168371347274	1	TRUE	375.717997899587	191.033997899587	190.176542304514	198.869961814119
1	I7600	1	253.755227447633	248.780491551857	258.729963343409	-537.987740752772	-15.2418038042702	1	TRUE	274.57835926805	197.05335926805	189.578281685192	210.888005972437
1	I7601	1	253.755227447633	248.780491551857	258.729963343409	-537.987740752772	-15.7274605928411	1	TRUE	232.610336445646	196.454336445646	195.52383392611	200.262885312912
1	I7602	1	253.755227447633	248.780491551857	258.729963343409	-537.987740752772	-13.2295933003069	1	TRUE	253.174330711099	193.299330711099	173.177607202504	194.149586724649
1	I7603	1	253.755227447633	248.780491551857	258.729963343409	-537.987740752772	-13.0851889560616	1	TRUE	236.753549066239	175.503549066239	167.376828166224	193.919768076989
1	I7604	1	253.755227447633	248.780491551857	258.729963343409	-537.987740752772	-9.81187684996871	1	TRUE	257.705851303475	177.207851303475	166.756253918201	193.473931609021
1	I7605	1	253.755227447633	248.780491551857	258.729963343409	-537.987740752772	-14.3047361799038	1	TRUE	277.922023463471	185.724023463471	166.720686380951	193.703777782752
1	I7606	1	253.755227447633	248.780491551857	258.729963343409	-537.987740752772	-10.4085978044499	1	TRUE	263.035934379706	180.362934379706	166.560529540959	193.694004520741
1	I7642	1	253.755227447633	248.780491551857	258.729963343409	-537.987740752772	-9.54306948657294	1	TRUE	251.196920617365	170.058920617365	168.393114211526	173.342694244442
1	I7643	1	253.755227447633	248.780491551857	258.729963343409	-537.987740752772	-18.155044485973	1	TRUE	292.220974227229	206.811974227229	202.301658178039	210.855381846476
1	I7644	1	253.755227447633	248.780491551857	258.729963343409	-537.987740752772	-16.6311934643862	1	TRUE	266.528218080807	198.326218080807	190.518791970872	199.082916247276
1	I7647	1	253.755227447633	248.780491551857	258.729963343409	-537.987740752772	-21.3118036489006	1	TRUE	318.963628088933	202.486628088933	189.431546183685	213.610434419068
1	I8134	1	253.755227447633	248.780491551857	258.729963343409	-537.987740752772	-10.6769885312803	1	TRUE	255.359884640136	213.831884640136	199.429134162492	230.623646971404
1	I8567	1	253.755227447633	248.780491551857	258.729963343409	-537.987740752772	-14.4065877826819	1	TRUE	273.26143458911	188.80443458911	187.680249920439	194.497789947033
1	I8568	1	253.755227447633	248.780491551857	258.729963343409	-537.987740752772	-10.6751319124578	1	TRUE	246.871564390957	194.074564390957	189.624518486562	194.359446717908
2	ELT002_merged	1	247.949425431865	242.666285958466	253.232564905263	-458.722550519946	-15.296140029028	1	FALSE	259.688586256591	202.619586256591	200.72039598981	210.241228385661
2	ELT006_merged	1	247.949425431865	242.666285958466	253.232564905263	-458.722550519946	-9.95455483855832	1	FALSE	241.028373556955	204.697373556955	202.472126678376	210.481413640464
2	I0405	1	247.949425431865	242.666285958466	253.232564905263	-458.722550519946	-14.2219901023593	1	FALSE	262.274296411106	198.958296411106	198.514023652741	208.598019513093
2	I0406	1	247.949425431865	242.666285958466	253.232564905263	-458.722550519946	-8.76871782711378	1	FALSE	245.907815004455	205.842815004455	198.593803411579	208.603920595944
2	I0407	1	247.949425431865	242.666285958466	253.232564905263	-458.722550519946	-8.50012474763593	1	FALSE	247.470444305553	198.573444305553	198.550466323338	208.668244800688
2	I10277	1	247.949425431865	242.666285958466	253.232564905263	-458.722550519946	-10.6653618064528	1	FALSE	248.2489467649	184.4319467649	160.244256307217	190.413284037932
2	I10278	1	247.949425431865	242.666285958466	253.232564905263	-458.722550519946	-10.5772075866247	1	FALSE	248.495427646014	188.354427646014	160.419538040878	190.009587576954
2	I10280	1	247.949425431865	242.666285958466	253.232564905263	-458.722550519946	-13.0236847710748	1	FALSE	231.787929141385	180.333929141385	160.248911662264	190.606293454143
2	I10283	1	247.949425431865	242.666285958466	253.232564905263	-458.722550519946	-10.8538680328299	1	FALSE	238.874248867753	184.611248867753	160.05525703914	190.338900163812
2	I10284	1	247.949425431865	242.666285958466	253.232564905263	-458.722550519946	-8.91320947952287	1	FALSE	246.791888875822	176.457888875822	159.647802295928	190.240731089538
2	I10285	1	247.949425431865	242.666285958466	253.232564905263	-458.722550519946	-9.68800213004383	1	FALSE	246.369289666329	189.238289666329	164.205940519937	190.265719174558
2	I10286	1	247.949425431865	242.666285958466	253.232564905263	-458.722550519946	-9.79508911345608	1	FALSE	245.595197561492	186.333197561492	159.768686378686	190.494689608958
2	I11248	1	247.949425431865	242.666285958466	253.232564905263	-458.722550519946	-9.27341363722776	1	FALSE	252.647683819077	194.250683819077	166.581350643288	194.095685372927
2	I11249	1	247.949425431865	242.666285958466	253.232564905263	-458.722550519946	-17.2718568750679	1	FALSE	226.218312632295	171.606312632295	167.349310427672	193.659989518014
2	I11300	1	247.949425431865	242.666285958466	253.232564905263	-458.722550519946	-17.2274448928117	1	FALSE	213.864984302391	192.541984302391	167.415276015111	194.305608088949
2	I11301	1	247.949425431865	242.666285958466	253.232564905263	-458.722550519946	-13.9332843754222	1	FALSE	233.491454210032	182.630454210032	167.448527349459	194.129987333768
2	I11305	1	247.949425431865	242.666285958466	253.232564905263	-458.722550519946	-13.6611932640887	1	FALSE	237.727496586703	182.826496586703	164.123079891682	190.334819150989
2	I11306	1	247.949425431865	242.666285958466	253.232564905263	-458.722550519946	-10.0168896568696	1	FALSE	239.51972639375	184.98972639375	161.063895707214	190.392464806023
2	I3214	2	283.883945574203	268.56333421027	299.204556938136	-458.722550519946	-12.2051583170432	1	FALSE	274.007340568035	189.403340568035	180.71956009787	190.758502441001
2	I7549	2	283.883945574203	268.56333421027	299.204556938136	-458.722550519946	-13.7996704348217	1	FALSE	307.298787703634	203.508787703634	202.234271216522	222.251740537343
2	I7550	1	247.949425431865	242.666285958466	253.232564905263	-458.722550519946	-11.9471905876973	1	FALSE	249.201498660541	227.486498660541	203.19725346843	236.701106959434
2	I7594	2	283.883945574203	268.56333421027	299.204556938136	-458.722550519946	-10.5754666707512	1	FALSE	285.914196381264	191.420196381264	189.775677330626	195.212715343273
2	I7598	2	283.883945574203	268.56333421027	299.204556938136	-458.722550519946	-31.3473739495647	1	FALSE	379.759886747467	195.075886747467	190.237636230092	198.879423873145
2	I7600	2	283.883945574203	268.56333421027	299.204556938136	-458.722550519946	-10.5904698540351	1	FALSE	287.835721556639	210.310721556639	189.744509540209	211.595022579235
2	I7601	1	247.949425431865	242.666285958466	253.232564905263	-458.722550519946	-11.081962208465	1	FALSE	236.317079021969	200.161079021969	195.542945065636	200.237699940493
2	I7602	1	247.949425431865	242.666285958466	253.232564905263	-458.722550519946	-12.1318018242589	1	FALSE	253.896932095555	194.021932095555	167.430005126101	193.460024899936
2	I7603	1	247.949425431865	242.666285958466	253.232564905263	-458.722550519946	-9.25162628210791	1	FALSE	247.146950960159	185.896950960159	166.855939910082	193.932041019933
2	I7604	2	283.883945574203	268.56333421027	299.204556938136	-458.722550519946	-11.3118806490604	1	FALSE	272.039119811258	191.541119811258	166.788145646985	193.817515220227
2	I7605	2	283.883945574203	268.56333421027	299.204556938136	-458.722550519946	-10.708641268479	1	FALSE	281.833025842914	189.635025842914	166.857663414974	193.680852471152
2	I7606	2	283.883945574203	268.56333421027	299.204556938136	-458.722550519946	-12.2561733949584	1	FALSE	269.545116090464	186.872116090464	166.426340257749	193.221967312607
2	I7642	1	247.949425431865	242.666285958466	253.232564905263	-458.722550519946	-10.1285464744891	1	FALSE	253.942640319215	172.804640319215	168.343596704204	173.332391265009
2	I7643	1	247.949425431865	242.666285958466	253.232564905263	-458.722550519946	-19.2910784325436	1	FALSE	291.215287551116	205.806287551116	202.378291767652	210.775275584539
2	I7644	1	247.949425431865	242.666285958466	253.232564905263	-458.722550519946	-14.9354125306135	1	FALSE	260.668224497351	192.466224497351	190.507756136952	199.389136534076
2	I7647	2	283.883945574203	268.56333421027	299.204556938136	-458.722550519946	-15.947899037516	1	FALSE	309.049684331098	192.572684331098	189.39170603632	213.432585714944
2	I8134	1	247.949425431865	242.666285958466	253.232564905263	-458.722550519946	-8.65086246375552	1	FALSE	248.220331864698	206.692331864698	198.522500469283	234.798269693108
2	I8567	2	283.883945574203	268.56333421027	299.204556938136	-458.722550519946	-12.3988451105293	1	FALSE	276.503398137297	192.046398137297	187.750714095268	194.485927190565
2	I8568	1	247.949425431865	242.666285958466	253.232564905263	-458.722550519946	-8.52045786306839	1	FALSE	245.37751646826	192.58051646826	189.600585315623	194.36570856574
3	ELT002_merged	2	254.597341010451	247.265010322847	261.929671698055	-418.643788362879	-7.15782001692053	1	FALSE	258.215944203456	201.146944203456	200.498633117132	210.173505666172
3	ELT006_merged	1	242.156609084009	234.320420346429	249.992797821589	-418.643788362879	-9.08965227533659	1	FALSE	245.053551620332	208.722551620332	202.55666334375	210.518057434592
3	I0405	2	254.597341010451	247.265010322847	261.929671698055	-418.643788362879	-12.2806188874397	1	FALSE	265.713009262183	202.397009262183	198.391148526155	208.684082110994
3	I0406	1	242.156609084009	234.320420346429	249.992797821589	-418.643788362879	-8.7151043111068	1	FALSE	238.586626319936	198.521626319936	198.362944245143	208.615163332599
3	I0407	2	254.597341010451	247.265010322847	261.929671698055	-418.643788362879	-7.10286257158175	1	FALSE	254.370633650191	205.473633650191	198.528078500697	208.5805279689
3	I10277	1	242.156609084009	234.320420346429	249.992797821589	-418.643788362879	-11.3681080613834	1	FALSE	252.763667134795	188.946667134795	160.029801833838	190.188554721369
3	I10278	1	242.156609084009	234.320420346429	249.992797821589	-418.643788362879	-10.5305241791208	1	FALSE	237.95453224335	177.81353224335	159.929565317309	190.667783993122
3	I10280	1	242.156609084009	234.320420346429	249.992797821589	-418.643788362879	-12.3711843804125	1	FALSE	230.419316694563	178.965316694563	160.2993553047	190.236142550234
3	I10283	1	242.156609084009	234.320420346429	249.992797821589	-418.643788362879	-9.85821571883632	1	FALSE	245.089588218001	190.826588218001	160.734114388802	190.06143215366
3	I10284	1	242.156609084009	234.320420346429	249.992797821589	-418.643788362879	-8.60028041302477	1	FALSE	242.05351913042	171.71951913042	159.714801070679	189.808756213607
3	I10285	2	254.597341010451	247.265010322847	261.929671698055	-418.643788362879	-11.0554994028519	1	FALSE	245.701198623763	188.570198623763	163.400745329438	190.761704017808
3	I10286	1	242.156609084009	234.320420346429	249.992797821589	-418.643788362879	-9.61545644641819	1	FALSE	246.531843314841	187.269843314841	160.064277285419	190.07931911108
3	I11248	1	242.156609084009	234.320420346429	249.992797821589	-418.643788362879	-9.57285503411183	1	FALSE	242.770958568488	184.373958568488	167.506566696934	194.085013141323
3	I11249	1	242.156609084009	234.320420346429	249.992797821589	-418.643788362879	-8.50706607412634	1	FALSE	242.821756350677	188.209756350677	166.731440914529	194.136748910283
3	I11300	1	242.156609084009	234.320420346429	249.992797821589	-418.643788362879	-16.2132794858698	1	FALSE	215.481664658399	194.158664658399	167.133651309248	194.043627784953
3	I11301	1	242.156609084009	234.320420346429	249.992797821589	-418.643788362879	-8.59475104460613	1	FALSE	242.352227989484	191.491227989484	167.467411758678	193.767552822828
3	I11305	1	242.156609084009	234.320420346429	249.992797821589	-418.643788362879	-11.7042554913309	1	FALSE	237.569671366992	182.668671366992	163.082413325547	190.59541526024
3	I11306	1	242.156609084009	234.320420346429	249.992797821589	-418.643788362879	-8.65877858694316	1	FALSE	238.860119101963	184.330119101963	160.700485620015	190.491444854499
3	I3214	3	284.574928601093	268.279014490824	300.870842711362	-418.643788362879	-13.8269301231105	1	FALSE	275.64260926698	191.03860926698	180.658843237117	190.800220868551
3	I7549	3	284.574928601093	268.279014490824	300.870842711362	-418.643788362879	-14.2595356830968	1	FALSE	308.691313785064	204.901313785064	202.090270718493	222.705716521596
3	I7550	2	254.597341010451	247.265010322847	261.929671698055	-418.643788362879	-7.64944302522336	1	FALSE	255.372084919313	233.657084919313	203.046782830581	237.252076030875
3	I7594	3	284.574928601093	268.279014490824	300.870842711362	-418.643788362879	-12.2966452541798	1	FALSE	285.992086819691	191.498086819691	189.783148939821	195.181361058993
3	I7598	3	284.574928601093	268.279014490824	300.870842711362	-418.643788362879	-31.738617325099	1	FALSE	382.869344608833	198.185344608833	190.258987382308	199.043789839576
3	I7600	3	284.574928601093	268.279014490824	300.870842711362	-418.643788362879	-12.0029658200211	1	FALSE	282.963884313168	205.438884313168	189.769826421564	211.951484791914
3	I7601	1	242.156609084009	234.320420346429	249.992797821589	-418.643788362879	-9.32614125553841	1	FALSE	235.857638032317	199.701638032317	195.511860355747	200.216718361813
3	I7602	2	254.597341010451	247.265010322847	261.929671698055	-418.643788362879	-11.1231653221711	1	FALSE	246.012430749035	186.137430749035	166.968129326789	193.803628001894
3	I7603	1	242.156609084009	234.320420346429	249.992797821589	-418.643788362879	-10.1437171482702	1	FALSE	251.712807213355	190.462807213355	166.912070065238	193.474028059947
3	I7604	3	284.574928601093	268.279014490824	300.870842711362	-418.643788362879	-15.6464890404841	1	FALSE	262.318453417355	181.820453417355	166.914259343009	193.677510008482
3	I7605	3	284.574928601093	268.279014490824	300.870842711362	-418.643788362879	-10.5914640069244	1	FALSE	285.226446839058	193.028446839058	167.163155513949	194.009364417455
3	I7606	1	242.156609084009	234.320420346429	249.992797821589	-418.643788362879	-9.87711209398674	1	FALSE	248.841340707996	166.168340707996	166.618215587722	193.703661499811
3	I7642	1	242.156609084009	234.320420346429	249.992797821589	-418.643788362879	-10.2681463569451	1	FALSE	251.024324746351	169.886324746351	168.434162075138	173.330214665904
3	I7643	3	284.574928601093	268.279014490824	300.870842711362	-418.643788362879	-14.7083534072553	1	FALSE	287.782918643654	202.373918643654	202.41215383002	210.839068333714
3	I7644	2	254.597341010451	247.265010322847	261.929671698055	-418.643788362879	-9.00881818094137	1	FALSE	261.573097496544	193.371097496544	190.590337373	199.271205424589
3	I7647	3	284.574928601093	268.279014490824	300.870842711362	-418.643788362879	-15.5292463695169	1	FALSE	312.976611539267	196.499611539267	189.3565733169	213.742358832137
3	I8134	2	254.597341010451	247.265010322847	261.929671698055	-418.643788362879	-8.32629155876464	1	FALSE	260.616378052194	219.088378052194	199.627463258117	235.074232469612
3	I8567	3	284.574928601093	268.279014490824	300.870842711362	-418.643788362879	-12.1929477099708	1	FALSE	272.719537718817	188.262537718817	187.753204751352	194.526212986758
3	I8568	1	242.156609084009	234.320420346429	249.992797821589	-418.643788362879	-9.13144629995824	1	FALSE	245.614207830251	192.817207830251	189.555368367533	194.391061905596
4	ELT002_merged	3	269.255898370751	259.015847036901	279.495949704601	-383.111754185104	-11.8233502304324	1	FALSE	263.773989499038	206.704989499038	200.7116859676	210.185941372052
4	ELT006_merged	1	235.764084871115	225.783563666128	245.744606076102	-383.111754185104	-9.00790132491586	1	FALSE	238.989638681751	202.658638681751	202.522076156958	210.444180469866
4	I0405	3	269.255898370751	259.015847036901	279.495949704601	-383.111754185104	-9.03128567174008	1	FALSE	271.949838846747	208.633838846747	198.57017034434	208.633838846747
4	I0406	1	235.764084871115	225.783563666128	245.744606076102	-383.111754185104	-8.76930060483804	1	FALSE	238.304306009574	198.239306009574	198.500925289825	208.617917641199
4	I0407	2	246.868213394337	239.627140990874	254.109285797801	-383.111754185104	-7.28129044294897	1	FALSE	249.140125037689	200.243125037689	198.463869325289	208.762531906208
4	I10277	1	235.764084871115	225.783563666128	245.744606076102	-383.111754185104	-11.4963407394324	1	FALSE	248.700255852453	184.883255852453	160.19872268113	190.596847084817
4	I10278	1	235.764084871115	225.783563666128	245.744606076102	-383.111754185104	-11.4376466864113	1	FALSE	222.803605715117	162.662605715117	160.10514731918	190.20820003163
4	I10280	1	235.764084871115	225.783563666128	245.744606076102	-383.111754185104	-11.3274586883888	1	FALSE	232.267342742788	180.813342742788	160.241853922239	190.186411119981
4	I10283	1	235.764084871115	225.783563666128	245.744606076102	-383.111754185104	-11.2503879245162	1	FALSE	222.400651987074	168.137651987074	160.202409127461	190.334114520686
4	I10284	1	235.764084871115	225.783563666128	245.744606076102	-383.111754185104	-8.94622365746193	1	FALSE	239.996079261616	169.662079261616	160.172151924593	190.360846828304
4	I10285	2	246.868213394337	239.627140990874	254.109285797801	-383.111754185104	-6.50345070969765	1	FALSE	244.981116970783	187.850116970783	161.938690501431	190.183132217499
4	I10286	1	235.764084871115	225.783563666128	245.744606076102	-383.111754185104	-9.20851450380464	1	FALSE	235.730164969369	176.468164969369	160.372629812981	190.120971669032
4	I11248	2	246.868213394337	239.627140990874	254.109285797801	-383.111754185104	-7.61354847416306	1	FALSE	243.83161951028	185.43461951028	167.266528581136	193.56209552614
4	I11249	1	235.764084871115	225.783563666128	245.744606076102	-383.111754185104	-9.01725621617784	1	FALSE	240.321763657568	185.709763657568	166.915583783495	193.672150167237
4	I11300	1	235.764084871115	225.783563666128	245.744606076102	-383.111754185104	-16.1808068950681	1	FALSE	207.880708381276	186.557708381276	167.18230739053	194.172346712023
4	I11301	1	235.764084871115	225.783563666128	245.744606076102	-383.111754185104	-9.31567509318598	1	FALSE	234.201593434072	183.340593434072	167.875344126619	194.070456663446
4	I11305	2	246.868213394337	239.627140990874	254.109285797801	-383.111754185104	-7.09724562968533	1	FALSE	243.408959624986	188.507959624986	161.968501588167	190.580084917435
4	I11306	1	235.764084871115	225.783563666128	245.744606076102	-383.111754185104	-9.83066810095914	1	FALSE	228.30869434505	173.77869434505	160.171442261032	190.42093489976
4	I3214	3	269.255898370751	259.015847036901	279.495949704601	-383.111754185104	-8.83869924023264	1	FALSE	268.337574034081	183.733574034081	180.68755734951	190.606550906856
4	I7549	4	329.131511040416	287.163796340273	371.09922574056	-383.111754185104	-15.1993529734413	1	FALSE	325.511185620741	221.721185620741	202.173912519356	222.770176692533
4	I7550	2	246.868213394337	239.627140990874	254.109285797801	-383.111754185104	-7.77339076644882	1	FALSE	247.69473827755	225.97973827755	200.897517145973	236.020077534652
4	I7594	3	269.255898370751	259.015847036901	279.495949704601	-383.111754185104	-12.8427638038416	1	FALSE	285.486108634008	190.992108634008	189.889766240958	195.212242142963
4	I7598	4	329.131511040416	287.163796340273	371.09922574056	-383.111754185104	-15.7518248578324	1	FALSE	374.694771728952	190.010771728952	190.252952032357	199.0595150561
4	I7600	3	269.255898370751	259.015847036901	279.495949704601	-383.111754185104	-9.0380622798423	1	FALSE	271.373008205532	193.848008205532	189.745722939759	210.734751847589
4	I7601	1	235.764084871115	225.783563666128	245.744606076102	-383.111754185104	-8.72338097062628	1	FALSE	234.894681638248	198.738681638248	195.471578258859	200.240498981771
4	I7602	2	246.868213394337	239.627140990874	254.109285797801	-383.111754185104	-6.50357398716255	1	FALSE	248.335905131485	188.460905131485	167.147455510484	193.470444549208
4	I7603	1	235.764084871115	225.783563666128	245.744606076102	-383.111754185104	-8.85769469442563	1	FALSE	237.538294160207	176.288294160207	166.549386688775	194.100726182972
4	I7604	3	269.255898370751	259.015847036901	279.495949704601	-383.111754185104	-9.7006937232248	1	FALSE	268.009709784823	187.511709784823	166.871825129493	193.860138440505
4	I7605	3	269.255898370751	259.015847036901	279.495949704601	-383.111754185104	-11.8702826519607	1	FALSE	269.051266930474	176.853266930474	166.615815138046	194.192532194013
4	I7606	3	269.255898370751	259.015847036901	279.495949704601	-383.111754185104	-9.89427651017242	1	FALSE	275.686865227944	193.013865227944	166.916453993514	193.814747108679
4	I7642	1	235.764084871115	225.783563666128	245.744606076102	-383.111754185104	-12.5880619610995	1	FALSE	253.320585774289	172.182585774289	168.401885540474	173.28480234393
4	I7643	4	329.131511040416	287.163796340273	371.09922574056	-383.111754185104	-15.2032406103455	1	FALSE	287.659190373244	202.250190373244	202.407805631633	210.846188971981
4	I7644	3	269.255898370751	259.015847036901	279.495949704601	-383.111754185104	-10.2965140299519	1	FALSE	265.212497522341	197.010497522341	190.611264348612	199.363538116449
4	I7647	4	329.131511040416	287.163796340273	371.09922574056	-383.111754185104	-13.4589586184311	1	FALSE	313.144235443934	196.667235443934	189.697190437915	213.516682259832
4	I8134	2	246.868213394337	239.627140990874	254.109285797801	-383.111754185104	-8.13662406415663	1	FALSE	252.566202807374	211.038202807374	198.815198511251	235.052892460558
4	I8567	3	269.255898370751	259.015847036901	279.495949704601	-383.111754185104	-14.2695726731299	1	FALSE	278.740131347038	194.283131347038	187.689998922329	194.432037729587
4	I8568	2	246.868213394337	239.627140990874	254.109285797801	-383.111754185104	-9.02643417495079	1	FALSE	242.860653208274	190.063653208274	189.538936928532	194.366856482612
