# CLUSTERING STRENGTH + LIKELIHOOD K SELECTION RESULTS (DATES)
# Recommended K: 2
# Method: DATES
# Clustering strength threshold: 0.983
# Likelihood thresholds: k1 to k2(k=2):1.2 k1 to k2(k=3):2.59 k2 to k3:0.71 k3 to k4:0.49
#
model_k	pop	cluster	joint_date_est_best	joint_date_lowerci	joint_date_upperci	likelihood_mean	likelihood_per_ind	recommended_k	is_recommended	ind_date_est	sample_age_est_best	sample_age_lowerci_mean	sample_age_upperci_mean
1	africaeurope_30gen10gen_rep1	1	32.0853708037333	30.9905493784978	33.1801922289688	-2320.69635239892	-4.60586967194259	2	FALSE	31.33	0	NA	NA
1	africaeurope_30gen10gen_rep10	1	32.0853708037333	30.9905493784978	33.1801922289688	-2320.69635239892	-16.071807621417	2	FALSE	21.512	0	NA	NA
1	africaeurope_30gen10gen_rep11	1	32.0853708037333	30.9905493784978	33.1801922289688	-2320.69635239892	-168.339810455152	2	FALSE	11.603	0	NA	NA
1	africaeurope_30gen10gen_rep12	1	32.0853708037333	30.9905493784978	33.1801922289688	-2320.69635239892	-54.9416311330009	2	FALSE	17.749	0	NA	NA
1	africaeurope_30gen10gen_rep13	1	32.0853708037333	30.9905493784978	33.1801922289688	-2320.69635239892	-13.0142197761418	2	FALSE	24.772	0	NA	NA
1	africaeurope_30gen10gen_rep14	1	32.0853708037333	30.9905493784978	33.1801922289688	-2320.69635239892	-57.3298065794883	2	FALSE	18.38	0	NA	NA
1	africaeurope_30gen10gen_rep15	1	32.0853708037333	30.9905493784978	33.1801922289688	-2320.69635239892	-7.59392027907828	2	FALSE	29.545	0	NA	NA
1	africaeurope_30gen10gen_rep16	1	32.0853708037333	30.9905493784978	33.1801922289688	-2320.69635239892	-19.2235417225103	2	FALSE	21.933	0	NA	NA
1	africaeurope_30gen10gen_rep17	1	32.0853708037333	30.9905493784978	33.1801922289688	-2320.69635239892	-65.0313330436248	2	FALSE	16.321	0	NA	NA
1	africaeurope_30gen10gen_rep18	1	32.0853708037333	30.9905493784978	33.1801922289688	-2320.69635239892	-22.6955738563251	2	FALSE	24.383	0	NA	NA
1	africaeurope_30gen10gen_rep19	1	32.0853708037333	30.9905493784978	33.1801922289688	-2320.69635239892	-14.1663647301121	2	FALSE	25.252	0	NA	NA
1	africaeurope_30gen10gen_rep2	1	32.0853708037333	30.9905493784978	33.1801922289688	-2320.69635239892	-19.5016771396908	2	FALSE	20.133	0	NA	NA
1	africaeurope_30gen10gen_rep20	1	32.0853708037333	30.9905493784978	33.1801922289688	-2320.69635239892	-96.808350529497	2	FALSE	18.796	0	NA	NA
1	africaeurope_30gen10gen_rep21	1	32.0853708037333	30.9905493784978	33.1801922289688	-2320.69635239892	-4.62031051527708	2	FALSE	31.39	0	NA	NA
1	africaeurope_30gen10gen_rep22	1	32.0853708037333	30.9905493784978	33.1801922289688	-2320.69635239892	-7.82100919102815	2	FALSE	29.006	0	NA	NA
1	africaeurope_30gen10gen_rep23	1	32.0853708037333	30.9905493784978	33.1801922289688	-2320.69635239892	-14.3629743045607	2	FALSE	23.37	0	NA	NA
1	africaeurope_30gen10gen_rep24	1	32.0853708037333	30.9905493784978	33.1801922289688	-2320.69635239892	-113.392954088025	2	FALSE	15.462	0	NA	NA
1	africaeurope_30gen10gen_rep25	1	32.0853708037333	30.9905493784978	33.1801922289688	-2320.69635239892	-13.8127004646218	2	FALSE	23.918	0	NA	NA
1	africaeurope_30gen10gen_rep26	1	32.0853708037333	30.9905493784978	33.1801922289688	-2320.69635239892	-13.062097165919	2	FALSE	27.417	0	NA	NA
1	africaeurope_30gen10gen_rep27	1	32.0853708037333	30.9905493784978	33.1801922289688	-2320.69635239892	-85.1272801672298	2	FALSE	14.843	0	NA	NA
1	africaeurope_30gen10gen_rep28	1	32.0853708037333	30.9905493784978	33.1801922289688	-2320.69635239892	-28.290864394785	2	FALSE	21.763	0	NA	NA
1	africaeurope_30gen10gen_rep29	1	32.0853708037333	30.9905493784978	33.1801922289688	-2320.69635239892	-23.3292062767612	2	FALSE	17.572	0	NA	NA
1	africaeurope_30gen10gen_rep3	1	32.0853708037333	30.9905493784978	33.1801922289688	-2320.69635239892	-44.416459343177	2	FALSE	17.579	0	NA	NA
1	africaeurope_30gen10gen_rep30	1	32.0853708037333	30.9905493784978	33.1801922289688	-2320.69635239892	-29.3282983802526	2	FALSE	16.611	0	NA	NA
1	africaeurope_30gen10gen_rep4	1	32.0853708037333	30.9905493784978	33.1801922289688	-2320.69635239892	-76.9846331878166	2	FALSE	16.07	0	NA	NA
1	africaeurope_30gen10gen_rep5	1	32.0853708037333	30.9905493784978	33.1801922289688	-2320.69635239892	-27.5769945237151	2	FALSE	20.298	0	NA	NA
1	africaeurope_30gen10gen_rep6	1	32.0853708037333	30.9905493784978	33.1801922289688	-2320.69635239892	-52.5061597489309	2	FALSE	23.323	0	NA	NA
1	africaeurope_30gen10gen_rep7	1	32.0853708037333	30.9905493784978	33.1801922289688	-2320.69635239892	-15.917934932138	2	FALSE	21.8	0	NA	NA
1	africaeurope_30gen10gen_rep8	1	32.0853708037333	30.9905493784978	33.1801922289688	-2320.69635239892	-78.6538527892311	2	FALSE	20.051	0	NA	NA
1	africaeurope_30gen10gen_rep9	1	32.0853708037333	30.9905493784978	33.1801922289688	-2320.69635239892	-9.7037305672544	2	FALSE	26.918	0	NA	NA
1	africaeurope_5050_30gen_0.510	1	32.0853708037333	30.9905493784978	33.1801922289688	-2320.69635239892	-27.9125035743582	2	FALSE	40.099	10	NA	NA
1	africaeurope_5050_30gen_0.511	1	32.0853708037333	30.9905493784978	33.1801922289688	-2320.69635239892	-6.14009678773179	2	FALSE	34.21	10	NA	NA
1	africaeurope_5050_30gen_0.512	1	32.0853708037333	30.9905493784978	33.1801922289688	-2320.69635239892	-40.8392590103902	2	FALSE	46.885	10	NA	NA
1	africaeurope_5050_30gen_0.513	1	32.0853708037333	30.9905493784978	33.1801922289688	-2320.69635239892	-63.9903679590301	2	FALSE	50.951	10	NA	NA
1	africaeurope_5050_30gen_0.514	1	32.0853708037333	30.9905493784978	33.1801922289688	-2320.69635239892	-23.0391094227376	2	FALSE	39.077	10	NA	NA
1	africaeurope_5050_30gen_0.515	1	32.0853708037333	30.9905493784978	33.1801922289688	-2320.69635239892	-20.2256046330474	2	FALSE	40.705	10	NA	NA
1	africaeurope_5050_30gen_0.516	1	32.0853708037333	30.9905493784978	33.1801922289688	-2320.69635239892	-21.807672638549	2	FALSE	41.57	10	NA	NA
1	africaeurope_5050_30gen_0.517	1	32.0853708037333	30.9905493784978	33.1801922289688	-2320.69635239892	-32.7406394915623	2	FALSE	42.466	10	NA	NA
1	africaeurope_5050_30gen_0.518	1	32.0853708037333	30.9905493784978	33.1801922289688	-2320.69635239892	-22.23648752794	2	FALSE	40.446	10	NA	NA
1	africaeurope_5050_30gen_0.519	1	32.0853708037333	30.9905493784978	33.1801922289688	-2320.69635239892	-8.08839670406196	2	FALSE	35.373	10	NA	NA
1	africaeurope_5050_30gen_0.51	1	32.0853708037333	30.9905493784978	33.1801922289688	-2320.69635239892	-10.7932713946685	2	FALSE	32.467	10	NA	NA
1	africaeurope_5050_30gen_0.520	1	32.0853708037333	30.9905493784978	33.1801922289688	-2320.69635239892	-24.6633773004092	2	FALSE	42.292	10	NA	NA
1	africaeurope_5050_30gen_0.521	1	32.0853708037333	30.9905493784978	33.1801922289688	-2320.69635239892	-30.8880570176742	2	FALSE	43.885	10	NA	NA
1	africaeurope_5050_30gen_0.522	1	32.0853708037333	30.9905493784978	33.1801922289688	-2320.69635239892	-70.2996826538348	2	FALSE	53.509	10	NA	NA
1	africaeurope_5050_30gen_0.523	1	32.0853708037333	30.9905493784978	33.1801922289688	-2320.69635239892	-9.0562887514841	2	FALSE	29.307	10	NA	NA
1	africaeurope_5050_30gen_0.524	1	32.0853708037333	30.9905493784978	33.1801922289688	-2320.69635239892	-30.8850575731173	2	FALSE	47.074	10	NA	NA
1	africaeurope_5050_30gen_0.525	1	32.0853708037333	30.9905493784978	33.1801922289688	-2320.69635239892	-69.0586468195065	2	FALSE	42.446	10	NA	NA
1	africaeurope_5050_30gen_0.526	1	32.0853708037333	30.9905493784978	33.1801922289688	-2320.69635239892	-59.1864875820789	2	FALSE	43.086	10	NA	NA
1	africaeurope_5050_30gen_0.527	1	32.0853708037333	30.9905493784978	33.1801922289688	-2320.69635239892	-39.75454687864	2	FALSE	44.153	10	NA	NA
1	africaeurope_5050_30gen_0.528	1	32.0853708037333	30.9905493784978	33.1801922289688	-2320.69635239892	-22.6816053538119	2	FALSE	40.049	10	NA	NA
1	africaeurope_5050_30gen_0.529	1	32.0853708037333	30.9905493784978	33.1801922289688	-2320.69635239892	-67.8168643032506	2	FALSE	45.071	10	NA	NA
1	africaeurope_5050_30gen_0.52	1	32.0853708037333	30.9905493784978	33.1801922289688	-2320.69635239892	-11.5936388952144	2	FALSE	37.762	10	NA	NA
1	africaeurope_5050_30gen_0.530	1	32.0853708037333	30.9905493784978	33.1801922289688	-2320.69635239892	-6.08644958179266	2	FALSE	34.08	10	NA	NA
1	africaeurope_5050_30gen_0.53	1	32.0853708037333	30.9905493784978	33.1801922289688	-2320.69635239892	-7.0218986582635	2	FALSE	35.293	10	NA	NA
1	africaeurope_5050_30gen_0.54	1	32.0853708037333	30.9905493784978	33.1801922289688	-2320.69635239892	-49.7718627238018	2	FALSE	44.162	10	NA	NA
1	africaeurope_5050_30gen_0.55	1	32.0853708037333	30.9905493784978	33.1801922289688	-2320.69635239892	-166.049953642748	2	FALSE	51.561	10	NA	NA
1	africaeurope_5050_30gen_0.56	1	32.0853708037333	30.9905493784978	33.1801922289688	-2320.69635239892	-52.9986927869524	2	FALSE	43.901	10	NA	NA
1	africaeurope_5050_30gen_0.57	1	32.0853708037333	30.9905493784978	33.1801922289688	-2320.69635239892	-85.6545227520262	2	FALSE	46.416	10	NA	NA
1	africaeurope_5050_30gen_0.58	1	32.0853708037333	30.9905493784978	33.1801922289688	-2320.69635239892	-14.8379727878534	2	FALSE	38.291	10	NA	NA
1	africaeurope_5050_30gen_0.59	1	32.0853708037333	30.9905493784978	33.1801922289688	-2320.69635239892	-26.3459706136757	2	FALSE	39.087	10	NA	NA
2	africaeurope_30gen10gen_rep1	1	22.3349964410493	20.8001964254222	23.8697964566764	-742.179983035118	-26.1430554854923	2	TRUE	31.33	0	0	0
2	africaeurope_30gen10gen_rep10	1	22.3349964410493	20.8001964254222	23.8697964566764	-742.179983035118	-8.46345135586603	2	TRUE	21.512	0	0	0
2	africaeurope_30gen10gen_rep11	1	22.3349964410493	20.8001964254222	23.8697964566764	-742.179983035118	-49.6916958872768	2	TRUE	11.603	0	0	0
2	africaeurope_30gen10gen_rep12	1	22.3349964410493	20.8001964254222	23.8697964566764	-742.179983035118	-9.78303718316416	2	TRUE	17.749	0	0	0
2	africaeurope_30gen10gen_rep13	1	22.3349964410493	20.8001964254222	23.8697964566764	-742.179983035118	-6.7898242108634	2	TRUE	24.772	0	0	0
2	africaeurope_30gen10gen_rep14	1	22.3349964410493	20.8001964254222	23.8697964566764	-742.179983035118	-8.93352158648187	2	TRUE	18.38	0	0	0
2	africaeurope_30gen10gen_rep15	1	22.3349964410493	20.8001964254222	23.8697964566764	-742.179983035118	-29.6817328185249	2	TRUE	29.545	0	0	0
2	africaeurope_30gen10gen_rep16	1	22.3349964410493	20.8001964254222	23.8697964566764	-742.179983035118	-6.07163475689384	2	TRUE	21.933	0	0	0
2	africaeurope_30gen10gen_rep17	1	22.3349964410493	20.8001964254222	23.8697964566764	-742.179983035118	-13.4340041221368	2	TRUE	16.321	0	0	0
2	africaeurope_30gen10gen_rep18	1	22.3349964410493	20.8001964254222	23.8697964566764	-742.179983035118	-5.80469135215153	2	TRUE	24.383	0	0	0
2	africaeurope_30gen10gen_rep19	1	22.3349964410493	20.8001964254222	23.8697964566764	-742.179983035118	-6.62144759671778	2	TRUE	25.252	0	0	0
2	africaeurope_30gen10gen_rep2	1	22.3349964410493	20.8001964254222	23.8697964566764	-742.179983035118	-7.91938023449938	2	TRUE	20.133	0	0	0
2	africaeurope_30gen10gen_rep20	1	22.3349964410493	20.8001964254222	23.8697964566764	-742.179983035118	-11.8660817670264	2	TRUE	18.796	0	0	0
2	africaeurope_30gen10gen_rep21	1	22.3349964410493	20.8001964254222	23.8697964566764	-742.179983035118	-25.7746958864376	2	TRUE	31.39	0	0	0
2	africaeurope_30gen10gen_rep22	1	22.3349964410493	20.8001964254222	23.8697964566764	-742.179983035118	-21.2035362122295	2	TRUE	29.006	0	0	0
2	africaeurope_30gen10gen_rep23	1	22.3349964410493	20.8001964254222	23.8697964566764	-742.179983035118	-7.21731448829937	2	TRUE	23.37	0	0	0
2	africaeurope_30gen10gen_rep24	1	22.3349964410493	20.8001964254222	23.8697964566764	-742.179983035118	-23.3181738543743	2	TRUE	15.462	0	0	0
2	africaeurope_30gen10gen_rep25	1	22.3349964410493	20.8001964254222	23.8697964566764	-742.179983035118	-6.98736477557545	2	TRUE	23.918	0	0	0
2	africaeurope_30gen10gen_rep26	1	22.3349964410493	20.8001964254222	23.8697964566764	-742.179983035118	-15.0515929603554	2	TRUE	27.417	0	0	0
2	africaeurope_30gen10gen_rep27	1	22.3349964410493	20.8001964254222	23.8697964566764	-742.179983035118	-19.7798433079997	2	TRUE	14.843	0	0	0
2	africaeurope_30gen10gen_rep28	1	22.3349964410493	20.8001964254222	23.8697964566764	-742.179983035118	-4.83015341209273	2	TRUE	21.763	0	0	0
2	africaeurope_30gen10gen_rep29	1	22.3349964410493	20.8001964254222	23.8697964566764	-742.179983035118	-9.66053656783336	2	TRUE	17.572	0	0	0
2	africaeurope_30gen10gen_rep3	1	22.3349964410493	20.8001964254222	23.8697964566764	-742.179983035118	-9.26996497938678	2	TRUE	17.579	0	0	0
2	africaeurope_30gen10gen_rep30	1	22.3349964410493	20.8001964254222	23.8697964566764	-742.179983035118	-10.085478633724	2	TRUE	16.611	0	0	0
2	africaeurope_30gen10gen_rep4	1	22.3349964410493	20.8001964254222	23.8697964566764	-742.179983035118	-15.6327082919364	2	TRUE	16.07	0	0	0
2	africaeurope_30gen10gen_rep5	1	22.3349964410493	20.8001964254222	23.8697964566764	-742.179983035118	-6.07025777115241	2	TRUE	20.298	0	0	0
2	africaeurope_30gen10gen_rep6	1	22.3349964410493	20.8001964254222	23.8697964566764	-742.179983035118	-6.63628163465769	2	TRUE	23.323	0	0	0
2	africaeurope_30gen10gen_rep7	1	22.3349964410493	20.8001964254222	23.8697964566764	-742.179983035118	-8.1182756063334	2	TRUE	21.8	0	0	0
2	africaeurope_30gen10gen_rep8	1	22.3349964410493	20.8001964254222	23.8697964566764	-742.179983035118	-7.9314870321123	2	TRUE	20.051	0	0	0
2	africaeurope_30gen10gen_rep9	1	22.3349964410493	20.8001964254222	23.8697964566764	-742.179983035118	-8.68678956114805	2	TRUE	26.918	0	0	0
2	africaeurope_5050_30gen_0.510	2	42.1868061868625	40.6246203550129	43.748992018712	-742.179983035118	-5.60461289339263	2	TRUE	40.099	10	10	10
2	africaeurope_5050_30gen_0.511	2	42.1868061868625	40.6246203550129	43.748992018712	-742.179983035118	-16.2656603177026	2	TRUE	34.21	10	10	10
2	africaeurope_5050_30gen_0.512	2	42.1868061868625	40.6246203550129	43.748992018712	-742.179983035118	-9.23268954806152	2	TRUE	46.885	10	10	10
2	africaeurope_5050_30gen_0.513	2	42.1868061868625	40.6246203550129	43.748992018712	-742.179983035118	-18.2247290404093	2	TRUE	50.951	10	10	10
2	africaeurope_5050_30gen_0.514	2	42.1868061868625	40.6246203550129	43.748992018712	-742.179983035118	-7.74654199881212	2	TRUE	39.077	10	10	10
2	africaeurope_5050_30gen_0.515	2	42.1868061868625	40.6246203550129	43.748992018712	-742.179983035118	-5.23420484741566	2	TRUE	40.705	10	10	10
2	africaeurope_5050_30gen_0.516	2	42.1868061868625	40.6246203550129	43.748992018712	-742.179983035118	-5.21027794998002	2	TRUE	41.57	10	10	10
2	africaeurope_5050_30gen_0.517	2	42.1868061868625	40.6246203550129	43.748992018712	-742.179983035118	-4.21649185384904	2	TRUE	42.466	10	10	10
2	africaeurope_5050_30gen_0.518	2	42.1868061868625	40.6246203550129	43.748992018712	-742.179983035118	-5.028047281902	2	TRUE	40.446	10	10	10
2	africaeurope_5050_30gen_0.519	2	42.1868061868625	40.6246203550129	43.748992018712	-742.179983035118	-12.6319421668451	2	TRUE	35.373	10	10	10
2	africaeurope_5050_30gen_0.51	1	22.3349964410493	20.8001964254222	23.8697964566764	-742.179983035118	-14.5154254381407	2	TRUE	32.467	10	10	10
2	africaeurope_5050_30gen_0.520	2	42.1868061868625	40.6246203550129	43.748992018712	-742.179983035118	-5.09544985735939	2	TRUE	42.292	10	10	10
2	africaeurope_5050_30gen_0.521	2	42.1868061868625	40.6246203550129	43.748992018712	-742.179983035118	-5.67974174094974	2	TRUE	43.885	10	10	10
2	africaeurope_5050_30gen_0.522	2	42.1868061868625	40.6246203550129	43.748992018712	-742.179983035118	-24.2631248256845	2	TRUE	53.509	10	10	10
2	africaeurope_5050_30gen_0.523	1	22.3349964410493	20.8001964254222	23.8697964566764	-742.179983035118	-31.9301835037027	2	TRUE	29.307	10	10	10
2	africaeurope_5050_30gen_0.524	2	42.1868061868625	40.6246203550129	43.748992018712	-742.179983035118	-10.203529405047	2	TRUE	47.074	10	10	10
2	africaeurope_5050_30gen_0.525	2	42.1868061868625	40.6246203550129	43.748992018712	-742.179983035118	-5.57891643986847	2	TRUE	42.446	10	10	10
2	africaeurope_5050_30gen_0.526	2	42.1868061868625	40.6246203550129	43.748992018712	-742.179983035118	-4.71533641887583	2	TRUE	43.086	10	10	10
2	africaeurope_5050_30gen_0.527	2	42.1868061868625	40.6246203550129	43.748992018712	-742.179983035118	-5.29537479299798	2	TRUE	44.153	10	10	10
2	africaeurope_5050_30gen_0.528	2	42.1868061868625	40.6246203550129	43.748992018712	-742.179983035118	-5.3768907106394	2	TRUE	40.049	10	10	10
2	africaeurope_5050_30gen_0.529	2	42.1868061868625	40.6246203550129	43.748992018712	-742.179983035118	-7.15418166692911	2	TRUE	45.071	10	10	10
2	africaeurope_5050_30gen_0.52	2	42.1868061868625	40.6246203550129	43.748992018712	-742.179983035118	-8.83121459117276	2	TRUE	37.762	10	10	10
2	africaeurope_5050_30gen_0.530	2	42.1868061868625	40.6246203550129	43.748992018712	-742.179983035118	-32.3426718944063	2	TRUE	34.08	10	10	10
2	africaeurope_5050_30gen_0.53	2	42.1868061868625	40.6246203550129	43.748992018712	-742.179983035118	-14.4552236464761	2	TRUE	35.293	10	10	10
2	africaeurope_5050_30gen_0.54	2	42.1868061868625	40.6246203550129	43.748992018712	-742.179983035118	-5.20737065732224	2	TRUE	44.162	10	10	10
2	africaeurope_5050_30gen_0.55	2	42.1868061868625	40.6246203550129	43.748992018712	-742.179983035118	-41.6624297609631	2	TRUE	51.561	10	10	10
2	africaeurope_5050_30gen_0.56	2	42.1868061868625	40.6246203550129	43.748992018712	-742.179983035118	-4.99895269448487	2	TRUE	43.901	10	10	10
2	africaeurope_5050_30gen_0.57	2	42.1868061868625	40.6246203550129	43.748992018712	-742.179983035118	-11.1628557936613	2	TRUE	46.416	10	10	10
2	africaeurope_5050_30gen_0.58	2	42.1868061868625	40.6246203550129	43.748992018712	-742.179983035118	-8.24623839398677	2	TRUE	38.291	10	10	10
2	africaeurope_5050_30gen_0.59	2	42.1868061868625	40.6246203550129	43.748992018712	-742.179983035118	-8.61165957133586	2	TRUE	39.087	10	10	10
3	africaeurope_30gen10gen_rep1	2	30.2332212171695	27.9640007466092	32.5024416877297	-520.132493741543	-4.87256751106661	2	FALSE	31.33	0	0	0
3	africaeurope_30gen10gen_rep10	1	18.8725591381608	16.9737842707074	20.7713340056142	-520.132493741543	-8.8525024898963	2	FALSE	21.512	0	0	0
3	africaeurope_30gen10gen_rep11	1	18.8725591381608	16.9737842707074	20.7713340056142	-520.132493741543	-25.6374281103858	2	FALSE	11.603	0	0	0
3	africaeurope_30gen10gen_rep12	1	18.8725591381608	16.9737842707074	20.7713340056142	-520.132493741543	-4.92386403012067	2	FALSE	17.749	0	0	0
3	africaeurope_30gen10gen_rep13	2	30.2332212171695	27.9640007466092	32.5024416877297	-520.132493741543	-9.9990850947269	2	FALSE	24.772	0	0	0
3	africaeurope_30gen10gen_rep14	1	18.8725591381608	16.9737842707074	20.7713340056142	-520.132493741543	-4.65033795178059	2	FALSE	18.38	0	0	0
3	africaeurope_30gen10gen_rep15	2	30.2332212171695	27.9640007466092	32.5024416877297	-520.132493741543	-4.72481611160414	2	FALSE	29.545	0	0	0
3	africaeurope_30gen10gen_rep16	1	18.8725591381608	16.9737842707074	20.7713340056142	-520.132493741543	-7.09469475742346	2	FALSE	21.933	0	0	0
3	africaeurope_30gen10gen_rep17	1	18.8725591381608	16.9737842707074	20.7713340056142	-520.132493741543	-6.20263879172172	2	FALSE	16.321	0	0	0
3	africaeurope_30gen10gen_rep18	1	18.8725591381608	16.9737842707074	20.7713340056142	-520.132493741543	-14.0316516974368	2	FALSE	24.383	0	0	0
3	africaeurope_30gen10gen_rep19	2	30.2332212171695	27.9640007466092	32.5024416877297	-520.132493741543	-9.94891238047259	2	FALSE	25.252	0	0	0
3	africaeurope_30gen10gen_rep2	1	18.8725591381608	16.9737842707074	20.7713340056142	-520.132493741543	-7.58172681055018	2	FALSE	20.133	0	0	0
3	africaeurope_30gen10gen_rep20	1	18.8725591381608	16.9737842707074	20.7713340056142	-520.132493741543	-6.02181506886984	2	FALSE	18.796	0	0	0
3	africaeurope_30gen10gen_rep21	2	30.2332212171695	27.9640007466092	32.5024416877297	-520.132493741543	-4.93912065753631	2	FALSE	31.39	0	0	0
3	africaeurope_30gen10gen_rep22	2	30.2332212171695	27.9640007466092	32.5024416877297	-520.132493741543	-4.90073456193751	2	FALSE	29.006	0	0	0
3	africaeurope_30gen10gen_rep23	1	18.8725591381608	16.9737842707074	20.7713340056142	-520.132493741543	-8.85843895158242	2	FALSE	23.37	0	0	0
3	africaeurope_30gen10gen_rep24	1	18.8725591381608	16.9737842707074	20.7713340056142	-520.132493741543	-9.58909004416951	2	FALSE	15.462	0	0	0
3	africaeurope_30gen10gen_rep25	1	18.8725591381608	16.9737842707074	20.7713340056142	-520.132493741543	-9.20000951947732	2	FALSE	23.918	0	0	0
3	africaeurope_30gen10gen_rep26	2	30.2332212171695	27.9640007466092	32.5024416877297	-520.132493741543	-7.53689458257736	2	FALSE	27.417	0	0	0
3	africaeurope_30gen10gen_rep27	1	18.8725591381608	16.9737842707074	20.7713340056142	-520.132493741543	-8.98755973853186	2	FALSE	14.843	0	0	0
3	africaeurope_30gen10gen_rep28	1	18.8725591381608	16.9737842707074	20.7713340056142	-520.132493741543	-6.54790311731146	2	FALSE	21.763	0	0	0
3	africaeurope_30gen10gen_rep29	1	18.8725591381608	16.9737842707074	20.7713340056142	-520.132493741543	-8.14243434074894	2	FALSE	17.572	0	0	0
3	africaeurope_30gen10gen_rep3	1	18.8725591381608	16.9737842707074	20.7713340056142	-520.132493741543	-5.2581921653641	2	FALSE	17.579	0	0	0
3	africaeurope_30gen10gen_rep30	1	18.8725591381608	16.9737842707074	20.7713340056142	-520.132493741543	-7.46215880578669	2	FALSE	16.611	0	0	0
3	africaeurope_30gen10gen_rep4	1	18.8725591381608	16.9737842707074	20.7713340056142	-520.132493741543	-6.80576353837803	2	FALSE	16.07	0	0	0
3	africaeurope_30gen10gen_rep5	1	18.8725591381608	16.9737842707074	20.7713340056142	-520.132493741543	-5.6093266754343	2	FALSE	20.298	0	0	0
3	africaeurope_30gen10gen_rep6	1	18.8725591381608	16.9737842707074	20.7713340056142	-520.132493741543	-19.1868054691331	2	FALSE	23.323	0	0	0
3	africaeurope_30gen10gen_rep7	1	18.8725591381608	16.9737842707074	20.7713340056142	-520.132493741543	-8.65872053580065	2	FALSE	21.8	0	0	0
3	africaeurope_30gen10gen_rep8	1	18.8725591381608	16.9737842707074	20.7713340056142	-520.132493741543	-6.62701573988015	2	FALSE	20.051	0	0	0
3	africaeurope_30gen10gen_rep9	2	30.2332212171695	27.9640007466092	32.5024416877297	-520.132493741543	-7.4232412382558	2	FALSE	26.918	0	0	0
3	africaeurope_5050_30gen_0.510	3	43.1806702428615	41.520260607957	44.8410798777659	-520.132493741543	-7.39145260925906	2	FALSE	40.099	10	10	10
3	africaeurope_5050_30gen_0.511	2	30.2332212171695	27.9640007466092	32.5024416877297	-520.132493741543	-8.10260558304704	2	FALSE	34.21	10	10	10
3	africaeurope_5050_30gen_0.512	3	43.1806702428615	41.520260607957	44.8410798777659	-520.132493741543	-8.0243509191914	2	FALSE	46.885	10	10	10
3	africaeurope_5050_30gen_0.513	3	43.1806702428615	41.520260607957	44.8410798777659	-520.132493741543	-15.6535425618489	2	FALSE	50.951	10	10	10
3	africaeurope_5050_30gen_0.514	3	43.1806702428615	41.520260607957	44.8410798777659	-520.132493741543	-10.3841533692791	2	FALSE	39.077	10	10	10
3	africaeurope_5050_30gen_0.515	3	43.1806702428615	41.520260607957	44.8410798777659	-520.132493741543	-6.09711959234839	2	FALSE	40.705	10	10	10
3	africaeurope_5050_30gen_0.516	3	43.1806702428615	41.520260607957	44.8410798777659	-520.132493741543	-5.7086771108615	2	FALSE	41.57	10	10	10
3	africaeurope_5050_30gen_0.517	3	43.1806702428615	41.520260607957	44.8410798777659	-520.132493741543	-4.30726613877878	2	FALSE	42.466	10	10	10
3	africaeurope_5050_30gen_0.518	3	43.1806702428615	41.520260607957	44.8410798777659	-520.132493741543	-6.14236015474469	2	FALSE	40.446	10	10	10
3	africaeurope_5050_30gen_0.519	2	30.2332212171695	27.9640007466092	32.5024416877297	-520.132493741543	-9.59929506346923	2	FALSE	35.373	10	10	10
3	africaeurope_5050_30gen_0.51	2	30.2332212171695	27.9640007466092	32.5024416877297	-520.132493741543	-10.4645880565793	2	FALSE	32.467	10	10	10
3	africaeurope_5050_30gen_0.520	3	43.1806702428615	41.520260607957	44.8410798777659	-520.132493741543	-5.32537453413935	2	FALSE	42.292	10	10	10
3	africaeurope_5050_30gen_0.521	3	43.1806702428615	41.520260607957	44.8410798777659	-520.132493741543	-5.32747036215757	2	FALSE	43.885	10	10	10
3	africaeurope_5050_30gen_0.522	3	43.1806702428615	41.520260607957	44.8410798777659	-520.132493741543	-21.4372896803793	2	FALSE	53.509	10	10	10
3	africaeurope_5050_30gen_0.523	2	30.2332212171695	27.9640007466092	32.5024416877297	-520.132493741543	-5.20905118326332	2	FALSE	29.307	10	10	10
3	africaeurope_5050_30gen_0.524	3	43.1806702428615	41.520260607957	44.8410798777659	-520.132493741543	-9.57191467990337	2	FALSE	47.074	10	10	10
3	africaeurope_5050_30gen_0.525	3	43.1806702428615	41.520260607957	44.8410798777659	-520.132493741543	-5.70888982662707	2	FALSE	42.446	10	10	10
3	africaeurope_5050_30gen_0.526	3	43.1806702428615	41.520260607957	44.8410798777659	-520.132493741543	-4.21789224501697	2	FALSE	43.086	10	10	10
3	africaeurope_5050_30gen_0.527	3	43.1806702428615	41.520260607957	44.8410798777659	-520.132493741543	-4.59188883346479	2	FALSE	44.153	10	10	10
3	africaeurope_5050_30gen_0.528	3	43.1806702428615	41.520260607957	44.8410798777659	-520.132493741543	-6.84038039255789	2	FALSE	40.049	10	10	10
3	africaeurope_5050_30gen_0.529	3	43.1806702428615	41.520260607957	44.8410798777659	-520.132493741543	-5.2581356859001	2	FALSE	45.071	10	10	10
3	africaeurope_5050_30gen_0.52	3	43.1806702428615	41.520260607957	44.8410798777659	-520.132493741543	-10.918966377743	2	FALSE	37.762	10	10	10
3	africaeurope_5050_30gen_0.530	2	30.2332212171695	27.9640007466092	32.5024416877297	-520.132493741543	-10.7275152674396	2	FALSE	34.08	10	10	10
3	africaeurope_5050_30gen_0.53	2	30.2332212171695	27.9640007466092	32.5024416877297	-520.132493741543	-10.1965913104647	2	FALSE	35.293	10	10	10
3	africaeurope_5050_30gen_0.54	3	43.1806702428615	41.520260607957	44.8410798777659	-520.132493741543	-4.22337179720156	2	FALSE	44.162	10	10	10
3	africaeurope_5050_30gen_0.55	3	43.1806702428615	41.520260607957	44.8410798777659	-520.132493741543	-34.013036250374	2	FALSE	51.561	10	10	10
3	africaeurope_5050_30gen_0.56	3	43.1806702428615	41.520260607957	44.8410798777659	-520.132493741543	-4.0611370000392	2	FALSE	43.901	10	10	10
3	africaeurope_5050_30gen_0.57	3	43.1806702428615	41.520260607957	44.8410798777659	-520.132493741543	-8.1074531082877	2	FALSE	46.416	10	10	10
3	africaeurope_5050_30gen_0.58	3	43.1806702428615	41.520260607957	44.8410798777659	-520.132493741543	-10.5732126365397	2	FALSE	38.291	10	10	10
3	africaeurope_5050_30gen_0.59	3	43.1806702428615	41.520260607957	44.8410798777659	-520.132493741543	-11.6720609226748	2	FALSE	39.087	10	10	10
4	africaeurope_30gen10gen_rep1	2	27.3922704395436	25.1852722752561	29.5992686038311	-449.198719161332	-8.70130625095227	2	FALSE	31.33	0	0	0
4	africaeurope_30gen10gen_rep10	1	17.5986615494313	15.4628401615918	19.7344829372707	-449.198719161332	-9.36653067282415	2	FALSE	21.512	0	0	0
4	africaeurope_30gen10gen_rep11	1	17.5986615494313	15.4628401615918	19.7344829372707	-449.198719161332	-19.0162925518859	2	FALSE	11.603	0	0	0
4	africaeurope_30gen10gen_rep12	1	17.5986615494313	15.4628401615918	19.7344829372707	-449.198719161332	-4.62749514606061	2	FALSE	17.749	0	0	0
4	africaeurope_30gen10gen_rep13	2	27.3922704395436	25.1852722752561	29.5992686038311	-449.198719161332	-7.06426685934388	2	FALSE	24.772	0	0	0
4	africaeurope_30gen10gen_rep14	1	17.5986615494313	15.4628401615918	19.7344829372707	-449.198719161332	-4.75775368757505	2	FALSE	18.38	0	0	0
4	africaeurope_30gen10gen_rep15	2	27.3922704395436	25.1852722752561	29.5992686038311	-449.198719161332	-6.78565376907527	2	FALSE	29.545	0	0	0
4	africaeurope_30gen10gen_rep16	1	17.5986615494313	15.4628401615918	19.7344829372707	-449.198719161332	-8.2796423872576	2	FALSE	21.933	0	0	0
4	africaeurope_30gen10gen_rep17	1	17.5986615494313	15.4628401615918	19.7344829372707	-449.198719161332	-5.0237777559129	2	FALSE	16.321	0	0	0
4	africaeurope_30gen10gen_rep18	2	27.3922704395436	25.1852722752561	29.5992686038311	-449.198719161332	-7.23721079832621	2	FALSE	24.383	0	0	0
4	africaeurope_30gen10gen_rep19	2	27.3922704395436	25.1852722752561	29.5992686038311	-449.198719161332	-5.96648031444949	2	FALSE	25.252	0	0	0
4	africaeurope_30gen10gen_rep2	1	17.5986615494313	15.4628401615918	19.7344829372707	-449.198719161332	-7.96164221067854	2	FALSE	20.133	0	0	0
4	africaeurope_30gen10gen_rep20	1	17.5986615494313	15.4628401615918	19.7344829372707	-449.198719161332	-6.72359152242765	2	FALSE	18.796	0	0	0
4	africaeurope_30gen10gen_rep21	2	27.3922704395436	25.1852722752561	29.5992686038311	-449.198719161332	-8.73394085676677	2	FALSE	31.39	0	0	0
4	africaeurope_30gen10gen_rep22	2	27.3922704395436	25.1852722752561	29.5992686038311	-449.198719161332	-5.36302023878066	2	FALSE	29.006	0	0	0
4	africaeurope_30gen10gen_rep23	2	27.3922704395436	25.1852722752561	29.5992686038311	-449.198719161332	-8.71740378466179	2	FALSE	23.37	0	0	0
4	africaeurope_30gen10gen_rep24	1	17.5986615494313	15.4628401615918	19.7344829372707	-449.198719161332	-6.78503950796903	2	FALSE	15.462	0	0	0
4	africaeurope_30gen10gen_rep25	2	27.3922704395436	25.1852722752561	29.5992686038311	-449.198719161332	-8.10077288890456	2	FALSE	23.918	0	0	0
4	africaeurope_30gen10gen_rep26	2	27.3922704395436	25.1852722752561	29.5992686038311	-449.198719161332	-4.41937941357482	2	FALSE	27.417	0	0	0
4	africaeurope_30gen10gen_rep27	1	17.5986615494313	15.4628401615918	19.7344829372707	-449.198719161332	-6.64637837509031	2	FALSE	14.843	0	0	0
4	africaeurope_30gen10gen_rep28	1	17.5986615494313	15.4628401615918	19.7344829372707	-449.198719161332	-8.54180652983858	2	FALSE	21.763	0	0	0
4	africaeurope_30gen10gen_rep29	1	17.5986615494313	15.4628401615918	19.7344829372707	-449.198719161332	-8.00493825579946	2	FALSE	17.572	0	0	0
4	africaeurope_30gen10gen_rep3	1	17.5986615494313	15.4628401615918	19.7344829372707	-449.198719161332	-4.95545986698298	2	FALSE	17.579	0	0	0
4	africaeurope_30gen10gen_rep30	1	17.5986615494313	15.4628401615918	19.7344829372707	-449.198719161332	-7.07685716414121	2	FALSE	16.611	0	0	0
4	africaeurope_30gen10gen_rep4	1	17.5986615494313	15.4628401615918	19.7344829372707	-449.198719161332	-5.24765950752	2	FALSE	16.07	0	0	0
4	africaeurope_30gen10gen_rep5	1	17.5986615494313	15.4628401615918	19.7344829372707	-449.198719161332	-6.44996870484727	2	FALSE	20.298	0	0	0
4	africaeurope_30gen10gen_rep6	2	27.3922704395436	25.1852722752561	29.5992686038311	-449.198719161332	-15.3920727513328	2	FALSE	23.323	0	0	0
4	africaeurope_30gen10gen_rep7	1	17.5986615494313	15.4628401615918	19.7344829372707	-449.198719161332	-9.2735115217966	2	FALSE	21.8	0	0	0
4	africaeurope_30gen10gen_rep8	1	17.5986615494313	15.4628401615918	19.7344829372707	-449.198719161332	-8.94912273829294	2	FALSE	20.051	0	0	0
4	africaeurope_30gen10gen_rep9	2	27.3922704395436	25.1852722752561	29.5992686038311	-449.198719161332	-5.81891574748702	2	FALSE	26.918	0	0	0
4	africaeurope_5050_30gen_0.510	3	38.2817189091035	35.9438189067194	40.6196189114876	-449.198719161332	-5.23310973997409	2	FALSE	40.099	10	10	10
4	africaeurope_5050_30gen_0.511	3	38.2817189091035	35.9438189067194	40.6196189114876	-449.198719161332	-8.25936304506031	2	FALSE	34.21	10	10	10
4	africaeurope_5050_30gen_0.512	4	45.3368764703639	43.237111525787	47.4366414149408	-449.198719161332	-6.08625940825112	2	FALSE	46.885	10	10	10
4	africaeurope_5050_30gen_0.513	4	45.3368764703639	43.237111525787	47.4366414149408	-449.198719161332	-10.8059650040742	2	FALSE	50.951	10	10	10
4	africaeurope_5050_30gen_0.514	3	38.2817189091035	35.9438189067194	40.6196189114876	-449.198719161332	-4.30708289835255	2	FALSE	39.077	10	10	10
4	africaeurope_5050_30gen_0.515	3	38.2817189091035	35.9438189067194	40.6196189114876	-449.198719161332	-5.96161807353214	2	FALSE	40.705	10	10	10
4	africaeurope_5050_30gen_0.516	3	38.2817189091035	35.9438189067194	40.6196189114876	-449.198719161332	-7.11517193687786	2	FALSE	41.57	10	10	10
4	africaeurope_5050_30gen_0.517	4	45.3368764703639	43.237111525787	47.4366414149408	-449.198719161332	-6.40481862307725	2	FALSE	42.466	10	10	10
4	africaeurope_5050_30gen_0.518	3	38.2817189091035	35.9438189067194	40.6196189114876	-449.198719161332	-5.41837672841592	2	FALSE	40.446	10	10	10
4	africaeurope_5050_30gen_0.519	3	38.2817189091035	35.9438189067194	40.6196189114876	-449.198719161332	-8.73355725859517	2	FALSE	35.373	10	10	10
4	africaeurope_5050_30gen_0.51	2	27.3922704395436	25.1852722752561	29.5992686038311	-449.198719161332	-11.2383228317257	2	FALSE	32.467	10	10	10
4	africaeurope_5050_30gen_0.520	4	45.3368764703639	43.237111525787	47.4366414149408	-449.198719161332	-6.87760671514685	2	FALSE	42.292	10	10	10
4	africaeurope_5050_30gen_0.521	4	45.3368764703639	43.237111525787	47.4366414149408	-449.198719161332	-5.57951451644838	2	FALSE	43.885	10	10	10
4	africaeurope_5050_30gen_0.522	4	45.3368764703639	43.237111525787	47.4366414149408	-449.198719161332	-15.6543477705486	2	FALSE	53.509	10	10	10
4	africaeurope_5050_30gen_0.523	2	27.3922704395436	25.1852722752561	29.5992686038311	-449.198719161332	-6.84986232450778	2	FALSE	29.307	10	10	10
4	africaeurope_5050_30gen_0.524	4	45.3368764703639	43.237111525787	47.4366414149408	-449.198719161332	-7.91201910957473	2	FALSE	47.074	10	10	10
4	africaeurope_5050_30gen_0.525	4	45.3368764703639	43.237111525787	47.4366414149408	-449.198719161332	-10.2296797577806	2	FALSE	42.446	10	10	10
4	africaeurope_5050_30gen_0.526	4	45.3368764703639	43.237111525787	47.4366414149408	-449.198719161332	-6.5379616248894	2	FALSE	43.086	10	10	10
4	africaeurope_5050_30gen_0.527	4	45.3368764703639	43.237111525787	47.4366414149408	-449.198719161332	-4.75212971776952	2	FALSE	44.153	10	10	10
4	africaeurope_5050_30gen_0.528	3	38.2817189091035	35.9438189067194	40.6196189114876	-449.198719161332	-4.93960384992123	2	FALSE	40.049	10	10	10
4	africaeurope_5050_30gen_0.529	4	45.3368764703639	43.237111525787	47.4366414149408	-449.198719161332	-4.02053826230176	2	FALSE	45.071	10	10	10
4	africaeurope_5050_30gen_0.52	3	38.2817189091035	35.9438189067194	40.6196189114876	-449.198719161332	-4.77401080864868	2	FALSE	37.762	10	10	10
4	africaeurope_5050_30gen_0.530	3	38.2817189091035	35.9438189067194	40.6196189114876	-449.198719161332	-11.8266877274072	2	FALSE	34.08	10	10	10
4	africaeurope_5050_30gen_0.53	3	38.2817189091035	35.9438189067194	40.6196189114876	-449.198719161332	-6.61902056829762	2	FALSE	35.293	10	10	10
4	africaeurope_5050_30gen_0.54	4	45.3368764703639	43.237111525787	47.4366414149408	-449.198719161332	-4.44505734277342	2	FALSE	44.162	10	10	10
4	africaeurope_5050_30gen_0.55	4	45.3368764703639	43.237111525787	47.4366414149408	-449.198719161332	-20.6443365787644	2	FALSE	51.561	10	10	10
4	africaeurope_5050_30gen_0.56	4	45.3368764703639	43.237111525787	47.4366414149408	-449.198719161332	-4.69015608121383	2	FALSE	43.901	10	10	10
4	africaeurope_5050_30gen_0.57	4	45.3368764703639	43.237111525787	47.4366414149408	-449.198719161332	-4.49556665254898	2	FALSE	46.416	10	10	10
4	africaeurope_5050_30gen_0.58	3	38.2817189091035	35.9438189067194	40.6196189114876	-449.198719161332	-4.12275748012919	2	FALSE	38.291	10	10	10
4	africaeurope_5050_30gen_0.59	3	38.2817189091035	35.9438189067194	40.6196189114876	-449.198719161332	-4.67632494416754	2	FALSE	39.087	10	10	10
