# CLUSTERING STRENGTH + LIKELIHOOD K SELECTION RESULTS (DATES)
# Recommended K: 1
# Method: DATES
# Clustering strength threshold: 0.983
# Likelihood thresholds: k1 to k2(k=2):1.2 k1 to k2(k=3):2.59 k2 to k3:0.71 k3 to k4:0.49
#
model_k	pop	cluster	joint_date_est_best	joint_date_lowerci	joint_date_upperci	likelihood_mean	likelihood_per_ind	recommended_k	is_recommended	ind_date_est	sample_age_est_best	sample_age_lowerci_mean	sample_age_upperci_mean
1	africaeurope_30gen60gen_rep1	1	75.3101166164701	71.6935807007405	78.9266525321997	-530.961134253635	-9.46895154954239	1	TRUE	68.192	0	NA	NA
1	africaeurope_30gen60gen_rep10	1	75.3101166164701	71.6935807007405	78.9266525321997	-530.961134253635	-7.43519848317284	1	TRUE	74.165	0	NA	NA
1	africaeurope_30gen60gen_rep11	1	75.3101166164701	71.6935807007405	78.9266525321997	-530.961134253635	-17.3821646237948	1	TRUE	64.116	0	NA	NA
1	africaeurope_30gen60gen_rep12	1	75.3101166164701	71.6935807007405	78.9266525321997	-530.961134253635	-20.9889127626878	1	TRUE	51.387	0	NA	NA
1	africaeurope_30gen60gen_rep13	1	75.3101166164701	71.6935807007405	78.9266525321997	-530.961134253635	-7.9458338573774	1	TRUE	79.155	0	NA	NA
1	africaeurope_30gen60gen_rep14	1	75.3101166164701	71.6935807007405	78.9266525321997	-530.961134253635	-18.4072163787113	1	TRUE	93.959	0	NA	NA
1	africaeurope_30gen60gen_rep15	1	75.3101166164701	71.6935807007405	78.9266525321997	-530.961134253635	-10.1819046485676	1	TRUE	81.048	0	NA	NA
1	africaeurope_30gen60gen_rep16	1	75.3101166164701	71.6935807007405	78.9266525321997	-530.961134253635	-56.4374954312189	1	TRUE	113.025	0	NA	NA
1	africaeurope_30gen60gen_rep17	1	75.3101166164701	71.6935807007405	78.9266525321997	-530.961134253635	-28.2611805929117	1	TRUE	92.311	0	NA	NA
1	africaeurope_30gen60gen_rep18	1	75.3101166164701	71.6935807007405	78.9266525321997	-530.961134253635	-10.9952892016348	1	TRUE	65.516	0	NA	NA
1	africaeurope_30gen60gen_rep19	1	75.3101166164701	71.6935807007405	78.9266525321997	-530.961134253635	-10.1471220510761	1	TRUE	82.783	0	NA	NA
1	africaeurope_30gen60gen_rep2	1	75.3101166164701	71.6935807007405	78.9266525321997	-530.961134253635	-39.0009895560252	1	TRUE	99.261	0	NA	NA
1	africaeurope_30gen60gen_rep20	1	75.3101166164701	71.6935807007405	78.9266525321997	-530.961134253635	-11.2642860242199	1	TRUE	66.014	0	NA	NA
1	africaeurope_30gen60gen_rep21	1	75.3101166164701	71.6935807007405	78.9266525321997	-530.961134253635	-13.6342468503168	1	TRUE	62.643	0	NA	NA
1	africaeurope_30gen60gen_rep22	1	75.3101166164701	71.6935807007405	78.9266525321997	-530.961134253635	-37.7287515581723	1	TRUE	60.777	0	NA	NA
1	africaeurope_30gen60gen_rep23	1	75.3101166164701	71.6935807007405	78.9266525321997	-530.961134253635	-8.76757939678185	1	TRUE	71.635	0	NA	NA
1	africaeurope_30gen60gen_rep24	1	75.3101166164701	71.6935807007405	78.9266525321997	-530.961134253635	-13.4889887330474	1	TRUE	88.9	0	NA	NA
1	africaeurope_30gen60gen_rep25	1	75.3101166164701	71.6935807007405	78.9266525321997	-530.961134253635	-7.43200174792028	1	TRUE	72.373	0	NA	NA
1	africaeurope_30gen60gen_rep26	1	75.3101166164701	71.6935807007405	78.9266525321997	-530.961134253635	-14.4786404648507	1	TRUE	59.509	0	NA	NA
1	africaeurope_30gen60gen_rep27	1	75.3101166164701	71.6935807007405	78.9266525321997	-530.961134253635	-8.74385889056372	1	TRUE	73.13	0	NA	NA
1	africaeurope_30gen60gen_rep28	1	75.3101166164701	71.6935807007405	78.9266525321997	-530.961134253635	-7.47450337965796	1	TRUE	78.54	0	NA	NA
1	africaeurope_30gen60gen_rep29	1	75.3101166164701	71.6935807007405	78.9266525321997	-530.961134253635	-7.07519359583732	1	TRUE	73.292	0	NA	NA
1	africaeurope_30gen60gen_rep3	1	75.3101166164701	71.6935807007405	78.9266525321997	-530.961134253635	-16.4607805997131	1	TRUE	60.727	0	NA	NA
1	africaeurope_30gen60gen_rep30	1	75.3101166164701	71.6935807007405	78.9266525321997	-530.961134253635	-11.5877379723248	1	TRUE	85.538	0	NA	NA
1	africaeurope_30gen60gen_rep4	1	75.3101166164701	71.6935807007405	78.9266525321997	-530.961134253635	-31.1235760851076	1	TRUE	56.254	0	NA	NA
1	africaeurope_30gen60gen_rep5	1	75.3101166164701	71.6935807007405	78.9266525321997	-530.961134253635	-21.9713263260047	1	TRUE	96.758	0	NA	NA
1	africaeurope_30gen60gen_rep6	1	75.3101166164701	71.6935807007405	78.9266525321997	-530.961134253635	-13.0399311483182	1	TRUE	63.991	0	NA	NA
1	africaeurope_30gen60gen_rep7	1	75.3101166164701	71.6935807007405	78.9266525321997	-530.961134253635	-7.34702259924673	1	TRUE	77.576	0	NA	NA
1	africaeurope_30gen60gen_rep8	1	75.3101166164701	71.6935807007405	78.9266525321997	-530.961134253635	-21.7587044967079	1	TRUE	45.867	0	NA	NA
1	africaeurope_30gen60gen_rep9	1	75.3101166164701	71.6935807007405	78.9266525321997	-530.961134253635	-40.931745248123	1	TRUE	97.731	0	NA	NA
2	africaeurope_30gen60gen_rep1	1	67.4890270418748	63.1602874260407	71.8177666577089	-322.440857012814	-6.98784244186204	1	FALSE	68.192	0	0	0
2	africaeurope_30gen60gen_rep10	1	67.4890270418748	63.1602874260407	71.8177666577089	-322.440857012814	-9.14695285880262	1	FALSE	74.165	0	0	0
2	africaeurope_30gen60gen_rep11	1	67.4890270418748	63.1602874260407	71.8177666577089	-322.440857012814	-7.87673328828629	1	FALSE	64.116	0	0	0
2	africaeurope_30gen60gen_rep12	1	67.4890270418748	63.1602874260407	71.8177666577089	-322.440857012814	-14.5783912876392	1	FALSE	51.387	0	0	0
2	africaeurope_30gen60gen_rep13	1	67.4890270418748	63.1602874260407	71.8177666577089	-322.440857012814	-12.6511205093896	1	FALSE	79.155	0	0	0
2	africaeurope_30gen60gen_rep14	2	93.3876693272225	86.8065820395789	99.968756614866	-322.440857012814	-7.85792619750602	1	FALSE	93.959	0	0	0
2	africaeurope_30gen60gen_rep15	2	93.3876693272225	86.8065820395789	99.968756614866	-322.440857012814	-12.8023171500762	1	FALSE	81.048	0	0	0
2	africaeurope_30gen60gen_rep16	2	93.3876693272225	86.8065820395789	99.968756614866	-322.440857012814	-20.609059966839	1	FALSE	113.025	0	0	0
2	africaeurope_30gen60gen_rep17	2	93.3876693272225	86.8065820395789	99.968756614866	-322.440857012814	-7.32471687470816	1	FALSE	92.311	0	0	0
2	africaeurope_30gen60gen_rep18	1	67.4890270418748	63.1602874260407	71.8177666577089	-322.440857012814	-7.68136479282851	1	FALSE	65.516	0	0	0
2	africaeurope_30gen60gen_rep19	2	93.3876693272225	86.8065820395789	99.968756614866	-322.440857012814	-13.5452422676522	1	FALSE	82.783	0	0	0
2	africaeurope_30gen60gen_rep2	2	93.3876693272225	86.8065820395789	99.968756614866	-322.440857012814	-8.64244863861807	1	FALSE	99.261	0	0	0
2	africaeurope_30gen60gen_rep20	1	67.4890270418748	63.1602874260407	71.8177666577089	-322.440857012814	-7.07686161114655	1	FALSE	66.014	0	0	0
2	africaeurope_30gen60gen_rep21	1	67.4890270418748	63.1602874260407	71.8177666577089	-322.440857012814	-11.8799312099158	1	FALSE	62.643	0	0	0
2	africaeurope_30gen60gen_rep22	1	67.4890270418748	63.1602874260407	71.8177666577089	-322.440857012814	-14.6769050122684	1	FALSE	60.777	0	0	0
2	africaeurope_30gen60gen_rep23	1	67.4890270418748	63.1602874260407	71.8177666577089	-322.440857012814	-8.98025721763364	1	FALSE	71.635	0	0	0
2	africaeurope_30gen60gen_rep24	2	93.3876693272225	86.8065820395789	99.968756614866	-322.440857012814	-8.51559909205205	1	FALSE	88.9	0	0	0
2	africaeurope_30gen60gen_rep25	1	67.4890270418748	63.1602874260407	71.8177666577089	-322.440857012814	-8.19213184605711	1	FALSE	72.373	0	0	0
2	africaeurope_30gen60gen_rep26	1	67.4890270418748	63.1602874260407	71.8177666577089	-322.440857012814	-10.5002003416662	1	FALSE	59.509	0	0	0
2	africaeurope_30gen60gen_rep27	1	67.4890270418748	63.1602874260407	71.8177666577089	-322.440857012814	-9.42056248761479	1	FALSE	73.13	0	0	0
2	africaeurope_30gen60gen_rep28	1	67.4890270418748	63.1602874260407	71.8177666577089	-322.440857012814	-14.9059953869001	1	FALSE	78.54	0	0	0
2	africaeurope_30gen60gen_rep29	1	67.4890270418748	63.1602874260407	71.8177666577089	-322.440857012814	-8.69439912355361	1	FALSE	73.292	0	0	0
2	africaeurope_30gen60gen_rep3	1	67.4890270418748	63.1602874260407	71.8177666577089	-322.440857012814	-9.17950796821729	1	FALSE	60.727	0	0	0
2	africaeurope_30gen60gen_rep30	2	93.3876693272225	86.8065820395789	99.968756614866	-322.440857012814	-9.4875364790631	1	FALSE	85.538	0	0	0
2	africaeurope_30gen60gen_rep4	1	67.4890270418748	63.1602874260407	71.8177666577089	-322.440857012814	-15.2528848487063	1	FALSE	56.254	0	0	0
2	africaeurope_30gen60gen_rep5	2	93.3876693272225	86.8065820395789	99.968756614866	-322.440857012814	-8.12179191421595	1	FALSE	96.758	0	0	0
2	africaeurope_30gen60gen_rep6	1	67.4890270418748	63.1602874260407	71.8177666577089	-322.440857012814	-7.63334519332594	1	FALSE	63.991	0	0	0
2	africaeurope_30gen60gen_rep7	1	67.4890270418748	63.1602874260407	71.8177666577089	-322.440857012814	-15.0142924512121	1	FALSE	77.576	0	0	0
2	africaeurope_30gen60gen_rep8	1	67.4890270418748	63.1602874260407	71.8177666577089	-322.440857012814	-16.9387554382306	1	FALSE	45.867	0	0	0
2	africaeurope_30gen60gen_rep9	2	93.3876693272225	86.8065820395789	99.968756614866	-322.440857012814	-8.26578311682696	1	FALSE	97.731	0	0	0
3	africaeurope_30gen60gen_rep1	1	61.7526171604468	55.9952329215883	67.5100013993052	-269.39596883215	-9.16463019980347	1	FALSE	68.192	0	0	0
3	africaeurope_30gen60gen_rep10	2	76.7734436789121	70.9541098210742	82.59277753675	-269.39596883215	-7.60990686826421	1	FALSE	74.165	0	0	0
3	africaeurope_30gen60gen_rep11	1	61.7526171604468	55.9952329215883	67.5100013993052	-269.39596883215	-7.91061779273459	1	FALSE	64.116	0	0	0
3	africaeurope_30gen60gen_rep12	1	61.7526171604468	55.9952329215883	67.5100013993052	-269.39596883215	-11.1763585101744	1	FALSE	51.387	0	0	0
3	africaeurope_30gen60gen_rep13	2	76.7734436789121	70.9541098210742	82.59277753675	-269.39596883215	-7.56008859908649	1	FALSE	79.155	0	0	0
3	africaeurope_30gen60gen_rep14	3	97.1369014351964	89.4122957493586	104.861507121034	-269.39596883215	-8.22763318178275	1	FALSE	93.959	0	0	0
3	africaeurope_30gen60gen_rep15	2	76.7734436789121	70.9541098210742	82.59277753675	-269.39596883215	-10.5023192250866	1	FALSE	81.048	0	0	0
3	africaeurope_30gen60gen_rep16	3	97.1369014351964	89.4122957493586	104.861507121034	-269.39596883215	-16.0130488914248	1	FALSE	113.025	0	0	0
3	africaeurope_30gen60gen_rep17	3	97.1369014351964	89.4122957493586	104.861507121034	-269.39596883215	-9.03188793615189	1	FALSE	92.311	0	0	0
3	africaeurope_30gen60gen_rep18	1	61.7526171604468	55.9952329215883	67.5100013993052	-269.39596883215	-7.97932449120186	1	FALSE	65.516	0	0	0
3	africaeurope_30gen60gen_rep19	2	76.7734436789121	70.9541098210742	82.59277753675	-269.39596883215	-8.72579173849742	1	FALSE	82.783	0	0	0
3	africaeurope_30gen60gen_rep2	3	97.1369014351964	89.4122957493586	104.861507121034	-269.39596883215	-6.83212858503562	1	FALSE	99.261	0	0	0
3	africaeurope_30gen60gen_rep20	1	61.7526171604468	55.9952329215883	67.5100013993052	-269.39596883215	-7.98537332809579	1	FALSE	66.014	0	0	0
3	africaeurope_30gen60gen_rep21	1	61.7526171604468	55.9952329215883	67.5100013993052	-269.39596883215	-11.1642945515208	1	FALSE	62.643	0	0	0
3	africaeurope_30gen60gen_rep22	1	61.7526171604468	55.9952329215883	67.5100013993052	-269.39596883215	-9.82815483354549	1	FALSE	60.777	0	0	0
3	africaeurope_30gen60gen_rep23	2	76.7734436789121	70.9541098210742	82.59277753675	-269.39596883215	-9.9524001403139	1	FALSE	71.635	0	0	0
3	africaeurope_30gen60gen_rep24	3	97.1369014351964	89.4122957493586	104.861507121034	-269.39596883215	-10.0057451002601	1	FALSE	88.9	0	0	0
3	africaeurope_30gen60gen_rep25	2	76.7734436789121	70.9541098210742	82.59277753675	-269.39596883215	-7.78177500933856	1	FALSE	72.373	0	0	0
3	africaeurope_30gen60gen_rep26	1	61.7526171604468	55.9952329215883	67.5100013993052	-269.39596883215	-8.95743926996455	1	FALSE	59.509	0	0	0
3	africaeurope_30gen60gen_rep27	2	76.7734436789121	70.9541098210742	82.59277753675	-269.39596883215	-9.28866260364652	1	FALSE	73.13	0	0	0
3	africaeurope_30gen60gen_rep28	2	76.7734436789121	70.9541098210742	82.59277753675	-269.39596883215	-6.74894259581887	1	FALSE	78.54	0	0	0
3	africaeurope_30gen60gen_rep29	2	76.7734436789121	70.9541098210742	82.59277753675	-269.39596883215	-7.29971530004952	1	FALSE	73.292	0	0	0
3	africaeurope_30gen60gen_rep3	1	61.7526171604468	55.9952329215883	67.5100013993052	-269.39596883215	-7.23473994502867	1	FALSE	60.727	0	0	0
3	africaeurope_30gen60gen_rep30	2	76.7734436789121	70.9541098210742	82.59277753675	-269.39596883215	-10.3225298906269	1	FALSE	85.538	0	0	0
3	africaeurope_30gen60gen_rep4	1	61.7526171604468	55.9952329215883	67.5100013993052	-269.39596883215	-9.1351795921652	1	FALSE	56.254	0	0	0
3	africaeurope_30gen60gen_rep5	3	97.1369014351964	89.4122957493586	104.861507121034	-269.39596883215	-7.84207451703759	1	FALSE	96.758	0	0	0
3	africaeurope_30gen60gen_rep6	1	61.7526171604468	55.9952329215883	67.5100013993052	-269.39596883215	-7.35445587956068	1	FALSE	63.991	0	0	0
3	africaeurope_30gen60gen_rep7	2	76.7734436789121	70.9541098210742	82.59277753675	-269.39596883215	-6.77743071110213	1	FALSE	77.576	0	0	0
3	africaeurope_30gen60gen_rep8	1	61.7526171604468	55.9952329215883	67.5100013993052	-269.39596883215	-13.9927659548776	1	FALSE	45.867	0	0	0
3	africaeurope_30gen60gen_rep9	3	97.1369014351964	89.4122957493586	104.861507121034	-269.39596883215	-6.99055358995269	1	FALSE	97.731	0	0	0
4	africaeurope_30gen60gen_rep1	2	62.0650759034128	56.1903174794652	67.9398343273603	-255.88454540776	-8.68346582128364	1	FALSE	68.192	0	0	0
4	africaeurope_30gen60gen_rep10	3	76.7734436789121	70.9541098210742	82.59277753675	-255.88454540776	-7.60990686826421	1	FALSE	74.165	0	0	0
4	africaeurope_30gen60gen_rep11	2	62.0650759034128	56.1903174794652	67.9398343273603	-255.88454540776	-7.05615850195197	1	FALSE	64.116	0	0	0
4	africaeurope_30gen60gen_rep12	2	62.0650759034128	56.1903174794652	67.9398343273603	-255.88454540776	-12.1121678105975	1	FALSE	51.387	0	0	0
4	africaeurope_30gen60gen_rep13	3	76.7734436789121	70.9541098210742	82.59277753675	-255.88454540776	-7.56008859908649	1	FALSE	79.155	0	0	0
4	africaeurope_30gen60gen_rep14	4	97.1369014351964	89.4122957493586	104.861507121034	-255.88454540776	-8.22763318178275	1	FALSE	93.959	0	0	0
4	africaeurope_30gen60gen_rep15	3	76.7734436789121	70.9541098210742	82.59277753675	-255.88454540776	-10.5023192250866	1	FALSE	81.048	0	0	0
4	africaeurope_30gen60gen_rep16	4	97.1369014351964	89.4122957493586	104.861507121034	-255.88454540776	-16.0130488914248	1	FALSE	113.025	0	0	0
4	africaeurope_30gen60gen_rep17	4	97.1369014351964	89.4122957493586	104.861507121034	-255.88454540776	-9.03188793615189	1	FALSE	92.311	0	0	0
4	africaeurope_30gen60gen_rep18	2	62.0650759034128	56.1903174794652	67.9398343273603	-255.88454540776	-7.97153210765883	1	FALSE	65.516	0	0	0
4	africaeurope_30gen60gen_rep19	3	76.7734436789121	70.9541098210742	82.59277753675	-255.88454540776	-8.72579173849742	1	FALSE	82.783	0	0	0
4	africaeurope_30gen60gen_rep2	4	97.1369014351964	89.4122957493586	104.861507121034	-255.88454540776	-6.83212858503562	1	FALSE	99.261	0	0	0
4	africaeurope_30gen60gen_rep20	2	62.0650759034128	56.1903174794652	67.9398343273603	-255.88454540776	-7.57726655007878	1	FALSE	66.014	0	0	0
4	africaeurope_30gen60gen_rep21	1	54.1666527591438	25.2199519551905	83.1133535630972	-255.88454540776	-6.68482564597252	1	FALSE	62.643	0	0	0
4	africaeurope_30gen60gen_rep22	2	62.0650759034128	56.1903174794652	67.9398343273603	-255.88454540776	-8.89850297878188	1	FALSE	60.777	0	0	0
4	africaeurope_30gen60gen_rep23	3	76.7734436789121	70.9541098210742	82.59277753675	-255.88454540776	-9.9524001403139	1	FALSE	71.635	0	0	0
4	africaeurope_30gen60gen_rep24	4	97.1369014351964	89.4122957493586	104.861507121034	-255.88454540776	-10.0057451002601	1	FALSE	88.9	0	0	0
4	africaeurope_30gen60gen_rep25	3	76.7734436789121	70.9541098210742	82.59277753675	-255.88454540776	-7.78177500933856	1	FALSE	72.373	0	0	0
4	africaeurope_30gen60gen_rep26	2	62.0650759034128	56.1903174794652	67.9398343273603	-255.88454540776	-9.73583093385044	1	FALSE	59.509	0	0	0
4	africaeurope_30gen60gen_rep27	3	76.7734436789121	70.9541098210742	82.59277753675	-255.88454540776	-9.28866260364652	1	FALSE	73.13	0	0	0
4	africaeurope_30gen60gen_rep28	3	76.7734436789121	70.9541098210742	82.59277753675	-255.88454540776	-6.74894259581887	1	FALSE	78.54	0	0	0
4	africaeurope_30gen60gen_rep29	3	76.7734436789121	70.9541098210742	82.59277753675	-255.88454540776	-7.29971530004952	1	FALSE	73.292	0	0	0
4	africaeurope_30gen60gen_rep3	2	62.0650759034128	56.1903174794652	67.9398343273603	-255.88454540776	-7.13421006473353	1	FALSE	60.727	0	0	0
4	africaeurope_30gen60gen_rep30	3	76.7734436789121	70.9541098210742	82.59277753675	-255.88454540776	-10.3225298906269	1	FALSE	85.538	0	0	0
4	africaeurope_30gen60gen_rep4	2	62.0650759034128	56.1903174794652	67.9398343273603	-255.88454540776	-8.81184896775215	1	FALSE	56.254	0	0	0
4	africaeurope_30gen60gen_rep5	4	97.1369014351964	89.4122957493586	104.861507121034	-255.88454540776	-7.84207451703759	1	FALSE	96.758	0	0	0
4	africaeurope_30gen60gen_rep6	2	62.0650759034128	56.1903174794652	67.9398343273603	-255.88454540776	-7.08390235745394	1	FALSE	63.991	0	0	0
4	africaeurope_30gen60gen_rep7	3	76.7734436789121	70.9541098210742	82.59277753675	-255.88454540776	-6.77743071110213	1	FALSE	77.576	0	0	0
4	africaeurope_30gen60gen_rep8	1	54.1666527591438	25.2199519551905	83.1133535630972	-255.88454540776	-6.62219918416849	1	FALSE	45.867	0	0	0
4	africaeurope_30gen60gen_rep9	4	97.1369014351964	89.4122957493586	104.861507121034	-255.88454540776	-6.99055358995269	1	FALSE	97.731	0	0	0
