# CLUSTERING STRENGTH + LIKELIHOOD K SELECTION RESULTS (DATES)
# Recommended K: 2
# Method: DATES
# Clustering strength threshold: 0.983
# Likelihood thresholds: k1 to k2(k=2):1.2 k1 to k2(k=3):2.59 k2 to k3:0.71 k3 to k4:0.49
#
model_k	pop	cluster	joint_date_est_best	joint_date_lowerci	joint_date_upperci	likelihood_mean	likelihood_per_ind	recommended_k	is_recommended	ind_date_est	sample_age_est_best	sample_age_lowerci_mean	sample_age_upperci_mean
1	africaeurope_30gen60gen_rep1	1	88.9427807102362	87.5516358934459	90.3339255270265	-1346.44977779054	-29.2819927390378	2	FALSE	68.192	0	NA	NA
1	africaeurope_30gen60gen_rep10	1	88.9427807102362	87.5516358934459	90.3339255270265	-1346.44977779054	-16.6952404599524	2	FALSE	74.165	0	NA	NA
1	africaeurope_30gen60gen_rep11	1	88.9427807102362	87.5516358934459	90.3339255270265	-1346.44977779054	-57.4505579189455	2	FALSE	64.116	0	NA	NA
1	africaeurope_30gen60gen_rep12	1	88.9427807102362	87.5516358934459	90.3339255270265	-1346.44977779054	-39.2549076968071	2	FALSE	51.387	0	NA	NA
1	africaeurope_30gen60gen_rep13	1	88.9427807102362	87.5516358934459	90.3339255270265	-1346.44977779054	-12.0132548113107	2	FALSE	79.155	0	NA	NA
1	africaeurope_30gen60gen_rep14	1	88.9427807102362	87.5516358934459	90.3339255270265	-1346.44977779054	-9.91640798318448	2	FALSE	93.959	0	NA	NA
1	africaeurope_30gen60gen_rep15	1	88.9427807102362	87.5516358934459	90.3339255270265	-1346.44977779054	-11.9361108370873	2	FALSE	81.048	0	NA	NA
1	africaeurope_30gen60gen_rep16	1	88.9427807102362	87.5516358934459	90.3339255270265	-1346.44977779054	-28.5932300847792	2	FALSE	113.025	0	NA	NA
1	africaeurope_30gen60gen_rep17	1	88.9427807102362	87.5516358934459	90.3339255270265	-1346.44977779054	-7.42200538543168	2	FALSE	92.311	0	NA	NA
1	africaeurope_30gen60gen_rep18	1	88.9427807102362	87.5516358934459	90.3339255270265	-1346.44977779054	-28.5870771224558	2	FALSE	65.516	0	NA	NA
1	africaeurope_30gen60gen_rep19	1	88.9427807102362	87.5516358934459	90.3339255270265	-1346.44977779054	-9.3400435778945	2	FALSE	82.783	0	NA	NA
1	africaeurope_30gen60gen_rep2	1	88.9427807102362	87.5516358934459	90.3339255270265	-1346.44977779054	-13.2093911953674	2	FALSE	99.261	0	NA	NA
1	africaeurope_30gen60gen_rep20	1	88.9427807102362	87.5516358934459	90.3339255270265	-1346.44977779054	-34.004645154719	2	FALSE	66.014	0	NA	NA
1	africaeurope_30gen60gen_rep21	1	88.9427807102362	87.5516358934459	90.3339255270265	-1346.44977779054	-20.6274742496001	2	FALSE	62.643	0	NA	NA
1	africaeurope_30gen60gen_rep22	1	88.9427807102362	87.5516358934459	90.3339255270265	-1346.44977779054	-113.99330257334	2	FALSE	60.777	0	NA	NA
1	africaeurope_30gen60gen_rep23	1	88.9427807102362	87.5516358934459	90.3339255270265	-1346.44977779054	-35.7724944999302	2	FALSE	71.635	0	NA	NA
1	africaeurope_30gen60gen_rep24	1	88.9427807102362	87.5516358934459	90.3339255270265	-1346.44977779054	-9.23774543971065	2	FALSE	88.9	0	NA	NA
1	africaeurope_30gen60gen_rep25	1	88.9427807102362	87.5516358934459	90.3339255270265	-1346.44977779054	-20.4065387810876	2	FALSE	72.373	0	NA	NA
1	africaeurope_30gen60gen_rep26	1	88.9427807102362	87.5516358934459	90.3339255270265	-1346.44977779054	-28.7853979572318	2	FALSE	59.509	0	NA	NA
1	africaeurope_30gen60gen_rep27	1	88.9427807102362	87.5516358934459	90.3339255270265	-1346.44977779054	-16.0085441902416	2	FALSE	73.13	0	NA	NA
1	africaeurope_30gen60gen_rep28	1	88.9427807102362	87.5516358934459	90.3339255270265	-1346.44977779054	-14.0097041101606	2	FALSE	78.54	0	NA	NA
1	africaeurope_30gen60gen_rep29	1	88.9427807102362	87.5516358934459	90.3339255270265	-1346.44977779054	-20.3694119064701	2	FALSE	73.292	0	NA	NA
1	africaeurope_30gen60gen_rep3	1	88.9427807102362	87.5516358934459	90.3339255270265	-1346.44977779054	-42.9358877928796	2	FALSE	60.727	0	NA	NA
1	africaeurope_30gen60gen_rep30	1	88.9427807102362	87.5516358934459	90.3339255270265	-1346.44977779054	-8.54086943827981	2	FALSE	85.538	0	NA	NA
1	africaeurope_30gen60gen_rep4	1	88.9427807102362	87.5516358934459	90.3339255270265	-1346.44977779054	-78.4207705182999	2	FALSE	56.254	0	NA	NA
1	africaeurope_30gen60gen_rep5	1	88.9427807102362	87.5516358934459	90.3339255270265	-1346.44977779054	-10.9571942245482	2	FALSE	96.758	0	NA	NA
1	africaeurope_30gen60gen_rep6	1	88.9427807102362	87.5516358934459	90.3339255270265	-1346.44977779054	-37.079388218987	2	FALSE	63.991	0	NA	NA
1	africaeurope_30gen60gen_rep7	1	88.9427807102362	87.5516358934459	90.3339255270265	-1346.44977779054	-16.7502832060814	2	FALSE	77.576	0	NA	NA
1	africaeurope_30gen60gen_rep8	1	88.9427807102362	87.5516358934459	90.3339255270265	-1346.44977779054	-34.1910813884025	2	FALSE	45.867	0	NA	NA
1	africaeurope_30gen60gen_rep9	1	88.9427807102362	87.5516358934459	90.3339255270265	-1346.44977779054	-12.0151451456689	2	FALSE	97.731	0	NA	NA
1	africaeurope_5050_30gen_0.510	1	88.9427807102362	87.5516358934459	90.3339255270265	-1346.44977779054	-9.08713249349115	2	FALSE	90.099	60	NA	NA
1	africaeurope_5050_30gen_0.511	1	88.9427807102362	87.5516358934459	90.3339255270265	-1346.44977779054	-9.70956270484926	2	FALSE	84.21	60	NA	NA
1	africaeurope_5050_30gen_0.512	1	88.9427807102362	87.5516358934459	90.3339255270265	-1346.44977779054	-16.0452640236799	2	FALSE	96.885	60	NA	NA
1	africaeurope_5050_30gen_0.513	1	88.9427807102362	87.5516358934459	90.3339255270265	-1346.44977779054	-29.5978351031666	2	FALSE	100.951	60	NA	NA
1	africaeurope_5050_30gen_0.514	1	88.9427807102362	87.5516358934459	90.3339255270265	-1346.44977779054	-8.89420392074839	2	FALSE	89.077	60	NA	NA
1	africaeurope_5050_30gen_0.515	1	88.9427807102362	87.5516358934459	90.3339255270265	-1346.44977779054	-6.81833696199488	2	FALSE	90.705	60	NA	NA
1	africaeurope_5050_30gen_0.516	1	88.9427807102362	87.5516358934459	90.3339255270265	-1346.44977779054	-7.28032969039643	2	FALSE	91.57	60	NA	NA
1	africaeurope_5050_30gen_0.517	1	88.9427807102362	87.5516358934459	90.3339255270265	-1346.44977779054	-10.0991650007654	2	FALSE	92.466	60	NA	NA
1	africaeurope_5050_30gen_0.518	1	88.9427807102362	87.5516358934459	90.3339255270265	-1346.44977779054	-7.29426949793891	2	FALSE	90.446	60	NA	NA
1	africaeurope_5050_30gen_0.519	1	88.9427807102362	87.5516358934459	90.3339255270265	-1346.44977779054	-7.35070719305936	2	FALSE	85.373	60	NA	NA
1	africaeurope_5050_30gen_0.51	1	88.9427807102362	87.5516358934459	90.3339255270265	-1346.44977779054	-9.8215957464646	2	FALSE	82.467	60	NA	NA
1	africaeurope_5050_30gen_0.520	1	88.9427807102362	87.5516358934459	90.3339255270265	-1346.44977779054	-8.12461511291139	2	FALSE	92.292	60	NA	NA
1	africaeurope_5050_30gen_0.521	1	88.9427807102362	87.5516358934459	90.3339255270265	-1346.44977779054	-10.5143603743818	2	FALSE	93.885	60	NA	NA
1	africaeurope_5050_30gen_0.522	1	88.9427807102362	87.5516358934459	90.3339255270265	-1346.44977779054	-35.5918801875183	2	FALSE	103.509	60	NA	NA
1	africaeurope_5050_30gen_0.523	1	88.9427807102362	87.5516358934459	90.3339255270265	-1346.44977779054	-62.7560176850107	2	FALSE	79.307	60	NA	NA
1	africaeurope_5050_30gen_0.524	1	88.9427807102362	87.5516358934459	90.3339255270265	-1346.44977779054	-13.0666783091987	2	FALSE	97.074	60	NA	NA
1	africaeurope_5050_30gen_0.525	1	88.9427807102362	87.5516358934459	90.3339255270265	-1346.44977779054	-20.7377523851251	2	FALSE	92.446	60	NA	NA
1	africaeurope_5050_30gen_0.526	1	88.9427807102362	87.5516358934459	90.3339255270265	-1346.44977779054	-18.030460190357	2	FALSE	93.086	60	NA	NA
1	africaeurope_5050_30gen_0.527	1	88.9427807102362	87.5516358934459	90.3339255270265	-1346.44977779054	-13.1198171628307	2	FALSE	94.153	60	NA	NA
1	africaeurope_5050_30gen_0.528	1	88.9427807102362	87.5516358934459	90.3339255270265	-1346.44977779054	-7.58643402171858	2	FALSE	90.049	60	NA	NA
1	africaeurope_5050_30gen_0.529	1	88.9427807102362	87.5516358934459	90.3339255270265	-1346.44977779054	-22.9083695339176	2	FALSE	95.071	60	NA	NA
1	africaeurope_5050_30gen_0.52	1	88.9427807102362	87.5516358934459	90.3339255270265	-1346.44977779054	-6.48942017288981	2	FALSE	87.762	60	NA	NA
1	africaeurope_5050_30gen_0.530	1	88.9427807102362	87.5516358934459	90.3339255270265	-1346.44977779054	-19.8872439175972	2	FALSE	84.08	60	NA	NA
1	africaeurope_5050_30gen_0.53	1	88.9427807102362	87.5516358934459	90.3339255270265	-1346.44977779054	-8.83446658312151	2	FALSE	85.293	60	NA	NA
1	africaeurope_5050_30gen_0.54	1	88.9427807102362	87.5516358934459	90.3339255270265	-1346.44977779054	-16.0917331940271	2	FALSE	94.162	60	NA	NA
1	africaeurope_5050_30gen_0.55	1	88.9427807102362	87.5516358934459	90.3339255270265	-1346.44977779054	-77.5962916527008	2	FALSE	101.561	60	NA	NA
1	africaeurope_5050_30gen_0.56	1	88.9427807102362	87.5516358934459	90.3339255270265	-1346.44977779054	-16.8263808806291	2	FALSE	93.901	60	NA	NA
1	africaeurope_5050_30gen_0.57	1	88.9427807102362	87.5516358934459	90.3339255270265	-1346.44977779054	-31.251751808558	2	FALSE	96.416	60	NA	NA
1	africaeurope_5050_30gen_0.58	1	88.9427807102362	87.5516358934459	90.3339255270265	-1346.44977779054	-7.06761224846163	2	FALSE	88.291	60	NA	NA
1	africaeurope_5050_30gen_0.59	1	88.9427807102362	87.5516358934459	90.3339255270265	-1346.44977779054	-10.163991425137	2	FALSE	89.087	60	NA	NA
2	africaeurope_30gen60gen_rep1	1	72.3626302012478	68.9917488479165	75.7335115545791	-743.091139856876	-7.83719243802637	2	TRUE	68.192	0	0	0
2	africaeurope_30gen60gen_rep10	1	72.3626302012478	68.9917488479165	75.7335115545791	-743.091139856876	-7.59648054392596	2	TRUE	74.165	0	0	0
2	africaeurope_30gen60gen_rep11	1	72.3626302012478	68.9917488479165	75.7335115545791	-743.091139856876	-12.4743734413085	2	TRUE	64.116	0	0	0
2	africaeurope_30gen60gen_rep12	1	72.3626302012478	68.9917488479165	75.7335115545791	-743.091139856876	-18.3303899836942	2	TRUE	51.387	0	0	0
2	africaeurope_30gen60gen_rep13	1	72.3626302012478	68.9917488479165	75.7335115545791	-743.091139856876	-9.23375003505491	2	TRUE	79.155	0	0	0
2	africaeurope_30gen60gen_rep14	2	92.3463451427335	90.8190737372828	93.8736165481841	-743.091139856876	-10.5980197427512	2	TRUE	93.959	0	0	0
2	africaeurope_30gen60gen_rep15	1	72.3626302012478	68.9917488479165	75.7335115545791	-743.091139856876	-11.0265586154476	2	TRUE	81.048	0	0	0
2	africaeurope_30gen60gen_rep16	2	92.3463451427335	90.8190737372828	93.8736165481841	-743.091139856876	-24.6560881724239	2	TRUE	113.025	0	0	0
2	africaeurope_30gen60gen_rep17	2	92.3463451427335	90.8190737372828	93.8736165481841	-743.091139856876	-7.29562176060073	2	TRUE	92.311	0	0	0
2	africaeurope_30gen60gen_rep18	1	72.3626302012478	68.9917488479165	75.7335115545791	-743.091139856876	-9.28792184552178	2	TRUE	65.516	0	0	0
2	africaeurope_30gen60gen_rep19	1	72.3626302012478	68.9917488479165	75.7335115545791	-743.091139856876	-13.32525492558	2	TRUE	82.783	0	0	0
2	africaeurope_30gen60gen_rep2	2	92.3463451427335	90.8190737372828	93.8736165481841	-743.091139856876	-10.8904863346191	2	TRUE	99.261	0	0	0
2	africaeurope_30gen60gen_rep20	1	72.3626302012478	68.9917488479165	75.7335115545791	-743.091139856876	-8.99278108493503	2	TRUE	66.014	0	0	0
2	africaeurope_30gen60gen_rep21	1	72.3626302012478	68.9917488479165	75.7335115545791	-743.091139856876	-12.7732819189561	2	TRUE	62.643	0	0	0
2	africaeurope_30gen60gen_rep22	1	72.3626302012478	68.9917488479165	75.7335115545791	-743.091139856876	-26.581627744313	2	TRUE	60.777	0	0	0
2	africaeurope_30gen60gen_rep23	1	72.3626302012478	68.9917488479165	75.7335115545791	-743.091139856876	-7.18622256319944	2	TRUE	71.635	0	0	0
2	africaeurope_30gen60gen_rep24	2	92.3463451427335	90.8190737372828	93.8736165481841	-743.091139856876	-10.9487231846662	2	TRUE	88.9	0	0	0
2	africaeurope_30gen60gen_rep25	1	72.3626302012478	68.9917488479165	75.7335115545791	-743.091139856876	-7.1036019654347	2	TRUE	72.373	0	0	0
2	africaeurope_30gen60gen_rep26	1	72.3626302012478	68.9917488479165	75.7335115545791	-743.091139856876	-12.7280372407621	2	TRUE	59.509	0	0	0
2	africaeurope_30gen60gen_rep27	1	72.3626302012478	68.9917488479165	75.7335115545791	-743.091139856876	-8.70882250146634	2	TRUE	73.13	0	0	0
2	africaeurope_30gen60gen_rep28	1	72.3626302012478	68.9917488479165	75.7335115545791	-743.091139856876	-9.27835082840227	2	TRUE	78.54	0	0	0
2	africaeurope_30gen60gen_rep29	1	72.3626302012478	68.9917488479165	75.7335115545791	-743.091139856876	-6.94390602675863	2	TRUE	73.292	0	0	0
2	africaeurope_30gen60gen_rep3	1	72.3626302012478	68.9917488479165	75.7335115545791	-743.091139856876	-13.1361076494697	2	TRUE	60.727	0	0	0
2	africaeurope_30gen60gen_rep30	2	92.3463451427335	90.8190737372828	93.8736165481841	-743.091139856876	-11.1785077496611	2	TRUE	85.538	0	0	0
2	africaeurope_30gen60gen_rep4	1	72.3626302012478	68.9917488479165	75.7335115545791	-743.091139856876	-24.134224763309	2	TRUE	56.254	0	0	0
2	africaeurope_30gen60gen_rep5	2	92.3463451427335	90.8190737372828	93.8736165481841	-743.091139856876	-11.0367753966713	2	TRUE	96.758	0	0	0
2	africaeurope_30gen60gen_rep6	1	72.3626302012478	68.9917488479165	75.7335115545791	-743.091139856876	-10.3661575404833	2	TRUE	63.991	0	0	0
2	africaeurope_30gen60gen_rep7	1	72.3626302012478	68.9917488479165	75.7335115545791	-743.091139856876	-8.97262495944329	2	TRUE	77.576	0	0	0
2	africaeurope_30gen60gen_rep8	1	72.3626302012478	68.9917488479165	75.7335115545791	-743.091139856876	-19.742871082184	2	TRUE	45.867	0	0	0
2	africaeurope_30gen60gen_rep9	2	92.3463451427335	90.8190737372828	93.8736165481841	-743.091139856876	-9.54116428967076	2	TRUE	97.731	0	0	0
2	africaeurope_5050_30gen_0.510	2	92.3463451427335	90.8190737372828	93.8736165481841	-743.091139856876	-7.02830710955738	2	TRUE	90.099	60	60	60
2	africaeurope_5050_30gen_0.511	2	92.3463451427335	90.8190737372828	93.8736165481841	-743.091139856876	-16.5020977100663	2	TRUE	84.21	60	60	60
2	africaeurope_5050_30gen_0.512	2	92.3463451427335	90.8190737372828	93.8736165481841	-743.091139856876	-8.67250647523374	2	TRUE	96.885	60	60	60
2	africaeurope_5050_30gen_0.513	2	92.3463451427335	90.8190737372828	93.8736165481841	-743.091139856876	-17.493831124746	2	TRUE	100.951	60	60	60
2	africaeurope_5050_30gen_0.514	2	92.3463451427335	90.8190737372828	93.8736165481841	-743.091139856876	-9.34398821487984	2	TRUE	89.077	60	60	60
2	africaeurope_5050_30gen_0.515	2	92.3463451427335	90.8190737372828	93.8736165481841	-743.091139856876	-5.57745135412731	2	TRUE	90.705	60	60	60
2	africaeurope_5050_30gen_0.516	2	92.3463451427335	90.8190737372828	93.8736165481841	-743.091139856876	-5.25477698177986	2	TRUE	91.57	60	60	60
2	africaeurope_5050_30gen_0.517	2	92.3463451427335	90.8190737372828	93.8736165481841	-743.091139856876	-4.90397354050772	2	TRUE	92.466	60	60	60
2	africaeurope_5050_30gen_0.518	2	92.3463451427335	90.8190737372828	93.8736165481841	-743.091139856876	-5.81877978826113	2	TRUE	90.446	60	60	60
2	africaeurope_5050_30gen_0.519	2	92.3463451427335	90.8190737372828	93.8736165481841	-743.091139856876	-11.3648426804574	2	TRUE	85.373	60	60	60
2	africaeurope_5050_30gen_0.51	1	72.3626302012478	68.9917488479165	75.7335115545791	-743.091139856876	-11.5541695571832	2	TRUE	82.467	60	60	60
2	africaeurope_5050_30gen_0.520	2	92.3463451427335	90.8190737372828	93.8736165481841	-743.091139856876	-5.12695485300272	2	TRUE	92.292	60	60	60
2	africaeurope_5050_30gen_0.521	2	92.3463451427335	90.8190737372828	93.8736165481841	-743.091139856876	-5.58325783593677	2	TRUE	93.885	60	60	60
2	africaeurope_5050_30gen_0.522	2	92.3463451427335	90.8190737372828	93.8736165481841	-743.091139856876	-23.0860745090227	2	TRUE	103.509	60	60	60
2	africaeurope_5050_30gen_0.523	1	72.3626302012478	68.9917488479165	75.7335115545791	-743.091139856876	-57.9140447653819	2	TRUE	79.307	60	60	60
2	africaeurope_5050_30gen_0.524	2	92.3463451427335	90.8190737372828	93.8736165481841	-743.091139856876	-8.63139925377346	2	TRUE	97.074	60	60	60
2	africaeurope_5050_30gen_0.525	2	92.3463451427335	90.8190737372828	93.8736165481841	-743.091139856876	-6.82969395731599	2	TRUE	92.446	60	60	60
2	africaeurope_5050_30gen_0.526	2	92.3463451427335	90.8190737372828	93.8736165481841	-743.091139856876	-5.90886896128367	2	TRUE	93.086	60	60	60
2	africaeurope_5050_30gen_0.527	2	92.3463451427335	90.8190737372828	93.8736165481841	-743.091139856876	-5.70482226077968	2	TRUE	94.153	60	60	60
2	africaeurope_5050_30gen_0.528	2	92.3463451427335	90.8190737372828	93.8736165481841	-743.091139856876	-6.44251062012113	2	TRUE	90.049	60	60	60
2	africaeurope_5050_30gen_0.529	2	92.3463451427335	90.8190737372828	93.8736165481841	-743.091139856876	-8.00848030434845	2	TRUE	95.071	60	60	60
2	africaeurope_5050_30gen_0.52	2	92.3463451427335	90.8190737372828	93.8736165481841	-743.091139856876	-9.39372729581447	2	TRUE	87.762	60	60	60
2	africaeurope_5050_30gen_0.530	2	92.3463451427335	90.8190737372828	93.8736165481841	-743.091139856876	-34.7464422526034	2	TRUE	84.08	60	60	60
2	africaeurope_5050_30gen_0.53	2	92.3463451427335	90.8190737372828	93.8736165481841	-743.091139856876	-15.1034313729282	2	TRUE	85.293	60	60	60
2	africaeurope_5050_30gen_0.54	2	92.3463451427335	90.8190737372828	93.8736165481841	-743.091139856876	-5.99159100348449	2	TRUE	94.162	60	60	60
2	africaeurope_5050_30gen_0.55	2	92.3463451427335	90.8190737372828	93.8736165481841	-743.091139856876	-41.6818839426529	2	TRUE	101.561	60	60	60
2	africaeurope_5050_30gen_0.56	2	92.3463451427335	90.8190737372828	93.8736165481841	-743.091139856876	-5.93062660537169	2	TRUE	93.901	60	60	60
2	africaeurope_5050_30gen_0.57	2	92.3463451427335	90.8190737372828	93.8736165481841	-743.091139856876	-11.87238705688	2	TRUE	96.416	60	60	60
2	africaeurope_5050_30gen_0.58	2	92.3463451427335	90.8190737372828	93.8736165481841	-743.091139856876	-9.34232823105041	2	TRUE	88.291	60	60	60
2	africaeurope_5050_30gen_0.59	2	92.3463451427335	90.8190737372828	93.8736165481841	-743.091139856876	-10.3719639095839	2	TRUE	89.087	60	60	60
3	africaeurope_30gen60gen_rep1	1	65.1255475854272	60.3450381841534	69.906056986701	-592.345699570616	-7.46342887553056	2	FALSE	68.192	0	0	0
3	africaeurope_30gen60gen_rep10	1	65.1255475854272	60.3450381841534	69.906056986701	-592.345699570616	-10.5213713545488	2	FALSE	74.165	0	0	0
3	africaeurope_30gen60gen_rep11	1	65.1255475854272	60.3450381841534	69.906056986701	-592.345699570616	-7.23492560713173	2	FALSE	64.116	0	0	0
3	africaeurope_30gen60gen_rep12	1	65.1255475854272	60.3450381841534	69.906056986701	-592.345699570616	-13.0039084311095	2	FALSE	51.387	0	0	0
3	africaeurope_30gen60gen_rep13	2	83.416675147669	80.5104716272952	86.3228786680429	-592.345699570616	-9.24510490982101	2	FALSE	79.155	0	0	0
3	africaeurope_30gen60gen_rep14	3	93.727438465882	92.0480433415116	95.4068335902524	-592.345699570616	-10.4430296441766	2	FALSE	93.959	0	0	0
3	africaeurope_30gen60gen_rep15	2	83.416675147669	80.5104716272952	86.3228786680429	-592.345699570616	-11.2511995870389	2	FALSE	81.048	0	0	0
3	africaeurope_30gen60gen_rep16	3	93.727438465882	92.0480433415116	95.4068335902524	-592.345699570616	-22.6900711625716	2	FALSE	113.025	0	0	0
3	africaeurope_30gen60gen_rep17	3	93.727438465882	92.0480433415116	95.4068335902524	-592.345699570616	-7.41050999926123	2	FALSE	92.311	0	0	0
3	africaeurope_30gen60gen_rep18	1	65.1255475854272	60.3450381841534	69.906056986701	-592.345699570616	-7.49101729719339	2	FALSE	65.516	0	0	0
3	africaeurope_30gen60gen_rep19	2	83.416675147669	80.5104716272952	86.3228786680429	-592.345699570616	-7.15380568426451	2	FALSE	82.783	0	0	0
3	africaeurope_30gen60gen_rep2	3	93.727438465882	92.0480433415116	95.4068335902524	-592.345699570616	-9.87826271919707	2	FALSE	99.261	0	0	0
3	africaeurope_30gen60gen_rep20	1	65.1255475854272	60.3450381841534	69.906056986701	-592.345699570616	-7.03127869255014	2	FALSE	66.014	0	0	0
3	africaeurope_30gen60gen_rep21	1	65.1255475854272	60.3450381841534	69.906056986701	-592.345699570616	-11.50740528809	2	FALSE	62.643	0	0	0
3	africaeurope_30gen60gen_rep22	1	65.1255475854272	60.3450381841534	69.906056986701	-592.345699570616	-11.6570195606209	2	FALSE	60.777	0	0	0
3	africaeurope_30gen60gen_rep23	1	65.1255475854272	60.3450381841534	69.906056986701	-592.345699570616	-11.7911391896918	2	FALSE	71.635	0	0	0
3	africaeurope_30gen60gen_rep24	3	93.727438465882	92.0480433415116	95.4068335902524	-592.345699570616	-11.2025372572385	2	FALSE	88.9	0	0	0
3	africaeurope_30gen60gen_rep25	1	65.1255475854272	60.3450381841534	69.906056986701	-592.345699570616	-9.50869774396772	2	FALSE	72.373	0	0	0
3	africaeurope_30gen60gen_rep26	1	65.1255475854272	60.3450381841534	69.906056986701	-592.345699570616	-9.68338876578837	2	FALSE	59.509	0	0	0
3	africaeurope_30gen60gen_rep27	1	65.1255475854272	60.3450381841534	69.906056986701	-592.345699570616	-10.102767852826	2	FALSE	73.13	0	0	0
3	africaeurope_30gen60gen_rep28	2	83.416675147669	80.5104716272952	86.3228786680429	-592.345699570616	-8.44852037646694	2	FALSE	78.54	0	0	0
3	africaeurope_30gen60gen_rep29	1	65.1255475854272	60.3450381841534	69.906056986701	-592.345699570616	-10.4836955201316	2	FALSE	73.292	0	0	0
3	africaeurope_30gen60gen_rep3	1	65.1255475854272	60.3450381841534	69.906056986701	-592.345699570616	-8.00709470438148	2	FALSE	60.727	0	0	0
3	africaeurope_30gen60gen_rep30	2	83.416675147669	80.5104716272952	86.3228786680429	-592.345699570616	-8.42068679380453	2	FALSE	85.538	0	0	0
3	africaeurope_30gen60gen_rep4	1	65.1255475854272	60.3450381841534	69.906056986701	-592.345699570616	-12.1895152308727	2	FALSE	56.254	0	0	0
3	africaeurope_30gen60gen_rep5	3	93.727438465882	92.0480433415116	95.4068335902524	-592.345699570616	-10.6459674397231	2	FALSE	96.758	0	0	0
3	africaeurope_30gen60gen_rep6	1	65.1255475854272	60.3450381841534	69.906056986701	-592.345699570616	-7.12281419437143	2	FALSE	63.991	0	0	0
3	africaeurope_30gen60gen_rep7	2	83.416675147669	80.5104716272952	86.3228786680429	-592.345699570616	-9.1552872888008	2	FALSE	77.576	0	0	0
3	africaeurope_30gen60gen_rep8	1	65.1255475854272	60.3450381841534	69.906056986701	-592.345699570616	-15.6443908190832	2	FALSE	45.867	0	0	0
3	africaeurope_30gen60gen_rep9	3	93.727438465882	92.0480433415116	95.4068335902524	-592.345699570616	-8.6224835258951	2	FALSE	97.731	0	0	0
3	africaeurope_5050_30gen_0.510	3	93.727438465882	92.0480433415116	95.4068335902524	-592.345699570616	-10.065048162675	2	FALSE	90.099	60	60	60
3	africaeurope_5050_30gen_0.511	2	83.416675147669	80.5104716272952	86.3228786680429	-592.345699570616	-5.82052733058976	2	FALSE	84.21	60	60	60
3	africaeurope_5050_30gen_0.512	3	93.727438465882	92.0480433415116	95.4068335902524	-592.345699570616	-6.96431008234255	2	FALSE	96.885	60	60	60
3	africaeurope_5050_30gen_0.513	3	93.727438465882	92.0480433415116	95.4068335902524	-592.345699570616	-13.9059508346655	2	FALSE	100.951	60	60	60
3	africaeurope_5050_30gen_0.514	3	93.727438465882	92.0480433415116	95.4068335902524	-592.345699570616	-13.5908552069413	2	FALSE	89.077	60	60	60
3	africaeurope_5050_30gen_0.515	3	93.727438465882	92.0480433415116	95.4068335902524	-592.345699570616	-6.9252356524165	2	FALSE	90.705	60	60	60
3	africaeurope_5050_30gen_0.516	3	93.727438465882	92.0480433415116	95.4068335902524	-592.345699570616	-6.01842459841938	2	FALSE	91.57	60	60	60
3	africaeurope_5050_30gen_0.517	3	93.727438465882	92.0480433415116	95.4068335902524	-592.345699570616	-5.34936213295434	2	FALSE	92.466	60	60	60
3	africaeurope_5050_30gen_0.518	3	93.727438465882	92.0480433415116	95.4068335902524	-592.345699570616	-7.66217309085792	2	FALSE	90.446	60	60	60
3	africaeurope_5050_30gen_0.519	2	83.416675147669	80.5104716272952	86.3228786680429	-592.345699570616	-6.35414308672823	2	FALSE	85.373	60	60	60
3	africaeurope_5050_30gen_0.51	2	83.416675147669	80.5104716272952	86.3228786680429	-592.345699570616	-8.2801860516615	2	FALSE	82.467	60	60	60
3	africaeurope_5050_30gen_0.520	3	93.727438465882	92.0480433415116	95.4068335902524	-592.345699570616	-5.52699124329318	2	FALSE	92.292	60	60	60
3	africaeurope_5050_30gen_0.521	3	93.727438465882	92.0480433415116	95.4068335902524	-592.345699570616	-5.16340921399742	2	FALSE	93.885	60	60	60
3	africaeurope_5050_30gen_0.522	3	93.727438465882	92.0480433415116	95.4068335902524	-592.345699570616	-19.0282744006687	2	FALSE	103.509	60	60	60
3	africaeurope_5050_30gen_0.523	2	83.416675147669	80.5104716272952	86.3228786680429	-592.345699570616	-21.0484315995137	2	FALSE	79.307	60	60	60
3	africaeurope_5050_30gen_0.524	3	93.727438465882	92.0480433415116	95.4068335902524	-592.345699570616	-7.4235382552708	2	FALSE	97.074	60	60	60
3	africaeurope_5050_30gen_0.525	3	93.727438465882	92.0480433415116	95.4068335902524	-592.345699570616	-7.87960430297584	2	FALSE	92.446	60	60	60
3	africaeurope_5050_30gen_0.526	3	93.727438465882	92.0480433415116	95.4068335902524	-592.345699570616	-5.90955190445206	2	FALSE	93.086	60	60	60
3	africaeurope_5050_30gen_0.527	3	93.727438465882	92.0480433415116	95.4068335902524	-592.345699570616	-4.98788066532749	2	FALSE	94.153	60	60	60
3	africaeurope_5050_30gen_0.528	3	93.727438465882	92.0480433415116	95.4068335902524	-592.345699570616	-8.86285690066813	2	FALSE	90.049	60	60	60
3	africaeurope_5050_30gen_0.529	3	93.727438465882	92.0480433415116	95.4068335902524	-592.345699570616	-5.94334003431938	2	FALSE	95.071	60	60	60
3	africaeurope_5050_30gen_0.52	2	83.416675147669	80.5104716272952	86.3228786680429	-592.345699570616	-9.89428926937273	2	FALSE	87.762	60	60	60
3	africaeurope_5050_30gen_0.530	2	83.416675147669	80.5104716272952	86.3228786680429	-592.345699570616	-9.58578190767534	2	FALSE	84.08	60	60	60
3	africaeurope_5050_30gen_0.53	2	83.416675147669	80.5104716272952	86.3228786680429	-592.345699570616	-6.61762069552146	2	FALSE	85.293	60	60	60
3	africaeurope_5050_30gen_0.54	3	93.727438465882	92.0480433415116	95.4068335902524	-592.345699570616	-5.06398614886765	2	FALSE	94.162	60	60	60
3	africaeurope_5050_30gen_0.55	3	93.727438465882	92.0480433415116	95.4068335902524	-592.345699570616	-31.7047457977878	2	FALSE	101.561	60	60	60
3	africaeurope_5050_30gen_0.56	3	93.727438465882	92.0480433415116	95.4068335902524	-592.345699570616	-5.14498361751252	2	FALSE	93.901	60	60	60
3	africaeurope_5050_30gen_0.57	3	93.727438465882	92.0480433415116	95.4068335902524	-592.345699570616	-8.2299827725426	2	FALSE	96.416	60	60	60
3	africaeurope_5050_30gen_0.58	2	83.416675147669	80.5104716272952	86.3228786680429	-592.345699570616	-13.0741204070814	2	FALSE	88.291	60	60	60
3	africaeurope_5050_30gen_0.59	3	93.727438465882	92.0480433415116	95.4068335902524	-592.345699570616	-15.308768687366	2	FALSE	89.087	60	60	60
4	africaeurope_30gen60gen_rep1	1	65.1255475854272	60.3450381841534	69.906056986701	-514.927556563691	-7.46342887553056	2	FALSE	68.192	0	0	0
4	africaeurope_30gen60gen_rep10	1	65.1255475854272	60.3450381841534	69.906056986701	-514.927556563691	-10.5213713545488	2	FALSE	74.165	0	0	0
4	africaeurope_30gen60gen_rep11	1	65.1255475854272	60.3450381841534	69.906056986701	-514.927556563691	-7.23492560713173	2	FALSE	64.116	0	0	0
4	africaeurope_30gen60gen_rep12	1	65.1255475854272	60.3450381841534	69.906056986701	-514.927556563691	-13.0039084311095	2	FALSE	51.387	0	0	0
4	africaeurope_30gen60gen_rep13	2	82.1791020050554	78.9084957469918	85.4497082631189	-514.927556563691	-8.66210616939378	2	FALSE	79.155	0	0	0
4	africaeurope_30gen60gen_rep14	3	91.6451961685021	89.8102912718909	93.4801010651132	-514.927556563691	-11.1471551166097	2	FALSE	93.959	0	0	0
4	africaeurope_30gen60gen_rep15	2	82.1791020050554	78.9084957469918	85.4497082631189	-514.927556563691	-10.9362696414426	2	FALSE	81.048	0	0	0
4	africaeurope_30gen60gen_rep16	4	99.5148561481926	96.0325868801167	102.997125416269	-514.927556563691	-15.4667956982847	2	FALSE	113.025	0	0	0
4	africaeurope_30gen60gen_rep17	3	91.6451961685021	89.8102912718909	93.4801010651132	-514.927556563691	-7.8054344708973	2	FALSE	92.311	0	0	0
4	africaeurope_30gen60gen_rep18	1	65.1255475854272	60.3450381841534	69.906056986701	-514.927556563691	-7.49101729719339	2	FALSE	65.516	0	0	0
4	africaeurope_30gen60gen_rep19	2	82.1791020050554	78.9084957469918	85.4497082631189	-514.927556563691	-6.97433858572494	2	FALSE	82.783	0	0	0
4	africaeurope_30gen60gen_rep2	4	99.5148561481926	96.0325868801167	102.997125416269	-514.927556563691	-7.46619904720154	2	FALSE	99.261	0	0	0
4	africaeurope_30gen60gen_rep20	1	65.1255475854272	60.3450381841534	69.906056986701	-514.927556563691	-7.03127869255014	2	FALSE	66.014	0	0	0
4	africaeurope_30gen60gen_rep21	1	65.1255475854272	60.3450381841534	69.906056986701	-514.927556563691	-11.50740528809	2	FALSE	62.643	0	0	0
4	africaeurope_30gen60gen_rep22	1	65.1255475854272	60.3450381841534	69.906056986701	-514.927556563691	-11.6570195606209	2	FALSE	60.777	0	0	0
4	africaeurope_30gen60gen_rep23	1	65.1255475854272	60.3450381841534	69.906056986701	-514.927556563691	-11.7911391896918	2	FALSE	71.635	0	0	0
4	africaeurope_30gen60gen_rep24	3	91.6451961685021	89.8102912718909	93.4801010651132	-514.927556563691	-11.2864038956584	2	FALSE	88.9	0	0	0
4	africaeurope_30gen60gen_rep25	1	65.1255475854272	60.3450381841534	69.906056986701	-514.927556563691	-9.50869774396772	2	FALSE	72.373	0	0	0
4	africaeurope_30gen60gen_rep26	1	65.1255475854272	60.3450381841534	69.906056986701	-514.927556563691	-9.68338876578837	2	FALSE	59.509	0	0	0
4	africaeurope_30gen60gen_rep27	1	65.1255475854272	60.3450381841534	69.906056986701	-514.927556563691	-10.102767852826	2	FALSE	73.13	0	0	0
4	africaeurope_30gen60gen_rep28	2	82.1791020050554	78.9084957469918	85.4497082631189	-514.927556563691	-7.59401995807092	2	FALSE	78.54	0	0	0
4	africaeurope_30gen60gen_rep29	1	65.1255475854272	60.3450381841534	69.906056986701	-514.927556563691	-10.4836955201316	2	FALSE	73.292	0	0	0
4	africaeurope_30gen60gen_rep3	1	65.1255475854272	60.3450381841534	69.906056986701	-514.927556563691	-8.00709470438148	2	FALSE	60.727	0	0	0
4	africaeurope_30gen60gen_rep30	2	82.1791020050554	78.9084957469918	85.4497082631189	-514.927556563691	-8.47550639366921	2	FALSE	85.538	0	0	0
4	africaeurope_30gen60gen_rep4	1	65.1255475854272	60.3450381841534	69.906056986701	-514.927556563691	-12.1895152308727	2	FALSE	56.254	0	0	0
4	africaeurope_30gen60gen_rep5	4	99.5148561481926	96.0325868801167	102.997125416269	-514.927556563691	-9.90550054351588	2	FALSE	96.758	0	0	0
4	africaeurope_30gen60gen_rep6	1	65.1255475854272	60.3450381841534	69.906056986701	-514.927556563691	-7.12281419437143	2	FALSE	63.991	0	0	0
4	africaeurope_30gen60gen_rep7	2	82.1791020050554	78.9084957469918	85.4497082631189	-514.927556563691	-8.02428473745012	2	FALSE	77.576	0	0	0
4	africaeurope_30gen60gen_rep8	1	65.1255475854272	60.3450381841534	69.906056986701	-514.927556563691	-15.6443908190832	2	FALSE	45.867	0	0	0
4	africaeurope_30gen60gen_rep9	4	99.5148561481926	96.0325868801167	102.997125416269	-514.927556563691	-7.10544980803065	2	FALSE	97.731	0	0	0
4	africaeurope_5050_30gen_0.510	3	91.6451961685021	89.8102912718909	93.4801010651132	-514.927556563691	-5.34083684906805	2	FALSE	90.099	60	60	60
4	africaeurope_5050_30gen_0.511	2	82.1791020050554	78.9084957469918	85.4497082631189	-514.927556563691	-6.78075926257758	2	FALSE	84.21	60	60	60
4	africaeurope_5050_30gen_0.512	4	99.5148561481926	96.0325868801167	102.997125416269	-514.927556563691	-6.64386938777854	2	FALSE	96.885	60	60	60
4	africaeurope_5050_30gen_0.513	4	99.5148561481926	96.0325868801167	102.997125416269	-514.927556563691	-5.8700759299807	2	FALSE	100.951	60	60	60
4	africaeurope_5050_30gen_0.514	3	91.6451961685021	89.8102912718909	93.4801010651132	-514.927556563691	-6.99140817460351	2	FALSE	89.077	60	60	60
4	africaeurope_5050_30gen_0.515	3	91.6451961685021	89.8102912718909	93.4801010651132	-514.927556563691	-5.23326432257764	2	FALSE	90.705	60	60	60
4	africaeurope_5050_30gen_0.516	3	91.6451961685021	89.8102912718909	93.4801010651132	-514.927556563691	-5.26061899660813	2	FALSE	91.57	60	60	60
4	africaeurope_5050_30gen_0.517	3	91.6451961685021	89.8102912718909	93.4801010651132	-514.927556563691	-4.86186623749348	2	FALSE	92.466	60	60	60
4	africaeurope_5050_30gen_0.518	3	91.6451961685021	89.8102912718909	93.4801010651132	-514.927556563691	-5.0928562694945	2	FALSE	90.446	60	60	60
4	africaeurope_5050_30gen_0.519	2	82.1791020050554	78.9084957469918	85.4497082631189	-514.927556563691	-7.02796034172371	2	FALSE	85.373	60	60	60
4	africaeurope_5050_30gen_0.51	2	82.1791020050554	78.9084957469918	85.4497082631189	-514.927556563691	-8.01505475847706	2	FALSE	82.467	60	60	60
4	africaeurope_5050_30gen_0.520	3	91.6451961685021	89.8102912718909	93.4801010651132	-514.927556563691	-5.31138164357895	2	FALSE	92.292	60	60	60
4	africaeurope_5050_30gen_0.521	3	91.6451961685021	89.8102912718909	93.4801010651132	-514.927556563691	-6.19080316036614	2	FALSE	93.885	60	60	60
4	africaeurope_5050_30gen_0.522	4	99.5148561481926	96.0325868801167	102.997125416269	-514.927556563691	-7.80165016436707	2	FALSE	103.509	60	60	60
4	africaeurope_5050_30gen_0.523	2	82.1791020050554	78.9084957469918	85.4497082631189	-514.927556563691	-19.049322331825	2	FALSE	79.307	60	60	60
4	africaeurope_5050_30gen_0.524	4	99.5148561481926	96.0325868801167	102.997125416269	-514.927556563691	-6.50300770634041	2	FALSE	97.074	60	60	60
4	africaeurope_5050_30gen_0.525	3	91.6451961685021	89.8102912718909	93.4801010651132	-514.927556563691	-5.36570798330873	2	FALSE	92.446	60	60	60
4	africaeurope_5050_30gen_0.526	3	91.6451961685021	89.8102912718909	93.4801010651132	-514.927556563691	-5.48032035341215	2	FALSE	93.086	60	60	60
4	africaeurope_5050_30gen_0.527	3	91.6451961685021	89.8102912718909	93.4801010651132	-514.927556563691	-6.31304686402146	2	FALSE	94.153	60	60	60
4	africaeurope_5050_30gen_0.528	3	91.6451961685021	89.8102912718909	93.4801010651132	-514.927556563691	-5.31862743989209	2	FALSE	90.049	60	60	60
4	africaeurope_5050_30gen_0.529	3	91.6451961685021	89.8102912718909	93.4801010651132	-514.927556563691	-8.88246317388089	2	FALSE	95.071	60	60	60
4	africaeurope_5050_30gen_0.52	3	91.6451961685021	89.8102912718909	93.4801010651132	-514.927556563691	-8.1758328303816	2	FALSE	87.762	60	60	60
4	africaeurope_5050_30gen_0.530	2	82.1791020050554	78.9084957469918	85.4497082631189	-514.927556563691	-12.8974741298275	2	FALSE	84.08	60	60	60
4	africaeurope_5050_30gen_0.53	2	82.1791020050554	78.9084957469918	85.4497082631189	-514.927556563691	-8.42207200310282	2	FALSE	85.293	60	60	60
4	africaeurope_5050_30gen_0.54	3	91.6451961685021	89.8102912718909	93.4801010651132	-514.927556563691	-6.49673711128914	2	FALSE	94.162	60	60	60
4	africaeurope_5050_30gen_0.55	4	99.5148561481926	96.0325868801167	102.997125416269	-514.927556563691	-10.7349926069976	2	FALSE	101.561	60	60	60
4	africaeurope_5050_30gen_0.56	3	91.6451961685021	89.8102912718909	93.4801010651132	-514.927556563691	-6.24537919823584	2	FALSE	93.901	60	60	60
4	africaeurope_5050_30gen_0.57	4	99.5148561481926	96.0325868801167	102.997125416269	-514.927556563691	-12.1815036930581	2	FALSE	96.416	60	60	60
4	africaeurope_5050_30gen_0.58	3	91.6451961685021	89.8102912718909	93.4801010651132	-514.927556563691	-7.6894363303548	2	FALSE	88.291	60	60	60
4	africaeurope_5050_30gen_0.59	3	91.6451961685021	89.8102912718909	93.4801010651132	-514.927556563691	-7.45590411522834	2	FALSE	89.087	60	60	60
