# CLUSTERING STRENGTH + LIKELIHOOD K SELECTION RESULTS (DATES)
# Recommended K: 2
# Method: DATES
# Clustering strength threshold: 0.983
# Likelihood thresholds: k1 to k2(k=2):1.2 k1 to k2(k=3):2.59 k2 to k3:0.71 k3 to k4:0.49
#
model_k	pop	cluster	joint_date_est_best	joint_date_lowerci	joint_date_upperci	likelihood_mean	likelihood_per_ind	recommended_k	is_recommended	ind_date_est	sample_age_est_best	sample_age_lowerci_mean	sample_age_upperci_mean
1	africaeurope_30gen30gen_rep1	1	57.2980601007902	56.021145445054	58.5749747565264	-1356.75194381867	-10.666268247684	2	FALSE	50.634	0	NA	NA
1	africaeurope_30gen30gen_rep10	1	57.2980601007902	56.021145445054	58.5749747565264	-1356.75194381867	-44.2894043236918	2	FALSE	42.88	0	NA	NA
1	africaeurope_30gen30gen_rep11	1	57.2980601007902	56.021145445054	58.5749747565264	-1356.75194381867	-14.0254698545223	2	FALSE	64.318	0	NA	NA
1	africaeurope_30gen30gen_rep12	1	57.2980601007902	56.021145445054	58.5749747565264	-1356.75194381867	-30.6662070228826	2	FALSE	38.515	0	NA	NA
1	africaeurope_30gen30gen_rep13	1	57.2980601007902	56.021145445054	58.5749747565264	-1356.75194381867	-29.1947497604526	2	FALSE	37.063	0	NA	NA
1	africaeurope_30gen30gen_rep14	1	57.2980601007902	56.021145445054	58.5749747565264	-1356.75194381867	-61.204846660119	2	FALSE	23.565	0	NA	NA
1	africaeurope_30gen30gen_rep15	1	57.2980601007902	56.021145445054	58.5749747565264	-1356.75194381867	-8.53315453283744	2	FALSE	53.068	0	NA	NA
1	africaeurope_30gen30gen_rep16	1	57.2980601007902	56.021145445054	58.5749747565264	-1356.75194381867	-18.7663684954676	2	FALSE	47.969	0	NA	NA
1	africaeurope_30gen30gen_rep17	1	57.2980601007902	56.021145445054	58.5749747565264	-1356.75194381867	-21.1044402514217	2	FALSE	45.116	0	NA	NA
1	africaeurope_30gen30gen_rep18	1	57.2980601007902	56.021145445054	58.5749747565264	-1356.75194381867	-38.1536831834103	2	FALSE	42.078	0	NA	NA
1	africaeurope_30gen30gen_rep19	1	57.2980601007902	56.021145445054	58.5749747565264	-1356.75194381867	-16.0414876171075	2	FALSE	46.6	0	NA	NA
1	africaeurope_30gen30gen_rep2	1	57.2980601007902	56.021145445054	58.5749747565264	-1356.75194381867	-12.7417191997771	2	FALSE	49.593	0	NA	NA
1	africaeurope_30gen30gen_rep20	1	57.2980601007902	56.021145445054	58.5749747565264	-1356.75194381867	-25.9200975373178	2	FALSE	46.347	0	NA	NA
1	africaeurope_30gen30gen_rep21	1	57.2980601007902	56.021145445054	58.5749747565264	-1356.75194381867	-11.173535826603	2	FALSE	50.946	0	NA	NA
1	africaeurope_30gen30gen_rep22	1	57.2980601007902	56.021145445054	58.5749747565264	-1356.75194381867	-20.8401076873924	2	FALSE	41.315	0	NA	NA
1	africaeurope_30gen30gen_rep23	1	57.2980601007902	56.021145445054	58.5749747565264	-1356.75194381867	-12.5622957434285	2	FALSE	49.335	0	NA	NA
1	africaeurope_30gen30gen_rep24	1	57.2980601007902	56.021145445054	58.5749747565264	-1356.75194381867	-32.3837563849757	2	FALSE	43.631	0	NA	NA
1	africaeurope_30gen30gen_rep25	1	57.2980601007902	56.021145445054	58.5749747565264	-1356.75194381867	-13.7673854440589	2	FALSE	47.903	0	NA	NA
1	africaeurope_30gen30gen_rep26	1	57.2980601007902	56.021145445054	58.5749747565264	-1356.75194381867	-10.6645324933385	2	FALSE	51.106	0	NA	NA
1	africaeurope_30gen30gen_rep27	1	57.2980601007902	56.021145445054	58.5749747565264	-1356.75194381867	-8.95535369853131	2	FALSE	62.182	0	NA	NA
1	africaeurope_30gen30gen_rep28	1	57.2980601007902	56.021145445054	58.5749747565264	-1356.75194381867	-23.3560897534871	2	FALSE	46.213	0	NA	NA
1	africaeurope_30gen30gen_rep29	1	57.2980601007902	56.021145445054	58.5749747565264	-1356.75194381867	-25.1656758722576	2	FALSE	40.781	0	NA	NA
1	africaeurope_30gen30gen_rep3	1	57.2980601007902	56.021145445054	58.5749747565264	-1356.75194381867	-11.1365872874597	2	FALSE	51.16	0	NA	NA
1	africaeurope_30gen30gen_rep30	1	57.2980601007902	56.021145445054	58.5749747565264	-1356.75194381867	-78.0631075235752	2	FALSE	40.282	0	NA	NA
1	africaeurope_30gen30gen_rep4	1	57.2980601007902	56.021145445054	58.5749747565264	-1356.75194381867	-91.2237805639475	2	FALSE	32.406	0	NA	NA
1	africaeurope_30gen30gen_rep5	1	57.2980601007902	56.021145445054	58.5749747565264	-1356.75194381867	-19.8312695153925	2	FALSE	45.49	0	NA	NA
1	africaeurope_30gen30gen_rep6	1	57.2980601007902	56.021145445054	58.5749747565264	-1356.75194381867	-8.53424355541215	2	FALSE	54.057	0	NA	NA
1	africaeurope_30gen30gen_rep7	1	57.2980601007902	56.021145445054	58.5749747565264	-1356.75194381867	-19.984218314315	2	FALSE	68.01	0	NA	NA
1	africaeurope_30gen30gen_rep8	1	57.2980601007902	56.021145445054	58.5749747565264	-1356.75194381867	-10.8972946154851	2	FALSE	52.719	0	NA	NA
1	africaeurope_30gen30gen_rep9	1	57.2980601007902	56.021145445054	58.5749747565264	-1356.75194381867	-69.5496780602216	2	FALSE	36.909	0	NA	NA
1	africaeurope_5050_30gen_0.510	1	57.2980601007902	56.021145445054	58.5749747565264	-1356.75194381867	-8.44088286917484	2	FALSE	60.099	30	NA	NA
1	africaeurope_5050_30gen_0.511	1	57.2980601007902	56.021145445054	58.5749747565264	-1356.75194381867	-6.7800884872417	2	FALSE	54.21	30	NA	NA
1	africaeurope_5050_30gen_0.512	1	57.2980601007902	56.021145445054	58.5749747565264	-1356.75194381867	-20.0581480131481	2	FALSE	66.885	30	NA	NA
1	africaeurope_5050_30gen_0.513	1	57.2980601007902	56.021145445054	58.5749747565264	-1356.75194381867	-35.860196592329	2	FALSE	70.951	30	NA	NA
1	africaeurope_5050_30gen_0.514	1	57.2980601007902	56.021145445054	58.5749747565264	-1356.75194381867	-6.8936415496885	2	FALSE	59.077	30	NA	NA
1	africaeurope_5050_30gen_0.515	1	57.2980601007902	56.021145445054	58.5749747565264	-1356.75194381867	-7.36661331485687	2	FALSE	60.705	30	NA	NA
1	africaeurope_5050_30gen_0.516	1	57.2980601007902	56.021145445054	58.5749747565264	-1356.75194381867	-8.43769691484303	2	FALSE	61.57	30	NA	NA
1	africaeurope_5050_30gen_0.517	1	57.2980601007902	56.021145445054	58.5749747565264	-1356.75194381867	-11.9803218000912	2	FALSE	62.466	30	NA	NA
1	africaeurope_5050_30gen_0.518	1	57.2980601007902	56.021145445054	58.5749747565264	-1356.75194381867	-7.46726722994551	2	FALSE	60.446	30	NA	NA
1	africaeurope_5050_30gen_0.519	1	57.2980601007902	56.021145445054	58.5749747565264	-1356.75194381867	-6.58952744365024	2	FALSE	55.373	30	NA	NA
1	africaeurope_5050_30gen_0.51	1	57.2980601007902	56.021145445054	58.5749747565264	-1356.75194381867	-10.3838551710861	2	FALSE	52.467	30	NA	NA
1	africaeurope_5050_30gen_0.520	1	57.2980601007902	56.021145445054	58.5749747565264	-1356.75194381867	-9.72465552211255	2	FALSE	62.292	30	NA	NA
1	africaeurope_5050_30gen_0.521	1	57.2980601007902	56.021145445054	58.5749747565264	-1356.75194381867	-13.0797382759047	2	FALSE	63.885	30	NA	NA
1	africaeurope_5050_30gen_0.522	1	57.2980601007902	56.021145445054	58.5749747565264	-1356.75194381867	-42.3365819914361	2	FALSE	73.509	30	NA	NA
1	africaeurope_5050_30gen_0.523	1	57.2980601007902	56.021145445054	58.5749747565264	-1356.75194381867	-42.111895708636	2	FALSE	49.307	30	NA	NA
1	africaeurope_5050_30gen_0.524	1	57.2980601007902	56.021145445054	58.5749747565264	-1356.75194381867	-16.3434397060686	2	FALSE	67.074	30	NA	NA
1	africaeurope_5050_30gen_0.525	1	57.2980601007902	56.021145445054	58.5749747565264	-1356.75194381867	-23.8121960088072	2	FALSE	62.446	30	NA	NA
1	africaeurope_5050_30gen_0.526	1	57.2980601007902	56.021145445054	58.5749747565264	-1356.75194381867	-21.4845102362309	2	FALSE	63.086	30	NA	NA
1	africaeurope_5050_30gen_0.527	1	57.2980601007902	56.021145445054	58.5749747565264	-1356.75194381867	-16.284740743981	2	FALSE	64.153	30	NA	NA
1	africaeurope_5050_30gen_0.528	1	57.2980601007902	56.021145445054	58.5749747565264	-1356.75194381867	-7.24854998327083	2	FALSE	60.049	30	NA	NA
1	africaeurope_5050_30gen_0.529	1	57.2980601007902	56.021145445054	58.5749747565264	-1356.75194381867	-28.3868478793186	2	FALSE	65.071	30	NA	NA
1	africaeurope_5050_30gen_0.52	1	57.2980601007902	56.021145445054	58.5749747565264	-1356.75194381867	-5.01111486739696	2	FALSE	57.762	30	NA	NA
1	africaeurope_5050_30gen_0.530	1	57.2980601007902	56.021145445054	58.5749747565264	-1356.75194381867	-10.5199952616692	2	FALSE	54.08	30	NA	NA
1	africaeurope_5050_30gen_0.53	1	57.2980601007902	56.021145445054	58.5749747565264	-1356.75194381867	-5.79718311126919	2	FALSE	55.293	30	NA	NA
1	africaeurope_5050_30gen_0.54	1	57.2980601007902	56.021145445054	58.5749747565264	-1356.75194381867	-19.8602323226663	2	FALSE	64.162	30	NA	NA
1	africaeurope_5050_30gen_0.55	1	57.2980601007902	56.021145445054	58.5749747565264	-1356.75194381867	-92.7803009738165	2	FALSE	71.561	30	NA	NA
1	africaeurope_5050_30gen_0.56	1	57.2980601007902	56.021145445054	58.5749747565264	-1356.75194381867	-20.6268754356759	2	FALSE	63.901	30	NA	NA
1	africaeurope_5050_30gen_0.57	1	57.2980601007902	56.021145445054	58.5749747565264	-1356.75194381867	-38.7180725166951	2	FALSE	66.416	30	NA	NA
1	africaeurope_5050_30gen_0.58	1	57.2980601007902	56.021145445054	58.5749747565264	-1356.75194381867	-5.26203270848394	2	FALSE	58.291	30	NA	NA
1	africaeurope_5050_30gen_0.59	1	57.2980601007902	56.021145445054	58.5749747565264	-1356.75194381867	-7.70793215259838	2	FALSE	59.087	30	NA	NA
2	africaeurope_30gen30gen_rep1	1	46.9962440397757	44.8648772010527	49.1276108784987	-645.315560505039	-8.01710183256977	2	TRUE	50.634	0	0	0
2	africaeurope_30gen30gen_rep10	1	46.9962440397757	44.8648772010527	49.1276108784987	-645.315560505039	-8.91594476586209	2	TRUE	42.88	0	0	0
2	africaeurope_30gen30gen_rep11	2	63.0659148390848	61.4711066172949	64.6607230608747	-645.315560505039	-5.44387920421121	2	TRUE	64.318	0	0	0
2	africaeurope_30gen30gen_rep12	1	46.9962440397757	44.8648772010527	49.1276108784987	-645.315560505039	-11.6352944991651	2	TRUE	38.515	0	0	0
2	africaeurope_30gen30gen_rep13	1	46.9962440397757	44.8648772010527	49.1276108784987	-645.315560505039	-12.8214408845792	2	TRUE	37.063	0	0	0
2	africaeurope_30gen30gen_rep14	1	46.9962440397757	44.8648772010527	49.1276108784987	-645.315560505039	-33.3931590702772	2	TRUE	23.565	0	0	0
2	africaeurope_30gen30gen_rep15	1	46.9962440397757	44.8648772010527	49.1276108784987	-645.315560505039	-13.0797376267444	2	TRUE	53.068	0	0	0
2	africaeurope_30gen30gen_rep16	1	46.9962440397757	44.8648772010527	49.1276108784987	-645.315560505039	-5.65275727801559	2	TRUE	47.969	0	0	0
2	africaeurope_30gen30gen_rep17	1	46.9962440397757	44.8648772010527	49.1276108784987	-645.315560505039	-6.21020124137897	2	TRUE	45.116	0	0	0
2	africaeurope_30gen30gen_rep18	1	46.9962440397757	44.8648772010527	49.1276108784987	-645.315560505039	-8.90879106863557	2	TRUE	42.078	0	0	0
2	africaeurope_30gen30gen_rep19	1	46.9962440397757	44.8648772010527	49.1276108784987	-645.315560505039	-6.41103208926115	2	TRUE	46.6	0	0	0
2	africaeurope_30gen30gen_rep2	1	46.9962440397757	44.8648772010527	49.1276108784987	-645.315560505039	-6.41641722286988	2	TRUE	49.593	0	0	0
2	africaeurope_30gen30gen_rep20	1	46.9962440397757	44.8648772010527	49.1276108784987	-645.315560505039	-5.66577733803788	2	TRUE	46.347	0	0	0
2	africaeurope_30gen30gen_rep21	1	46.9962440397757	44.8648772010527	49.1276108784987	-645.315560505039	-9.35435897777428	2	TRUE	50.946	0	0	0
2	africaeurope_30gen30gen_rep22	1	46.9962440397757	44.8648772010527	49.1276108784987	-645.315560505039	-9.67812733874444	2	TRUE	41.315	0	0	0
2	africaeurope_30gen30gen_rep23	1	46.9962440397757	44.8648772010527	49.1276108784987	-645.315560505039	-9.92486220677654	2	TRUE	49.335	0	0	0
2	africaeurope_30gen30gen_rep24	1	46.9962440397757	44.8648772010527	49.1276108784987	-645.315560505039	-7.12826360108766	2	TRUE	43.631	0	0	0
2	africaeurope_30gen30gen_rep25	1	46.9962440397757	44.8648772010527	49.1276108784987	-645.315560505039	-6.64081427268273	2	TRUE	47.903	0	0	0
2	africaeurope_30gen30gen_rep26	1	46.9962440397757	44.8648772010527	49.1276108784987	-645.315560505039	-7.74576606951884	2	TRUE	51.106	0	0	0
2	africaeurope_30gen30gen_rep27	2	63.0659148390848	61.4711066172949	64.6607230608747	-645.315560505039	-9.02530732064949	2	TRUE	62.182	0	0	0
2	africaeurope_30gen30gen_rep28	1	46.9962440397757	44.8648772010527	49.1276108784987	-645.315560505039	-5.58358907515548	2	TRUE	46.213	0	0	0
2	africaeurope_30gen30gen_rep29	1	46.9962440397757	44.8648772010527	49.1276108784987	-645.315560505039	-9.48393453490558	2	TRUE	40.781	0	0	0
2	africaeurope_30gen30gen_rep3	1	46.9962440397757	44.8648772010527	49.1276108784987	-645.315560505039	-8.19283016089999	2	TRUE	51.16	0	0	0
2	africaeurope_30gen30gen_rep30	1	46.9962440397757	44.8648772010527	49.1276108784987	-645.315560505039	-17.9677718321198	2	TRUE	40.282	0	0	0
2	africaeurope_30gen30gen_rep4	1	46.9962440397757	44.8648772010527	49.1276108784987	-645.315560505039	-34.9482185429503	2	TRUE	32.406	0	0	0
2	africaeurope_30gen30gen_rep5	1	46.9962440397757	44.8648772010527	49.1276108784987	-645.315560505039	-6.14308948622481	2	TRUE	45.49	0	0	0
2	africaeurope_30gen30gen_rep6	1	46.9962440397757	44.8648772010527	49.1276108784987	-645.315560505039	-10.204216837675	2	TRUE	54.057	0	0	0
2	africaeurope_30gen30gen_rep7	2	63.0659148390848	61.4711066172949	64.6607230608747	-645.315560505039	-9.65261383030276	2	TRUE	68.01	0	0	0
2	africaeurope_30gen30gen_rep8	1	46.9962440397757	44.8648772010527	49.1276108784987	-645.315560505039	-10.5159708242158	2	TRUE	52.719	0	0	0
2	africaeurope_30gen30gen_rep9	1	46.9962440397757	44.8648772010527	49.1276108784987	-645.315560505039	-21.2311448415853	2	TRUE	36.909	0	0	0
2	africaeurope_5050_30gen_0.510	2	63.0659148390848	61.4711066172949	64.6607230608747	-645.315560505039	-7.35020530440315	2	TRUE	60.099	30	30	30
2	africaeurope_5050_30gen_0.511	1	46.9962440397757	44.8648772010527	49.1276108784987	-645.315560505039	-14.4012163657063	2	TRUE	54.21	30	30	30
2	africaeurope_5050_30gen_0.512	2	63.0659148390848	61.4711066172949	64.6607230608747	-645.315560505039	-7.91590323904187	2	TRUE	66.885	30	30	30
2	africaeurope_5050_30gen_0.513	2	63.0659148390848	61.4711066172949	64.6607230608747	-645.315560505039	-15.7183153143061	2	TRUE	70.951	30	30	30
2	africaeurope_5050_30gen_0.514	2	63.0659148390848	61.4711066172949	64.6607230608747	-645.315560505039	-10.2469030927265	2	TRUE	59.077	30	30	30
2	africaeurope_5050_30gen_0.515	2	63.0659148390848	61.4711066172949	64.6607230608747	-645.315560505039	-5.93230520270173	2	TRUE	60.705	30	30	30
2	africaeurope_5050_30gen_0.516	2	63.0659148390848	61.4711066172949	64.6607230608747	-645.315560505039	-5.51071187450572	2	TRUE	61.57	30	30	30
2	africaeurope_5050_30gen_0.517	2	63.0659148390848	61.4711066172949	64.6607230608747	-645.315560505039	-4.36675012365097	2	TRUE	62.466	30	30	30
2	africaeurope_5050_30gen_0.518	2	63.0659148390848	61.4711066172949	64.6607230608747	-645.315560505039	-6.06727385216873	2	TRUE	60.446	30	30	30
2	africaeurope_5050_30gen_0.519	1	46.9962440397757	44.8648772010527	49.1276108784987	-645.315560505039	-13.0660156936331	2	TRUE	55.373	30	30	30
2	africaeurope_5050_30gen_0.51	1	46.9962440397757	44.8648772010527	49.1276108784987	-645.315560505039	-9.8446498877634	2	TRUE	52.467	30	30	30
2	africaeurope_5050_30gen_0.520	2	63.0659148390848	61.4711066172949	64.6607230608747	-645.315560505039	-5.16798889481177	2	TRUE	62.292	30	30	30
2	africaeurope_5050_30gen_0.521	2	63.0659148390848	61.4711066172949	64.6607230608747	-645.315560505039	-5.22631363926894	2	TRUE	63.885	30	30	30
2	africaeurope_5050_30gen_0.522	2	63.0659148390848	61.4711066172949	64.6607230608747	-645.315560505039	-21.3957221775302	2	TRUE	73.509	30	30	30
2	africaeurope_5050_30gen_0.523	1	46.9962440397757	44.8648772010527	49.1276108784987	-645.315560505039	-16.7495047367264	2	TRUE	49.307	30	30	30
2	africaeurope_5050_30gen_0.524	2	63.0659148390848	61.4711066172949	64.6607230608747	-645.315560505039	-9.01790606131808	2	TRUE	67.074	30	30	30
2	africaeurope_5050_30gen_0.525	2	63.0659148390848	61.4711066172949	64.6607230608747	-645.315560505039	-5.71866259135752	2	TRUE	62.446	30	30	30
2	africaeurope_5050_30gen_0.526	2	63.0659148390848	61.4711066172949	64.6607230608747	-645.315560505039	-4.42729769402935	2	TRUE	63.086	30	30	30
2	africaeurope_5050_30gen_0.527	2	63.0659148390848	61.4711066172949	64.6607230608747	-645.315560505039	-4.70185961500327	2	TRUE	64.153	30	30	30
2	africaeurope_5050_30gen_0.528	2	63.0659148390848	61.4711066172949	64.6607230608747	-645.315560505039	-6.78102750580487	2	TRUE	60.049	30	30	30
2	africaeurope_5050_30gen_0.529	2	63.0659148390848	61.4711066172949	64.6607230608747	-645.315560505039	-5.64367969042548	2	TRUE	65.071	30	30	30
2	africaeurope_5050_30gen_0.52	2	63.0659148390848	61.4711066172949	64.6607230608747	-645.315560505039	-10.6196620762977	2	TRUE	57.762	30	30	30
2	africaeurope_5050_30gen_0.530	1	46.9962440397757	44.8648772010527	49.1276108784987	-645.315560505039	-32.0503246327813	2	TRUE	54.08	30	30	30
2	africaeurope_5050_30gen_0.53	2	63.0659148390848	61.4711066172949	64.6607230608747	-645.315560505039	-17.0565061216395	2	TRUE	55.293	30	30	30
2	africaeurope_5050_30gen_0.54	2	63.0659148390848	61.4711066172949	64.6607230608747	-645.315560505039	-4.47137252560499	2	TRUE	64.162	30	30	30
2	africaeurope_5050_30gen_0.55	2	63.0659148390848	61.4711066172949	64.6607230608747	-645.315560505039	-35.0584352294497	2	TRUE	71.561	30	30	30
2	africaeurope_5050_30gen_0.56	2	63.0659148390848	61.4711066172949	64.6607230608747	-645.315560505039	-4.32834949226727	2	TRUE	63.901	30	30	30
2	africaeurope_5050_30gen_0.57	2	63.0659148390848	61.4711066172949	64.6607230608747	-645.315560505039	-8.62767315431427	2	TRUE	66.416	30	30	30
2	africaeurope_5050_30gen_0.58	2	63.0659148390848	61.4711066172949	64.6607230608747	-645.315560505039	-10.3874356507001	2	TRUE	58.291	30	30	30
2	africaeurope_5050_30gen_0.59	2	63.0659148390848	61.4711066172949	64.6607230608747	-645.315560505039	-11.4731751902241	2	TRUE	59.087	30	30	30
3	africaeurope_30gen30gen_rep1	2	51.0798562706079	48.5255877430958	53.63412479812	-523.587633654314	-7.31419435306755	2	FALSE	50.634	0	0	0
3	africaeurope_30gen30gen_rep10	1	40.0372828604052	36.4425947939691	43.6319709268413	-523.587633654314	-7.41114542652443	2	FALSE	42.88	0	0	0
3	africaeurope_30gen30gen_rep11	3	63.279817562202	61.6632145142858	64.8964206101181	-523.587633654314	-5.37378342362272	2	FALSE	64.318	0	0	0
3	africaeurope_30gen30gen_rep12	1	40.0372828604052	36.4425947939691	43.6319709268413	-523.587633654314	-7.061066708701	2	FALSE	38.515	0	0	0
3	africaeurope_30gen30gen_rep13	1	40.0372828604052	36.4425947939691	43.6319709268413	-523.587633654314	-8.38341403203706	2	FALSE	37.063	0	0	0
3	africaeurope_30gen30gen_rep14	1	40.0372828604052	36.4425947939691	43.6319709268413	-523.587633654314	-20.7665747817946	2	FALSE	23.565	0	0	0
3	africaeurope_30gen30gen_rep15	2	51.0798562706079	48.5255877430958	53.63412479812	-523.587633654314	-6.3829204509625	2	FALSE	53.068	0	0	0
3	africaeurope_30gen30gen_rep16	2	51.0798562706079	48.5255877430958	53.63412479812	-523.587633654314	-6.95434457516586	2	FALSE	47.969	0	0	0
3	africaeurope_30gen30gen_rep17	1	40.0372828604052	36.4425947939691	43.6319709268413	-523.587633654314	-8.31930945107828	2	FALSE	45.116	0	0	0
3	africaeurope_30gen30gen_rep18	1	40.0372828604052	36.4425947939691	43.6319709268413	-523.587633654314	-6.05466770644812	2	FALSE	42.078	0	0	0
3	africaeurope_30gen30gen_rep19	2	51.0798562706079	48.5255877430958	53.63412479812	-523.587633654314	-8.07127419974832	2	FALSE	46.6	0	0	0
3	africaeurope_30gen30gen_rep2	2	51.0798562706079	48.5255877430958	53.63412479812	-523.587633654314	-5.95395916747788	2	FALSE	49.593	0	0	0
3	africaeurope_30gen30gen_rep20	2	51.0798562706079	48.5255877430958	53.63412479812	-523.587633654314	-9.36386634037018	2	FALSE	46.347	0	0	0
3	africaeurope_30gen30gen_rep21	2	51.0798562706079	48.5255877430958	53.63412479812	-523.587633654314	-8.72728271416042	2	FALSE	50.946	0	0	0
3	africaeurope_30gen30gen_rep22	1	40.0372828604052	36.4425947939691	43.6319709268413	-523.587633654314	-8.35442926506473	2	FALSE	41.315	0	0	0
3	africaeurope_30gen30gen_rep23	2	51.0798562706079	48.5255877430958	53.63412479812	-523.587633654314	-9.78867128370029	2	FALSE	49.335	0	0	0
3	africaeurope_30gen30gen_rep24	1	40.0372828604052	36.4425947939691	43.6319709268413	-523.587633654314	-7.33942451563842	2	FALSE	43.631	0	0	0
3	africaeurope_30gen30gen_rep25	2	51.0798562706079	48.5255877430958	53.63412479812	-523.587633654314	-7.41823621334769	2	FALSE	47.903	0	0	0
3	africaeurope_30gen30gen_rep26	2	51.0798562706079	48.5255877430958	53.63412479812	-523.587633654314	-5.53641538870676	2	FALSE	51.106	0	0	0
3	africaeurope_30gen30gen_rep27	3	63.279817562202	61.6632145142858	64.8964206101181	-523.587633654314	-9.02870839806578	2	FALSE	62.182	0	0	0
3	africaeurope_30gen30gen_rep28	2	51.0798562706079	48.5255877430958	53.63412479812	-523.587633654314	-8.93172664772933	2	FALSE	46.213	0	0	0
3	africaeurope_30gen30gen_rep29	1	40.0372828604052	36.4425947939691	43.6319709268413	-523.587633654314	-7.0208221697369	2	FALSE	40.781	0	0	0
3	africaeurope_30gen30gen_rep3	2	51.0798562706079	48.5255877430958	53.63412479812	-523.587633654314	-5.45804705733626	2	FALSE	51.16	0	0	0
3	africaeurope_30gen30gen_rep30	1	40.0372828604052	36.4425947939691	43.6319709268413	-523.587633654314	-7.12711337633694	2	FALSE	40.282	0	0	0
3	africaeurope_30gen30gen_rep4	1	40.0372828604052	36.4425947939691	43.6319709268413	-523.587633654314	-13.5188381022146	2	FALSE	32.406	0	0	0
3	africaeurope_30gen30gen_rep5	1	40.0372828604052	36.4425947939691	43.6319709268413	-523.587633654314	-8.67547513455953	2	FALSE	45.49	0	0	0
3	africaeurope_30gen30gen_rep6	2	51.0798562706079	48.5255877430958	53.63412479812	-523.587633654314	-7.74744818687601	2	FALSE	54.057	0	0	0
3	africaeurope_30gen30gen_rep7	3	63.279817562202	61.6632145142858	64.8964206101181	-523.587633654314	-9.40119498947735	2	FALSE	68.01	0	0	0
3	africaeurope_30gen30gen_rep8	2	51.0798562706079	48.5255877430958	53.63412479812	-523.587633654314	-9.43126577928699	2	FALSE	52.719	0	0	0
3	africaeurope_30gen30gen_rep9	1	40.0372828604052	36.4425947939691	43.6319709268413	-523.587633654314	-7.03649235931974	2	FALSE	36.909	0	0	0
3	africaeurope_5050_30gen_0.510	3	63.279817562202	61.6632145142858	64.8964206101181	-523.587633654314	-7.82120506376454	2	FALSE	60.099	30	30	30
3	africaeurope_5050_30gen_0.511	2	51.0798562706079	48.5255877430958	53.63412479812	-523.587633654314	-7.13414618696458	2	FALSE	54.21	30	30	30
3	africaeurope_5050_30gen_0.512	3	63.279817562202	61.6632145142858	64.8964206101181	-523.587633654314	-7.67613288380379	2	FALSE	66.885	30	30	30
3	africaeurope_5050_30gen_0.513	3	63.279817562202	61.6632145142858	64.8964206101181	-523.587633654314	-15.1879750322513	2	FALSE	70.951	30	30	30
3	africaeurope_5050_30gen_0.514	3	63.279817562202	61.6632145142858	64.8964206101181	-523.587633654314	-10.9007433454116	2	FALSE	59.077	30	30	30
3	africaeurope_5050_30gen_0.515	3	63.279817562202	61.6632145142858	64.8964206101181	-523.587633654314	-6.16960466287404	2	FALSE	60.705	30	30	30
3	africaeurope_5050_30gen_0.516	3	63.279817562202	61.6632145142858	64.8964206101181	-523.587633654314	-5.656792268709	2	FALSE	61.57	30	30	30
3	africaeurope_5050_30gen_0.517	3	63.279817562202	61.6632145142858	64.8964206101181	-523.587633654314	-4.46001302744036	2	FALSE	62.466	30	30	30
3	africaeurope_5050_30gen_0.518	3	63.279817562202	61.6632145142858	64.8964206101181	-523.587633654314	-6.37823213222718	2	FALSE	60.446	30	30	30
3	africaeurope_5050_30gen_0.519	2	51.0798562706079	48.5255877430958	53.63412479812	-523.587633654314	-7.77542673402875	2	FALSE	55.373	30	30	30
3	africaeurope_5050_30gen_0.51	2	51.0798562706079	48.5255877430958	53.63412479812	-523.587633654314	-8.684163770308	2	FALSE	52.467	30	30	30
3	africaeurope_5050_30gen_0.520	3	63.279817562202	61.6632145142858	64.8964206101181	-523.587633654314	-5.25792340261725	2	FALSE	62.292	30	30	30
3	africaeurope_5050_30gen_0.521	3	63.279817562202	61.6632145142858	64.8964206101181	-523.587633654314	-5.1890683335269	2	FALSE	63.885	30	30	30
3	africaeurope_5050_30gen_0.522	3	63.279817562202	61.6632145142858	64.8964206101181	-523.587633654314	-20.7869395048824	2	FALSE	73.509	30	30	30
3	africaeurope_5050_30gen_0.523	2	51.0798562706079	48.5255877430958	53.63412479812	-523.587633654314	-13.6393012062109	2	FALSE	49.307	30	30	30
3	africaeurope_5050_30gen_0.524	3	63.279817562202	61.6632145142858	64.8964206101181	-523.587633654314	-8.83569565829398	2	FALSE	67.074	30	30	30
3	africaeurope_5050_30gen_0.525	3	63.279817562202	61.6632145142858	64.8964206101181	-523.587633654314	-5.79767443327966	2	FALSE	62.446	30	30	30
3	africaeurope_5050_30gen_0.526	3	63.279817562202	61.6632145142858	64.8964206101181	-523.587633654314	-4.40062355939216	2	FALSE	63.086	30	30	30
3	africaeurope_5050_30gen_0.527	3	63.279817562202	61.6632145142858	64.8964206101181	-523.587633654314	-4.61758980772825	2	FALSE	64.153	30	30	30
3	africaeurope_5050_30gen_0.528	3	63.279817562202	61.6632145142858	64.8964206101181	-523.587633654314	-7.17579366616554	2	FALSE	60.049	30	30	30
3	africaeurope_5050_30gen_0.529	3	63.279817562202	61.6632145142858	64.8964206101181	-523.587633654314	-5.3219389762206	2	FALSE	65.071	30	30	30
3	africaeurope_5050_30gen_0.52	3	63.279817562202	61.6632145142858	64.8964206101181	-523.587633654314	-11.1217408007231	2	FALSE	57.762	30	30	30
3	africaeurope_5050_30gen_0.530	2	51.0798562706079	48.5255877430958	53.63412479812	-523.587633654314	-13.1353011312718	2	FALSE	54.08	30	30	30
3	africaeurope_5050_30gen_0.53	2	51.0798562706079	48.5255877430958	53.63412479812	-523.587633654314	-9.22783672568741	2	FALSE	55.293	30	30	30
3	africaeurope_5050_30gen_0.54	3	63.279817562202	61.6632145142858	64.8964206101181	-523.587633654314	-4.34288824916998	2	FALSE	64.162	30	30	30
3	africaeurope_5050_30gen_0.55	3	63.279817562202	61.6632145142858	64.8964206101181	-523.587633654314	-33.4954808391108	2	FALSE	71.561	30	30	30
3	africaeurope_5050_30gen_0.56	3	63.279817562202	61.6632145142858	64.8964206101181	-523.587633654314	-4.21264871533107	2	FALSE	63.901	30	30	30
3	africaeurope_5050_30gen_0.57	3	63.279817562202	61.6632145142858	64.8964206101181	-523.587633654314	-8.05571981493851	2	FALSE	66.416	30	30	30
3	africaeurope_5050_30gen_0.58	3	63.279817562202	61.6632145142858	64.8964206101181	-523.587633654314	-10.9639981062674	2	FALSE	58.291	30	30	30
3	africaeurope_5050_30gen_0.59	3	63.279817562202	61.6632145142858	64.8964206101181	-523.587633654314	-12.2129234171565	2	FALSE	59.087	30	30	30
4	africaeurope_30gen30gen_rep1	2	51.0798562706079	48.5255877430958	53.63412479812	-455.634776276042	-7.31419435306755	2	FALSE	50.634	0	0	0
4	africaeurope_30gen30gen_rep10	1	40.0372828604052	36.4425947939691	43.6319709268413	-455.634776276042	-7.41114542652443	2	FALSE	42.88	0	0	0
4	africaeurope_30gen30gen_rep11	3	61.7289707666211	59.9139184624831	63.5440230707592	-455.634776276042	-6.61733210991339	2	FALSE	64.318	0	0	0
4	africaeurope_30gen30gen_rep12	1	40.0372828604052	36.4425947939691	43.6319709268413	-455.634776276042	-7.061066708701	2	FALSE	38.515	0	0	0
4	africaeurope_30gen30gen_rep13	1	40.0372828604052	36.4425947939691	43.6319709268413	-455.634776276042	-8.38341403203706	2	FALSE	37.063	0	0	0
4	africaeurope_30gen30gen_rep14	1	40.0372828604052	36.4425947939691	43.6319709268413	-455.634776276042	-20.7665747817946	2	FALSE	23.565	0	0	0
4	africaeurope_30gen30gen_rep15	2	51.0798562706079	48.5255877430958	53.63412479812	-455.634776276042	-6.3829204509625	2	FALSE	53.068	0	0	0
4	africaeurope_30gen30gen_rep16	2	51.0798562706079	48.5255877430958	53.63412479812	-455.634776276042	-6.95434457516586	2	FALSE	47.969	0	0	0
4	africaeurope_30gen30gen_rep17	1	40.0372828604052	36.4425947939691	43.6319709268413	-455.634776276042	-8.31930945107828	2	FALSE	45.116	0	0	0
4	africaeurope_30gen30gen_rep18	1	40.0372828604052	36.4425947939691	43.6319709268413	-455.634776276042	-6.05466770644812	2	FALSE	42.078	0	0	0
4	africaeurope_30gen30gen_rep19	2	51.0798562706079	48.5255877430958	53.63412479812	-455.634776276042	-8.07127419974832	2	FALSE	46.6	0	0	0
4	africaeurope_30gen30gen_rep2	2	51.0798562706079	48.5255877430958	53.63412479812	-455.634776276042	-5.95395916747788	2	FALSE	49.593	0	0	0
4	africaeurope_30gen30gen_rep20	2	51.0798562706079	48.5255877430958	53.63412479812	-455.634776276042	-9.36386634037018	2	FALSE	46.347	0	0	0
4	africaeurope_30gen30gen_rep21	2	51.0798562706079	48.5255877430958	53.63412479812	-455.634776276042	-8.72728271416042	2	FALSE	50.946	0	0	0
4	africaeurope_30gen30gen_rep22	1	40.0372828604052	36.4425947939691	43.6319709268413	-455.634776276042	-8.35442926506473	2	FALSE	41.315	0	0	0
4	africaeurope_30gen30gen_rep23	2	51.0798562706079	48.5255877430958	53.63412479812	-455.634776276042	-9.78867128370029	2	FALSE	49.335	0	0	0
4	africaeurope_30gen30gen_rep24	1	40.0372828604052	36.4425947939691	43.6319709268413	-455.634776276042	-7.33942451563842	2	FALSE	43.631	0	0	0
4	africaeurope_30gen30gen_rep25	2	51.0798562706079	48.5255877430958	53.63412479812	-455.634776276042	-7.41823621334769	2	FALSE	47.903	0	0	0
4	africaeurope_30gen30gen_rep26	2	51.0798562706079	48.5255877430958	53.63412479812	-455.634776276042	-5.53641538870676	2	FALSE	51.106	0	0	0
4	africaeurope_30gen30gen_rep27	3	61.7289707666211	59.9139184624831	63.5440230707592	-455.634776276042	-9.25991676226926	2	FALSE	62.182	0	0	0
4	africaeurope_30gen30gen_rep28	2	51.0798562706079	48.5255877430958	53.63412479812	-455.634776276042	-8.93172664772933	2	FALSE	46.213	0	0	0
4	africaeurope_30gen30gen_rep29	1	40.0372828604052	36.4425947939691	43.6319709268413	-455.634776276042	-7.0208221697369	2	FALSE	40.781	0	0	0
4	africaeurope_30gen30gen_rep3	2	51.0798562706079	48.5255877430958	53.63412479812	-455.634776276042	-5.45804705733626	2	FALSE	51.16	0	0	0
4	africaeurope_30gen30gen_rep30	1	40.0372828604052	36.4425947939691	43.6319709268413	-455.634776276042	-7.12711337633694	2	FALSE	40.282	0	0	0
4	africaeurope_30gen30gen_rep4	1	40.0372828604052	36.4425947939691	43.6319709268413	-455.634776276042	-13.5188381022146	2	FALSE	32.406	0	0	0
4	africaeurope_30gen30gen_rep5	1	40.0372828604052	36.4425947939691	43.6319709268413	-455.634776276042	-8.67547513455953	2	FALSE	45.49	0	0	0
4	africaeurope_30gen30gen_rep6	2	51.0798562706079	48.5255877430958	53.63412479812	-455.634776276042	-7.74744818687601	2	FALSE	54.057	0	0	0
4	africaeurope_30gen30gen_rep7	4	69.2312641969561	65.6756390593779	72.7868893345342	-455.634776276042	-6.08334806549984	2	FALSE	68.01	0	0	0
4	africaeurope_30gen30gen_rep8	2	51.0798562706079	48.5255877430958	53.63412479812	-455.634776276042	-9.43126577928699	2	FALSE	52.719	0	0	0
4	africaeurope_30gen30gen_rep9	1	40.0372828604052	36.4425947939691	43.6319709268413	-455.634776276042	-7.03649235931974	2	FALSE	36.909	0	0	0
4	africaeurope_5050_30gen_0.510	3	61.7289707666211	59.9139184624831	63.5440230707592	-455.634776276042	-4.90309600808738	2	FALSE	60.099	30	30	30
4	africaeurope_5050_30gen_0.511	2	51.0798562706079	48.5255877430958	53.63412479812	-455.634776276042	-7.13414618696458	2	FALSE	54.21	30	30	30
4	africaeurope_5050_30gen_0.512	4	69.2312641969561	65.6756390593779	72.7868893345342	-455.634776276042	-5.88484414719151	2	FALSE	66.885	30	30	30
4	africaeurope_5050_30gen_0.513	4	69.2312641969561	65.6756390593779	72.7868893345342	-455.634776276042	-5.43111943845616	2	FALSE	70.951	30	30	30
4	africaeurope_5050_30gen_0.514	3	61.7289707666211	59.9139184624831	63.5440230707592	-455.634776276042	-6.61405692833213	2	FALSE	59.077	30	30	30
4	africaeurope_5050_30gen_0.515	3	61.7289707666211	59.9139184624831	63.5440230707592	-455.634776276042	-5.19805723739949	2	FALSE	60.705	30	30	30
4	africaeurope_5050_30gen_0.516	3	61.7289707666211	59.9139184624831	63.5440230707592	-455.634776276042	-5.33642504989171	2	FALSE	61.57	30	30	30
4	africaeurope_5050_30gen_0.517	3	61.7289707666211	59.9139184624831	63.5440230707592	-455.634776276042	-4.49829522308964	2	FALSE	62.466	30	30	30
4	africaeurope_5050_30gen_0.518	3	61.7289707666211	59.9139184624831	63.5440230707592	-455.634776276042	-4.84850139207571	2	FALSE	60.446	30	30	30
4	africaeurope_5050_30gen_0.519	2	51.0798562706079	48.5255877430958	53.63412479812	-455.634776276042	-7.77542673402875	2	FALSE	55.373	30	30	30
4	africaeurope_5050_30gen_0.51	2	51.0798562706079	48.5255877430958	53.63412479812	-455.634776276042	-8.684163770308	2	FALSE	52.467	30	30	30
4	africaeurope_5050_30gen_0.520	3	61.7289707666211	59.9139184624831	63.5440230707592	-455.634776276042	-5.34662482384075	2	FALSE	62.292	30	30	30
4	africaeurope_5050_30gen_0.521	3	61.7289707666211	59.9139184624831	63.5440230707592	-455.634776276042	-6.19754741820481	2	FALSE	63.885	30	30	30
4	africaeurope_5050_30gen_0.522	4	69.2312641969561	65.6756390593779	72.7868893345342	-455.634776276042	-8.0001670885733	2	FALSE	73.509	30	30	30
4	africaeurope_5050_30gen_0.523	2	51.0798562706079	48.5255877430958	53.63412479812	-455.634776276042	-13.6393012062109	2	FALSE	49.307	30	30	30
4	africaeurope_5050_30gen_0.524	4	69.2312641969561	65.6756390593779	72.7868893345342	-455.634776276042	-7.04810082042293	2	FALSE	67.074	30	30	30
4	africaeurope_5050_30gen_0.525	3	61.7289707666211	59.9139184624831	63.5440230707592	-455.634776276042	-4.92442525948983	2	FALSE	62.446	30	30	30
4	africaeurope_5050_30gen_0.526	3	61.7289707666211	59.9139184624831	63.5440230707592	-455.634776276042	-4.83245896614187	2	FALSE	63.086	30	30	30
4	africaeurope_5050_30gen_0.527	3	61.7289707666211	59.9139184624831	63.5440230707592	-455.634776276042	-5.96466310763662	2	FALSE	64.153	30	30	30
4	africaeurope_5050_30gen_0.528	3	61.7289707666211	59.9139184624831	63.5440230707592	-455.634776276042	-4.98866915003847	2	FALSE	60.049	30	30	30
4	africaeurope_5050_30gen_0.529	3	61.7289707666211	59.9139184624831	63.5440230707592	-455.634776276042	-8.12737304210029	2	FALSE	65.071	30	30	30
4	africaeurope_5050_30gen_0.52	3	61.7289707666211	59.9139184624831	63.5440230707592	-455.634776276042	-8.23068531906635	2	FALSE	57.762	30	30	30
4	africaeurope_5050_30gen_0.530	2	51.0798562706079	48.5255877430958	53.63412479812	-455.634776276042	-13.1353011312718	2	FALSE	54.08	30	30	30
4	africaeurope_5050_30gen_0.53	2	51.0798562706079	48.5255877430958	53.63412479812	-455.634776276042	-9.22783672568741	2	FALSE	55.293	30	30	30
4	africaeurope_5050_30gen_0.54	3	61.7289707666211	59.9139184624831	63.5440230707592	-455.634776276042	-5.90615351389674	2	FALSE	64.162	30	30	30
4	africaeurope_5050_30gen_0.55	4	69.2312641969561	65.6756390593779	72.7868893345342	-455.634776276042	-8.54460967555987	2	FALSE	71.561	30	30	30
4	africaeurope_5050_30gen_0.56	3	61.7289707666211	59.9139184624831	63.5440230707592	-455.634776276042	-5.59784046485231	2	FALSE	63.901	30	30	30
4	africaeurope_5050_30gen_0.57	4	69.2312641969561	65.6756390593779	72.7868893345342	-455.634776276042	-8.91171617674018	2	FALSE	66.416	30	30	30
4	africaeurope_5050_30gen_0.58	3	61.7289707666211	59.9139184624831	63.5440230707592	-455.634776276042	-7.48800950068601	2	FALSE	58.291	30	30	30
4	africaeurope_5050_30gen_0.59	3	61.7289707666211	59.9139184624831	63.5440230707592	-455.634776276042	-7.10613844472417	2	FALSE	59.087	30	30	30
