# CLUSTERING STRENGTH + LIKELIHOOD K SELECTION RESULTS (DATES)
# Recommended K: 1
# Method: DATES
# Clustering strength threshold: 0.983
# Likelihood thresholds: k1 to k2(k=2):1.2 k1 to k2(k=3):2.59 k2 to k3:0.71 k3 to k4:0.49
#
model_k	pop	cluster	joint_date_est_best	joint_date_lowerci	joint_date_upperci	likelihood_mean	likelihood_per_ind	recommended_k	is_recommended	ind_date_est	sample_age_est_best	sample_age_lowerci_mean	sample_age_upperci_mean
1	africaeurope_30gen10gen_rep1	1	21.7778267219881	20.1847336930123	23.3709197509639	-395.938405724885	-28.8223181904396	1	TRUE	31.33	0	NA	NA
1	africaeurope_30gen10gen_rep10	1	21.7778267219881	20.1847336930123	23.3709197509639	-395.938405724885	-8.67925157025482	1	TRUE	21.512	0	NA	NA
1	africaeurope_30gen10gen_rep11	1	21.7778267219881	20.1847336930123	23.3709197509639	-395.938405724885	-45.1212450365722	1	TRUE	11.603	0	NA	NA
1	africaeurope_30gen10gen_rep12	1	21.7778267219881	20.1847336930123	23.3709197509639	-395.938405724885	-8.52784849037197	1	TRUE	17.749	0	NA	NA
1	africaeurope_30gen10gen_rep13	1	21.7778267219881	20.1847336930123	23.3709197509639	-395.938405724885	-7.19466209455877	1	TRUE	24.772	0	NA	NA
1	africaeurope_30gen10gen_rep14	1	21.7778267219881	20.1847336930123	23.3709197509639	-395.938405724885	-7.70389445412514	1	TRUE	18.38	0	NA	NA
1	africaeurope_30gen10gen_rep15	1	21.7778267219881	20.1847336930123	23.3709197509639	-395.938405724885	-33.696524197505	1	TRUE	29.545	0	NA	NA
1	africaeurope_30gen10gen_rep16	1	21.7778267219881	20.1847336930123	23.3709197509639	-395.938405724885	-6.07938456839277	1	TRUE	21.933	0	NA	NA
1	africaeurope_30gen10gen_rep17	1	21.7778267219881	20.1847336930123	23.3709197509639	-395.938405724885	-11.8006799800934	1	TRUE	16.321	0	NA	NA
1	africaeurope_30gen10gen_rep18	1	21.7778267219881	20.1847336930123	23.3709197509639	-395.938405724885	-6.54237757290298	1	TRUE	24.383	0	NA	NA
1	africaeurope_30gen10gen_rep19	1	21.7778267219881	20.1847336930123	23.3709197509639	-395.938405724885	-7.25543126229522	1	TRUE	25.252	0	NA	NA
1	africaeurope_30gen10gen_rep2	1	21.7778267219881	20.1847336930123	23.3709197509639	-395.938405724885	-7.91112760751269	1	TRUE	20.133	0	NA	NA
1	africaeurope_30gen10gen_rep20	1	21.7778267219881	20.1847336930123	23.3709197509639	-395.938405724885	-10.0828443114355	1	TRUE	18.796	0	NA	NA
1	africaeurope_30gen10gen_rep21	1	21.7778267219881	20.1847336930123	23.3709197509639	-395.938405724885	-28.3845493547016	1	TRUE	31.39	0	NA	NA
1	africaeurope_30gen10gen_rep22	1	21.7778267219881	20.1847336930123	23.3709197509639	-395.938405724885	-24.0632497565839	1	TRUE	29.006	0	NA	NA
1	africaeurope_30gen10gen_rep23	1	21.7778267219881	20.1847336930123	23.3709197509639	-395.938405724885	-7.47575034427025	1	TRUE	23.37	0	NA	NA
1	africaeurope_30gen10gen_rep24	1	21.7778267219881	20.1847336930123	23.3709197509639	-395.938405724885	-20.4045453550626	1	TRUE	15.462	0	NA	NA
1	africaeurope_30gen10gen_rep25	1	21.7778267219881	20.1847336930123	23.3709197509639	-395.938405724885	-7.28604966910508	1	TRUE	23.918	0	NA	NA
1	africaeurope_30gen10gen_rep26	1	21.7778267219881	20.1847336930123	23.3709197509639	-395.938405724885	-17.4393055443738	1	TRUE	27.417	0	NA	NA
1	africaeurope_30gen10gen_rep27	1	21.7778267219881	20.1847336930123	23.3709197509639	-395.938405724885	-17.5208952862504	1	TRUE	14.843	0	NA	NA
1	africaeurope_30gen10gen_rep28	1	21.7778267219881	20.1847336930123	23.3709197509639	-395.938405724885	-4.68293174656801	1	TRUE	21.763	0	NA	NA
1	africaeurope_30gen10gen_rep29	1	21.7778267219881	20.1847336930123	23.3709197509639	-395.938405724885	-9.52763095850556	1	TRUE	17.572	0	NA	NA
1	africaeurope_30gen10gen_rep3	1	21.7778267219881	20.1847336930123	23.3709197509639	-395.938405724885	-8.28050047415429	1	TRUE	17.579	0	NA	NA
1	africaeurope_30gen10gen_rep30	1	21.7778267219881	20.1847336930123	23.3709197509639	-395.938405724885	-9.65392893901589	1	TRUE	16.611	0	NA	NA
1	africaeurope_30gen10gen_rep4	1	21.7778267219881	20.1847336930123	23.3709197509639	-395.938405724885	-13.6698451128432	1	TRUE	16.07	0	NA	NA
1	africaeurope_30gen10gen_rep5	1	21.7778267219881	20.1847336930123	23.3709197509639	-395.938405724885	-5.72968072330841	1	TRUE	20.298	0	NA	NA
1	africaeurope_30gen10gen_rep6	1	21.7778267219881	20.1847336930123	23.3709197509639	-395.938405724885	-7.72900859256836	1	TRUE	23.323	0	NA	NA
1	africaeurope_30gen10gen_rep7	1	21.7778267219881	20.1847336930123	23.3709197509639	-395.938405724885	-8.32078828665872	1	TRUE	21.8	0	NA	NA
1	africaeurope_30gen10gen_rep8	1	21.7778267219881	20.1847336930123	23.3709197509639	-395.938405724885	-6.88913450332379	1	TRUE	20.051	0	NA	NA
1	africaeurope_30gen10gen_rep9	1	21.7778267219881	20.1847336930123	23.3709197509639	-395.938405724885	-9.46302174113149	1	TRUE	26.918	0	NA	NA
2	africaeurope_30gen10gen_rep1	2	27.0187388670664	24.6269457987158	29.410531935417	-229.855121021023	-9.30756010197931	1	FALSE	31.33	0	0	0
2	africaeurope_30gen10gen_rep10	1	17.5986615494313	15.4628401615918	19.7344829372707	-229.855121021023	-9.36653067282415	1	FALSE	21.512	0	0	0
2	africaeurope_30gen10gen_rep11	1	17.5986615494313	15.4628401615918	19.7344829372707	-229.855121021023	-19.0162925518859	1	FALSE	11.603	0	0	0
2	africaeurope_30gen10gen_rep12	1	17.5986615494313	15.4628401615918	19.7344829372707	-229.855121021023	-4.62749514606061	1	FALSE	17.749	0	0	0
2	africaeurope_30gen10gen_rep13	2	27.0187388670664	24.6269457987158	29.410531935417	-229.855121021023	-7.00582194604511	1	FALSE	24.772	0	0	0
2	africaeurope_30gen10gen_rep14	1	17.5986615494313	15.4628401615918	19.7344829372707	-229.855121021023	-4.75775368757505	1	FALSE	18.38	0	0	0
2	africaeurope_30gen10gen_rep15	2	27.0187388670664	24.6269457987158	29.410531935417	-229.855121021023	-7.61206520273984	1	FALSE	29.545	0	0	0
2	africaeurope_30gen10gen_rep16	1	17.5986615494313	15.4628401615918	19.7344829372707	-229.855121021023	-8.2796423872576	1	FALSE	21.933	0	0	0
2	africaeurope_30gen10gen_rep17	1	17.5986615494313	15.4628401615918	19.7344829372707	-229.855121021023	-5.0237777559129	1	FALSE	16.321	0	0	0
2	africaeurope_30gen10gen_rep18	2	27.0187388670664	24.6269457987158	29.410531935417	-229.855121021023	-6.3679917230004	1	FALSE	24.383	0	0	0
2	africaeurope_30gen10gen_rep19	2	27.0187388670664	24.6269457987158	29.410531935417	-229.855121021023	-5.55629640780701	1	FALSE	25.252	0	0	0
2	africaeurope_30gen10gen_rep2	1	17.5986615494313	15.4628401615918	19.7344829372707	-229.855121021023	-7.96164221067854	1	FALSE	20.133	0	0	0
2	africaeurope_30gen10gen_rep20	1	17.5986615494313	15.4628401615918	19.7344829372707	-229.855121021023	-6.72359152242765	1	FALSE	18.796	0	0	0
2	africaeurope_30gen10gen_rep21	2	27.0187388670664	24.6269457987158	29.410531935417	-229.855121021023	-9.33026479219553	1	FALSE	31.39	0	0	0
2	africaeurope_30gen10gen_rep22	2	27.0187388670664	24.6269457987158	29.410531935417	-229.855121021023	-5.69900920945421	1	FALSE	29.006	0	0	0
2	africaeurope_30gen10gen_rep23	2	27.0187388670664	24.6269457987158	29.410531935417	-229.855121021023	-8.93067983156643	1	FALSE	23.37	0	0	0
2	africaeurope_30gen10gen_rep24	1	17.5986615494313	15.4628401615918	19.7344829372707	-229.855121021023	-6.78503950796903	1	FALSE	15.462	0	0	0
2	africaeurope_30gen10gen_rep25	2	27.0187388670664	24.6269457987158	29.410531935417	-229.855121021023	-8.21559177690787	1	FALSE	23.918	0	0	0
2	africaeurope_30gen10gen_rep26	2	27.0187388670664	24.6269457987158	29.410531935417	-229.855121021023	-4.35361892582889	1	FALSE	27.417	0	0	0
2	africaeurope_30gen10gen_rep27	1	17.5986615494313	15.4628401615918	19.7344829372707	-229.855121021023	-6.64637837509031	1	FALSE	14.843	0	0	0
2	africaeurope_30gen10gen_rep28	1	17.5986615494313	15.4628401615918	19.7344829372707	-229.855121021023	-8.54180652983858	1	FALSE	21.763	0	0	0
2	africaeurope_30gen10gen_rep29	1	17.5986615494313	15.4628401615918	19.7344829372707	-229.855121021023	-8.00493825579946	1	FALSE	17.572	0	0	0
2	africaeurope_30gen10gen_rep3	1	17.5986615494313	15.4628401615918	19.7344829372707	-229.855121021023	-4.95545986698298	1	FALSE	17.579	0	0	0
2	africaeurope_30gen10gen_rep30	1	17.5986615494313	15.4628401615918	19.7344829372707	-229.855121021023	-7.07685716414121	1	FALSE	16.611	0	0	0
2	africaeurope_30gen10gen_rep4	1	17.5986615494313	15.4628401615918	19.7344829372707	-229.855121021023	-5.24765950752	1	FALSE	16.07	0	0	0
2	africaeurope_30gen10gen_rep5	1	17.5986615494313	15.4628401615918	19.7344829372707	-229.855121021023	-6.44996870484727	1	FALSE	20.298	0	0	0
2	africaeurope_30gen10gen_rep6	2	27.0187388670664	24.6269457987158	29.410531935417	-229.855121021023	-13.9445649540671	1	FALSE	23.323	0	0	0
2	africaeurope_30gen10gen_rep7	1	17.5986615494313	15.4628401615918	19.7344829372707	-229.855121021023	-9.2735115217966	1	FALSE	21.8	0	0	0
2	africaeurope_30gen10gen_rep8	1	17.5986615494313	15.4628401615918	19.7344829372707	-229.855121021023	-8.94912273829294	1	FALSE	20.051	0	0	0
2	africaeurope_30gen10gen_rep9	2	27.0187388670664	24.6269457987158	29.410531935417	-229.855121021023	-5.84418804253074	1	FALSE	26.918	0	0	0
3	africaeurope_30gen10gen_rep1	3	29.4878854489395	26.1967568515818	32.7790140462972	-195.884752637719	-5.23076646806269	1	FALSE	31.33	0	0	0
3	africaeurope_30gen10gen_rep10	2	23.3217221919058	20.4344796412154	26.2089647425962	-195.884752637719	-8.09610943171256	1	FALSE	21.512	0	0	0
3	africaeurope_30gen10gen_rep11	1	16.8420153322417	14.4962853501512	19.1877453143322	-195.884752637719	-14.8299530570395	1	FALSE	11.603	0	0	0
3	africaeurope_30gen10gen_rep12	1	16.8420153322417	14.4962853501512	19.1877453143322	-195.884752637719	-4.82361254419601	1	FALSE	17.749	0	0	0
3	africaeurope_30gen10gen_rep13	2	23.3217221919058	20.4344796412154	26.2089647425962	-195.884752637719	-5.68486939049204	1	FALSE	24.772	0	0	0
3	africaeurope_30gen10gen_rep14	1	16.8420153322417	14.4962853501512	19.1877453143322	-195.884752637719	-5.04296255530388	1	FALSE	18.38	0	0	0
3	africaeurope_30gen10gen_rep15	3	29.4878854489395	26.1967568515818	32.7790140462972	-195.884752637719	-3.5497248771607	1	FALSE	29.545	0	0	0
3	africaeurope_30gen10gen_rep16	2	23.3217221919058	20.4344796412154	26.2089647425962	-195.884752637719	-5.66891184516355	1	FALSE	21.933	0	0	0
3	africaeurope_30gen10gen_rep17	1	16.8420153322417	14.4962853501512	19.1877453143322	-195.884752637719	-4.70307745217625	1	FALSE	16.321	0	0	0
3	africaeurope_30gen10gen_rep18	2	23.3217221919058	20.4344796412154	26.2089647425962	-195.884752637719	-6.40584445082845	1	FALSE	24.383	0	0	0
3	africaeurope_30gen10gen_rep19	2	23.3217221919058	20.4344796412154	26.2089647425962	-195.884752637719	-5.67184661281836	1	FALSE	25.252	0	0	0
3	africaeurope_30gen10gen_rep2	2	23.3217221919058	20.4344796412154	26.2089647425962	-195.884752637719	-7.68500031705432	1	FALSE	20.133	0	0	0
3	africaeurope_30gen10gen_rep20	1	16.8420153322417	14.4962853501512	19.1877453143322	-195.884752637719	-6.28729016214446	1	FALSE	18.796	0	0	0
3	africaeurope_30gen10gen_rep21	3	29.4878854489395	26.1967568515818	32.7790140462972	-195.884752637719	-5.4457457777424	1	FALSE	31.39	0	0	0
3	africaeurope_30gen10gen_rep22	3	29.4878854489395	26.1967568515818	32.7790140462972	-195.884752637719	-3.28756512591048	1	FALSE	29.006	0	0	0
3	africaeurope_30gen10gen_rep23	2	23.3217221919058	20.4344796412154	26.2089647425962	-195.884752637719	-6.42534529721189	1	FALSE	23.37	0	0	0
3	africaeurope_30gen10gen_rep24	1	16.8420153322417	14.4962853501512	19.1877453143322	-195.884752637719	-4.84907372516675	1	FALSE	15.462	0	0	0
3	africaeurope_30gen10gen_rep25	2	23.3217221919058	20.4344796412154	26.2089647425962	-195.884752637719	-6.07047596097164	1	FALSE	23.918	0	0	0
3	africaeurope_30gen10gen_rep26	3	29.4878854489395	26.1967568515818	32.7790140462972	-195.884752637719	-4.91057269714608	1	FALSE	27.417	0	0	0
3	africaeurope_30gen10gen_rep27	1	16.8420153322417	14.4962853501512	19.1877453143322	-195.884752637719	-5.52049001219218	1	FALSE	14.843	0	0	0
3	africaeurope_30gen10gen_rep28	2	23.3217221919058	20.4344796412154	26.2089647425962	-195.884752637719	-5.58079507495574	1	FALSE	21.763	0	0	0
3	africaeurope_30gen10gen_rep29	1	16.8420153322417	14.4962853501512	19.1877453143322	-195.884752637719	-8.82778808956057	1	FALSE	17.572	0	0	0
3	africaeurope_30gen10gen_rep3	1	16.8420153322417	14.4962853501512	19.1877453143322	-195.884752637719	-5.37122907952403	1	FALSE	17.579	0	0	0
3	africaeurope_30gen10gen_rep30	1	16.8420153322417	14.4962853501512	19.1877453143322	-195.884752637719	-7.72350817446242	1	FALSE	16.611	0	0	0
3	africaeurope_30gen10gen_rep4	1	16.8420153322417	14.4962853501512	19.1877453143322	-195.884752637719	-4.53856149326594	1	FALSE	16.07	0	0	0
3	africaeurope_30gen10gen_rep5	2	23.3217221919058	20.4344796412154	26.2089647425962	-195.884752637719	-6.46833155564835	1	FALSE	20.298	0	0	0
3	africaeurope_30gen10gen_rep6	2	23.3217221919058	20.4344796412154	26.2089647425962	-195.884752637719	-12.9760517444016	1	FALSE	23.323	0	0	0
3	africaeurope_30gen10gen_rep7	2	23.3217221919058	20.4344796412154	26.2089647425962	-195.884752637719	-7.66941154255633	1	FALSE	21.8	0	0	0
3	africaeurope_30gen10gen_rep8	1	16.8420153322417	14.4962853501512	19.1877453143322	-195.884752637719	-9.52493988715442	1	FALSE	20.051	0	0	0
3	africaeurope_30gen10gen_rep9	2	23.3217221919058	20.4344796412154	26.2089647425962	-195.884752637719	-7.01489823569488	1	FALSE	26.918	0	0	0
4	africaeurope_30gen10gen_rep1	4	29.4878854489395	26.1967568515818	32.7790140462972	-175.630010971886	-5.23076646806269	1	FALSE	31.33	0	0	0
4	africaeurope_30gen10gen_rep10	3	23.6789431666924	20.6288386946585	26.7290476387263	-175.630010971886	-8.2402125030734	1	FALSE	21.512	0	0	0
4	africaeurope_30gen10gen_rep11	1	13.5416944817914	8.59743383789799	18.4859551256848	-175.630010971886	-1.23222801394877	1	FALSE	11.603	0	0	0
4	africaeurope_30gen10gen_rep12	2	17.9992372423775	15.4451803470517	20.5532941377033	-175.630010971886	-4.56548123449135	1	FALSE	17.749	0	0	0
4	africaeurope_30gen10gen_rep13	3	23.6789431666924	20.6288386946585	26.7290476387263	-175.630010971886	-5.64558884898722	1	FALSE	24.772	0	0	0
4	africaeurope_30gen10gen_rep14	2	17.9992372423775	15.4451803470517	20.5532941377033	-175.630010971886	-4.49044377492605	1	FALSE	18.38	0	0	0
4	africaeurope_30gen10gen_rep15	4	29.4878854489395	26.1967568515818	32.7790140462972	-175.630010971886	-3.5497248771607	1	FALSE	29.545	0	0	0
4	africaeurope_30gen10gen_rep16	3	23.6789431666924	20.6288386946585	26.7290476387263	-175.630010971886	-5.88469449669631	1	FALSE	21.933	0	0	0
4	africaeurope_30gen10gen_rep17	2	17.9992372423775	15.4451803470517	20.5532941377033	-175.630010971886	-5.2431979169729	1	FALSE	16.321	0	0	0
4	africaeurope_30gen10gen_rep18	3	23.6789431666924	20.6288386946585	26.7290476387263	-175.630010971886	-5.84791920336293	1	FALSE	24.383	0	0	0
4	africaeurope_30gen10gen_rep19	3	23.6789431666924	20.6288386946585	26.7290476387263	-175.630010971886	-5.37982326762905	1	FALSE	25.252	0	0	0
4	africaeurope_30gen10gen_rep2	2	17.9992372423775	15.4451803470517	20.5532941377033	-175.630010971886	-8.06196331063516	1	FALSE	20.133	0	0	0
4	africaeurope_30gen10gen_rep20	2	17.9992372423775	15.4451803470517	20.5532941377033	-175.630010971886	-5.77511106059096	1	FALSE	18.796	0	0	0
4	africaeurope_30gen10gen_rep21	4	29.4878854489395	26.1967568515818	32.7790140462972	-175.630010971886	-5.4457457777424	1	FALSE	31.39	0	0	0
4	africaeurope_30gen10gen_rep22	4	29.4878854489395	26.1967568515818	32.7790140462972	-175.630010971886	-3.28756512591048	1	FALSE	29.006	0	0	0
4	africaeurope_30gen10gen_rep23	3	23.6789431666924	20.6288386946585	26.7290476387263	-175.630010971886	-6.52147338838213	1	FALSE	23.37	0	0	0
4	africaeurope_30gen10gen_rep24	1	13.5416944817914	8.59743383789799	18.4859551256848	-175.630010971886	-1.19763947995671	1	FALSE	15.462	0	0	0
4	africaeurope_30gen10gen_rep25	3	23.6789431666924	20.6288386946585	26.7290476387263	-175.630010971886	-6.12944810163908	1	FALSE	23.918	0	0	0
4	africaeurope_30gen10gen_rep26	4	29.4878854489395	26.1967568515818	32.7790140462972	-175.630010971886	-4.91057269714608	1	FALSE	27.417	0	0	0
4	africaeurope_30gen10gen_rep27	2	17.9992372423775	15.4451803470517	20.5532941377033	-175.630010971886	-7.17109209782885	1	FALSE	14.843	0	0	0
4	africaeurope_30gen10gen_rep28	3	23.6789431666924	20.6288386946585	26.7290476387263	-175.630010971886	-5.74824871653066	1	FALSE	21.763	0	0	0
4	africaeurope_30gen10gen_rep29	2	17.9992372423775	15.4451803470517	20.5532941377033	-175.630010971886	-8.29604233454657	1	FALSE	17.572	0	0	0
4	africaeurope_30gen10gen_rep3	2	17.9992372423775	15.4451803470517	20.5532941377033	-175.630010971886	-5.02240970142936	1	FALSE	17.579	0	0	0
4	africaeurope_30gen10gen_rep30	2	17.9992372423775	15.4451803470517	20.5532941377033	-175.630010971886	-7.39156250457823	1	FALSE	16.611	0	0	0
4	africaeurope_30gen10gen_rep4	2	17.9992372423775	15.4451803470517	20.5532941377033	-175.630010971886	-5.50151380744629	1	FALSE	16.07	0	0	0
4	africaeurope_30gen10gen_rep5	2	17.9992372423775	15.4451803470517	20.5532941377033	-175.630010971886	-6.22065078607563	1	FALSE	20.298	0	0	0
4	africaeurope_30gen10gen_rep6	3	23.6789431666924	20.6288386946585	26.7290476387263	-175.630010971886	-11.5972943651797	1	FALSE	23.323	0	0	0
4	africaeurope_30gen10gen_rep7	3	23.6789431666924	20.6288386946585	26.7290476387263	-175.630010971886	-7.81886229198342	1	FALSE	21.8	0	0	0
4	africaeurope_30gen10gen_rep8	2	17.9992372423775	15.4451803470517	20.5532941377033	-175.630010971886	-7.5126704287813	1	FALSE	20.051	0	0	0
4	africaeurope_30gen10gen_rep9	3	23.6789431666924	20.6288386946585	26.7290476387263	-175.630010971886	-6.71006439019199	1	FALSE	26.918	0	0	0
