# CLUSTERING STRENGTH + LIKELIHOOD K SELECTION RESULTS (DATES)
# Recommended K: 2
# Method: DATES
# Clustering strength threshold: 0.983
# Likelihood thresholds: k1 to k2(k=2):1.2 k1 to k2(k=3):2.59 k2 to k3:0.71 k3 to k4:0.49
#
model_k	pop	cluster	joint_date_est_best	joint_date_lowerci	joint_date_upperci	likelihood_mean	likelihood_per_ind	recommended_k	is_recommended	ind_date_est	sample_age_est_best	sample_age_lowerci_mean	sample_age_upperci_mean
1	africaeurope_30gen60gen_rep1	1	84.7351547015068	82.248551310576	87.2217580924377	-1254.01341960484	-20.7015747109347	2	FALSE	68.192	0	NA	NA
1	africaeurope_30gen60gen_rep10	1	84.7351547015068	82.248551310576	87.2217580924377	-1254.01341960484	-11.7211752266221	2	FALSE	74.165	0	NA	NA
1	africaeurope_30gen60gen_rep11	1	84.7351547015068	82.248551310576	87.2217580924377	-1254.01341960484	-41.96117589513	2	FALSE	64.116	0	NA	NA
1	africaeurope_30gen60gen_rep12	1	84.7351547015068	82.248551310576	87.2217580924377	-1254.01341960484	-32.2483540650765	2	FALSE	51.387	0	NA	NA
1	africaeurope_30gen60gen_rep13	1	84.7351547015068	82.248551310576	87.2217580924377	-1254.01341960484	-8.63885419381782	2	FALSE	79.155	0	NA	NA
1	africaeurope_30gen60gen_rep14	1	84.7351547015068	82.248551310576	87.2217580924377	-1254.01341960484	-10.7198034380763	2	FALSE	93.959	0	NA	NA
1	africaeurope_30gen60gen_rep15	1	84.7351547015068	82.248551310576	87.2217580924377	-1254.01341960484	-10.0905095138033	2	FALSE	81.048	0	NA	NA
1	africaeurope_30gen60gen_rep16	1	84.7351547015068	82.248551310576	87.2217580924377	-1254.01341960484	-35.2023170931019	2	FALSE	113.025	0	NA	NA
1	africaeurope_30gen60gen_rep17	1	84.7351547015068	82.248551310576	87.2217580924377	-1254.01341960484	-10.8859399879551	2	FALSE	92.311	0	NA	NA
1	africaeurope_30gen60gen_rep18	1	84.7351547015068	82.248551310576	87.2217580924377	-1254.01341960484	-21.0930696812119	2	FALSE	65.516	0	NA	NA
1	africaeurope_30gen60gen_rep19	1	84.7351547015068	82.248551310576	87.2217580924377	-1254.01341960484	-6.89701027093872	2	FALSE	82.783	0	NA	NA
1	africaeurope_30gen60gen_rep2	1	84.7351547015068	82.248551310576	87.2217580924377	-1254.01341960484	-18.5705598257114	2	FALSE	99.261	0	NA	NA
1	africaeurope_30gen60gen_rep20	1	84.7351547015068	82.248551310576	87.2217580924377	-1254.01341960484	-24.5253311300135	2	FALSE	66.014	0	NA	NA
1	africaeurope_30gen60gen_rep21	1	84.7351547015068	82.248551310576	87.2217580924377	-1254.01341960484	-17.7667630668064	2	FALSE	62.643	0	NA	NA
1	africaeurope_30gen60gen_rep22	1	84.7351547015068	82.248551310576	87.2217580924377	-1254.01341960484	-86.5910872600764	2	FALSE	60.777	0	NA	NA
1	africaeurope_30gen60gen_rep23	1	84.7351547015068	82.248551310576	87.2217580924377	-1254.01341960484	-24.0602357047558	2	FALSE	71.635	0	NA	NA
1	africaeurope_30gen60gen_rep24	1	84.7351547015068	82.248551310576	87.2217580924377	-1254.01341960484	-8.75773211952649	2	FALSE	88.9	0	NA	NA
1	africaeurope_30gen60gen_rep25	1	84.7351547015068	82.248551310576	87.2217580924377	-1254.01341960484	-14.057093327698	2	FALSE	72.373	0	NA	NA
1	africaeurope_30gen60gen_rep26	1	84.7351547015068	82.248551310576	87.2217580924377	-1254.01341960484	-22.9513402308566	2	FALSE	59.509	0	NA	NA
1	africaeurope_30gen60gen_rep27	1	84.7351547015068	82.248551310576	87.2217580924377	-1254.01341960484	-12.1698009414434	2	FALSE	73.13	0	NA	NA
1	africaeurope_30gen60gen_rep28	1	84.7351547015068	82.248551310576	87.2217580924377	-1254.01341960484	-9.17154663423736	2	FALSE	78.54	0	NA	NA
1	africaeurope_30gen60gen_rep29	1	84.7351547015068	82.248551310576	87.2217580924377	-1254.01341960484	-13.7404370627424	2	FALSE	73.292	0	NA	NA
1	africaeurope_30gen60gen_rep3	1	84.7351547015068	82.248551310576	87.2217580924377	-1254.01341960484	-32.4743948882559	2	FALSE	60.727	0	NA	NA
1	africaeurope_30gen60gen_rep30	1	84.7351547015068	82.248551310576	87.2217580924377	-1254.01341960484	-7.24649758578255	2	FALSE	85.538	0	NA	NA
1	africaeurope_30gen60gen_rep4	1	84.7351547015068	82.248551310576	87.2217580924377	-1254.01341960484	-60.9899961662802	2	FALSE	56.254	0	NA	NA
1	africaeurope_30gen60gen_rep5	1	84.7351547015068	82.248551310576	87.2217580924377	-1254.01341960484	-12.5158407958649	2	FALSE	96.758	0	NA	NA
1	africaeurope_30gen60gen_rep6	1	84.7351547015068	82.248551310576	87.2217580924377	-1254.01341960484	-27.2820785433218	2	FALSE	63.991	0	NA	NA
1	africaeurope_30gen60gen_rep7	1	84.7351547015068	82.248551310576	87.2217580924377	-1254.01341960484	-10.7772478523036	2	FALSE	77.576	0	NA	NA
1	africaeurope_30gen60gen_rep8	1	84.7351547015068	82.248551310576	87.2217580924377	-1254.01341960484	-29.6279501992051	2	FALSE	45.867	0	NA	NA
1	africaeurope_30gen60gen_rep9	1	84.7351547015068	82.248551310576	87.2217580924377	-1254.01341960484	-18.0895180057961	2	FALSE	97.731	0	NA	NA
1	africaeurope_5050_75gen_0.510	1	84.7351547015068	82.248551310576	87.2217580924377	-1254.01341960484	-7.36170949417608	2	FALSE	84.822	15	NA	NA
1	africaeurope_5050_75gen_0.511	1	84.7351547015068	82.248551310576	87.2217580924377	-1254.01341960484	-23.220879848578	2	FALSE	106.508	15	NA	NA
1	africaeurope_5050_75gen_0.512	1	84.7351547015068	82.248551310576	87.2217580924377	-1254.01341960484	-6.68366487239073	2	FALSE	84.509	15	NA	NA
1	africaeurope_5050_75gen_0.513	1	84.7351547015068	82.248551310576	87.2217580924377	-1254.01341960484	-20.4850198143952	2	FALSE	70.369	15	NA	NA
1	africaeurope_5050_75gen_0.514	1	84.7351547015068	82.248551310576	87.2217580924377	-1254.01341960484	-30.6327681533538	2	FALSE	103.044	15	NA	NA
1	africaeurope_5050_75gen_0.515	1	84.7351547015068	82.248551310576	87.2217580924377	-1254.01341960484	-31.4573010838965	2	FALSE	107.503	15	NA	NA
1	africaeurope_5050_75gen_0.516	1	84.7351547015068	82.248551310576	87.2217580924377	-1254.01341960484	-11.963359897595	2	FALSE	95.48	15	NA	NA
1	africaeurope_5050_75gen_0.517	1	84.7351547015068	82.248551310576	87.2217580924377	-1254.01341960484	-17.735973534082	2	FALSE	98.055	15	NA	NA
1	africaeurope_5050_75gen_0.518	1	84.7351547015068	82.248551310576	87.2217580924377	-1254.01341960484	-21.7833507373616	2	FALSE	104.877	15	NA	NA
1	africaeurope_5050_75gen_0.519	1	84.7351547015068	82.248551310576	87.2217580924377	-1254.01341960484	-58.5709328315561	2	FALSE	110.883	15	NA	NA
1	africaeurope_5050_75gen_0.51	1	84.7351547015068	82.248551310576	87.2217580924377	-1254.01341960484	-8.57566359887423	2	FALSE	90.527	15	NA	NA
1	africaeurope_5050_75gen_0.520	1	84.7351547015068	82.248551310576	87.2217580924377	-1254.01341960484	-11.652472196097	2	FALSE	74.612	15	NA	NA
1	africaeurope_5050_75gen_0.521	1	84.7351547015068	82.248551310576	87.2217580924377	-1254.01341960484	-18.7855669188719	2	FALSE	73.732	15	NA	NA
1	africaeurope_5050_75gen_0.522	1	84.7351547015068	82.248551310576	87.2217580924377	-1254.01341960484	-6.76952409155557	2	FALSE	84.086	15	NA	NA
1	africaeurope_5050_75gen_0.523	1	84.7351547015068	82.248551310576	87.2217580924377	-1254.01341960484	-11.5199374843244	2	FALSE	93.629	15	NA	NA
1	africaeurope_5050_75gen_0.524	1	84.7351547015068	82.248551310576	87.2217580924377	-1254.01341960484	-9.47819324769322	2	FALSE	90.969	15	NA	NA
1	africaeurope_5050_75gen_0.525	1	84.7351547015068	82.248551310576	87.2217580924377	-1254.01341960484	-8.24633151497473	2	FALSE	89.034	15	NA	NA
1	africaeurope_5050_75gen_0.526	1	84.7351547015068	82.248551310576	87.2217580924377	-1254.01341960484	-8.84176890173052	2	FALSE	90.167	15	NA	NA
1	africaeurope_5050_75gen_0.527	1	84.7351547015068	82.248551310576	87.2217580924377	-1254.01341960484	-7.23518507193944	2	FALSE	81.688	15	NA	NA
1	africaeurope_5050_75gen_0.528	1	84.7351547015068	82.248551310576	87.2217580924377	-1254.01341960484	-11.128784587443	2	FALSE	91.335	15	NA	NA
1	africaeurope_5050_75gen_0.529	1	84.7351547015068	82.248551310576	87.2217580924377	-1254.01341960484	-12.4642618199354	2	FALSE	95.604	15	NA	NA
1	africaeurope_5050_75gen_0.52	1	84.7351547015068	82.248551310576	87.2217580924377	-1254.01341960484	-10.6885321208948	2	FALSE	93.358	15	NA	NA
1	africaeurope_5050_75gen_0.530	1	84.7351547015068	82.248551310576	87.2217580924377	-1254.01341960484	-127.065445491735	2	FALSE	124.165	15	NA	NA
1	africaeurope_5050_75gen_0.53	1	84.7351547015068	82.248551310576	87.2217580924377	-1254.01341960484	-16.52043258002	2	FALSE	96.988	15	NA	NA
1	africaeurope_5050_75gen_0.54	1	84.7351547015068	82.248551310576	87.2217580924377	-1254.01341960484	-18.2837445889864	2	FALSE	97.056	15	NA	NA
1	africaeurope_5050_75gen_0.55	1	84.7351547015068	82.248551310576	87.2217580924377	-1254.01341960484	-10.8129596742153	2	FALSE	80.819	15	NA	NA
1	africaeurope_5050_75gen_0.56	1	84.7351547015068	82.248551310576	87.2217580924377	-1254.01341960484	-21.3638349748588	2	FALSE	99.975	15	NA	NA
1	africaeurope_5050_75gen_0.57	1	84.7351547015068	82.248551310576	87.2217580924377	-1254.01341960484	-7.00943885534038	2	FALSE	85.459	15	NA	NA
1	africaeurope_5050_75gen_0.58	1	84.7351547015068	82.248551310576	87.2217580924377	-1254.01341960484	-8.08535420662765	2	FALSE	89.031	15	NA	NA
1	africaeurope_5050_75gen_0.59	1	84.7351547015068	82.248551310576	87.2217580924377	-1254.01341960484	-28.0657919939869	2	FALSE	105.389	15	NA	NA
2	africaeurope_30gen60gen_rep1	1	69.898551778558	66.1785655782992	73.6185379788167	-699.919621652935	-7.09443266553166	2	TRUE	68.192	0	0	0
2	africaeurope_30gen60gen_rep10	1	69.898551778558	66.1785655782992	73.6185379788167	-699.919621652935	-8.12831936261189	2	TRUE	74.165	0	0	0
2	africaeurope_30gen60gen_rep11	1	69.898551778558	66.1785655782992	73.6185379788167	-699.919621652935	-9.70408969513609	2	TRUE	64.116	0	0	0
2	africaeurope_30gen60gen_rep12	1	69.898551778558	66.1785655782992	73.6185379788167	-699.919621652935	-16.2962863025736	2	TRUE	51.387	0	0	0
2	africaeurope_30gen60gen_rep13	1	69.898551778558	66.1785655782992	73.6185379788167	-699.919621652935	-10.7089834762258	2	TRUE	79.155	0	0	0
2	africaeurope_30gen60gen_rep14	2	96.7190111205033	93.3757338905285	100.062288350478	-699.919621652935	-8.51799792290943	2	TRUE	93.959	0	0	0
2	africaeurope_30gen60gen_rep15	1	69.898551778558	66.1785655782992	73.6185379788167	-699.919621652935	-11.9168194898581	2	TRUE	81.048	0	0	0
2	africaeurope_30gen60gen_rep16	2	96.7190111205033	93.3757338905285	100.062288350478	-699.919621652935	-16.8609729624255	2	TRUE	113.025	0	0	0
2	africaeurope_30gen60gen_rep17	2	96.7190111205033	93.3757338905285	100.062288350478	-699.919621652935	-7.96905698053396	2	TRUE	92.311	0	0	0
2	africaeurope_30gen60gen_rep18	1	69.898551778558	66.1785655782992	73.6185379788167	-699.919621652935	-8.23216779767878	2	TRUE	65.516	0	0	0
2	africaeurope_30gen60gen_rep19	1	69.898551778558	66.1785655782992	73.6185379788167	-699.919621652935	-16.8031654142845	2	TRUE	82.783	0	0	0
2	africaeurope_30gen60gen_rep2	2	96.7190111205033	93.3757338905285	100.062288350478	-699.919621652935	-6.8918131155105	2	TRUE	99.261	0	0	0
2	africaeurope_30gen60gen_rep20	1	69.898551778558	66.1785655782992	73.6185379788167	-699.919621652935	-7.71161138510989	2	TRUE	66.014	0	0	0
2	africaeurope_30gen60gen_rep21	1	69.898551778558	66.1785655782992	73.6185379788167	-699.919621652935	-12.2741442239072	2	TRUE	62.643	0	0	0
2	africaeurope_30gen60gen_rep22	1	69.898551778558	66.1785655782992	73.6185379788167	-699.919621652935	-19.9357217876725	2	TRUE	60.777	0	0	0
2	africaeurope_30gen60gen_rep23	1	69.898551778558	66.1785655782992	73.6185379788167	-699.919621652935	-7.58930345071384	2	TRUE	71.635	0	0	0
2	africaeurope_30gen60gen_rep24	2	96.7190111205033	93.3757338905285	100.062288350478	-699.919621652935	-10.1663400892899	2	TRUE	88.9	0	0	0
2	africaeurope_30gen60gen_rep25	1	69.898551778558	66.1785655782992	73.6185379788167	-699.919621652935	-7.36236937786586	2	TRUE	72.373	0	0	0
2	africaeurope_30gen60gen_rep26	1	69.898551778558	66.1785655782992	73.6185379788167	-699.919621652935	-11.457478791201	2	TRUE	59.509	0	0	0
2	africaeurope_30gen60gen_rep27	1	69.898551778558	66.1785655782992	73.6185379788167	-699.919621652935	-8.8984925533846	2	TRUE	73.13	0	0	0
2	africaeurope_30gen60gen_rep28	1	69.898551778558	66.1785655782992	73.6185379788167	-699.919621652935	-11.7416852263808	2	TRUE	78.54	0	0	0
2	africaeurope_30gen60gen_rep29	1	69.898551778558	66.1785655782992	73.6185379788167	-699.919621652935	-7.50440812502693	2	TRUE	73.292	0	0	0
2	africaeurope_30gen60gen_rep3	1	69.898551778558	66.1785655782992	73.6185379788167	-699.919621652935	-10.8537488832114	2	TRUE	60.727	0	0	0
2	africaeurope_30gen60gen_rep30	2	96.7190111205033	93.3757338905285	100.062288350478	-699.919621652935	-12.3427605123933	2	TRUE	85.538	0	0	0
2	africaeurope_30gen60gen_rep4	1	69.898551778558	66.1785655782992	73.6185379788167	-699.919621652935	-19.2594846717566	2	TRUE	56.254	0	0	0
2	africaeurope_30gen60gen_rep5	2	96.7190111205033	93.3757338905285	100.062288350478	-699.919621652935	-8.20842416783873	2	TRUE	96.758	0	0	0
2	africaeurope_30gen60gen_rep6	1	69.898551778558	66.1785655782992	73.6185379788167	-699.919621652935	-8.68701680169994	2	TRUE	63.991	0	0	0
2	africaeurope_30gen60gen_rep7	1	69.898551778558	66.1785655782992	73.6185379788167	-699.919621652935	-11.592877062005	2	TRUE	77.576	0	0	0
2	africaeurope_30gen60gen_rep8	1	69.898551778558	66.1785655782992	73.6185379788167	-699.919621652935	-18.2746225557219	2	TRUE	45.867	0	0	0
2	africaeurope_30gen60gen_rep9	2	96.7190111205033	93.3757338905285	100.062288350478	-699.919621652935	-6.53299242825146	2	TRUE	97.731	0	0	0
2	africaeurope_5050_75gen_0.510	2	96.7190111205033	93.3757338905285	100.062288350478	-699.919621652935	-12.8636174412936	2	TRUE	84.822	15	15	15
2	africaeurope_5050_75gen_0.511	2	96.7190111205033	93.3757338905285	100.062288350478	-699.919621652935	-11.0649249682791	2	TRUE	106.508	15	15	15
2	africaeurope_5050_75gen_0.512	2	96.7190111205033	93.3757338905285	100.062288350478	-699.919621652935	-15.3133143441342	2	TRUE	84.509	15	15	15
2	africaeurope_5050_75gen_0.513	1	69.898551778558	66.1785655782992	73.6185379788167	-699.919621652935	-6.79609446187053	2	TRUE	70.369	15	15	15
2	africaeurope_5050_75gen_0.514	2	96.7190111205033	93.3757338905285	100.062288350478	-699.919621652935	-9.36154459441279	2	TRUE	103.044	15	15	15
2	africaeurope_5050_75gen_0.515	2	96.7190111205033	93.3757338905285	100.062288350478	-699.919621652935	-12.2940387680339	2	TRUE	107.503	15	15	15
2	africaeurope_5050_75gen_0.516	2	96.7190111205033	93.3757338905285	100.062288350478	-699.919621652935	-10.2063450323557	2	TRUE	95.48	15	15	15
2	africaeurope_5050_75gen_0.517	2	96.7190111205033	93.3757338905285	100.062288350478	-699.919621652935	-6.56996377314468	2	TRUE	98.055	15	15	15
2	africaeurope_5050_75gen_0.518	2	96.7190111205033	93.3757338905285	100.062288350478	-699.919621652935	-10.0087607848782	2	TRUE	104.877	15	15	15
2	africaeurope_5050_75gen_0.519	2	96.7190111205033	93.3757338905285	100.062288350478	-699.919621652935	-21.7963804778716	2	TRUE	110.883	15	15	15
2	africaeurope_5050_75gen_0.51	2	96.7190111205033	93.3757338905285	100.062288350478	-699.919621652935	-8.62424125677202	2	TRUE	90.527	15	15	15
2	africaeurope_5050_75gen_0.520	1	69.898551778558	66.1785655782992	73.6185379788167	-699.919621652935	-8.12425043039453	2	TRUE	74.612	15	15	15
2	africaeurope_5050_75gen_0.521	1	69.898551778558	66.1785655782992	73.6185379788167	-699.919621652935	-8.67208643136013	2	TRUE	73.732	15	15	15
2	africaeurope_5050_75gen_0.522	2	96.7190111205033	93.3757338905285	100.062288350478	-699.919621652935	-20.0792940865396	2	TRUE	84.086	15	15	15
2	africaeurope_5050_75gen_0.523	2	96.7190111205033	93.3757338905285	100.062288350478	-699.919621652935	-7.05096257583668	2	TRUE	93.629	15	15	15
2	africaeurope_5050_75gen_0.524	2	96.7190111205033	93.3757338905285	100.062288350478	-699.919621652935	-9.48390125198601	2	TRUE	90.969	15	15	15
2	africaeurope_5050_75gen_0.525	2	96.7190111205033	93.3757338905285	100.062288350478	-699.919621652935	-11.5868946326632	2	TRUE	89.034	15	15	15
2	africaeurope_5050_75gen_0.526	2	96.7190111205033	93.3757338905285	100.062288350478	-699.919621652935	-9.74626340698815	2	TRUE	90.167	15	15	15
2	africaeurope_5050_75gen_0.527	1	69.898551778558	66.1785655782992	73.6185379788167	-699.919621652935	-14.924431461327	2	TRUE	81.688	15	15	15
2	africaeurope_5050_75gen_0.528	2	96.7190111205033	93.3757338905285	100.062288350478	-699.919621652935	-11.6683405385404	2	TRUE	91.335	15	15	15
2	africaeurope_5050_75gen_0.529	2	96.7190111205033	93.3757338905285	100.062288350478	-699.919621652935	-6.91891311621765	2	TRUE	95.604	15	15	15
2	africaeurope_5050_75gen_0.52	2	96.7190111205033	93.3757338905285	100.062288350478	-699.919621652935	-7.21631933172836	2	TRUE	93.358	15	15	15
2	africaeurope_5050_75gen_0.530	2	96.7190111205033	93.3757338905285	100.062288350478	-699.919621652935	-64.9273951149477	2	TRUE	124.165	15	15	15
2	africaeurope_5050_75gen_0.53	2	96.7190111205033	93.3757338905285	100.062288350478	-699.919621652935	-6.46012549219344	2	TRUE	96.988	15	15	15
2	africaeurope_5050_75gen_0.54	2	96.7190111205033	93.3757338905285	100.062288350478	-699.919621652935	-6.58155214670532	2	TRUE	97.056	15	15	15
2	africaeurope_5050_75gen_0.55	1	69.898551778558	66.1785655782992	73.6185379788167	-699.919621652935	-12.1160323149723	2	TRUE	80.819	15	15	15
2	africaeurope_5050_75gen_0.56	2	96.7190111205033	93.3757338905285	100.062288350478	-699.919621652935	-7.12766506294197	2	TRUE	99.975	15	15	15
2	africaeurope_5050_75gen_0.57	2	96.7190111205033	93.3757338905285	100.062288350478	-699.919621652935	-12.7872006030538	2	TRUE	85.459	15	15	15
2	africaeurope_5050_75gen_0.58	2	96.7190111205033	93.3757338905285	100.062288350478	-699.919621652935	-9.59552827157436	2	TRUE	89.031	15	15	15
2	africaeurope_5050_75gen_0.59	2	96.7190111205033	93.3757338905285	100.062288350478	-699.919621652935	-10.4356522012071	2	TRUE	105.389	15	15	15
3	africaeurope_30gen60gen_rep1	1	66.6604648114338	62.3820726429031	70.9388569799646	-582.728394745923	-7.08497639698033	2	FALSE	68.192	0	0	0
3	africaeurope_30gen60gen_rep10	1	66.6604648114338	62.3820726429031	70.9388569799646	-582.728394745923	-9.61338943398982	2	FALSE	74.165	0	0	0
3	africaeurope_30gen60gen_rep11	1	66.6604648114338	62.3820726429031	70.9388569799646	-582.728394745923	-7.42453787835105	2	FALSE	64.116	0	0	0
3	africaeurope_30gen60gen_rep12	1	66.6604648114338	62.3820726429031	70.9388569799646	-582.728394745923	-14.0747627234787	2	FALSE	51.387	0	0	0
3	africaeurope_30gen60gen_rep13	2	86.4783048753937	82.4180904636512	90.5385192871363	-582.728394745923	-9.35881523335257	2	FALSE	79.155	0	0	0
3	africaeurope_30gen60gen_rep14	2	86.4783048753937	82.4180904636512	90.5385192871363	-582.728394745923	-9.70514745600413	2	FALSE	93.959	0	0	0
3	africaeurope_30gen60gen_rep15	2	86.4783048753937	82.4180904636512	90.5385192871363	-582.728394745923	-10.3399587947102	2	FALSE	81.048	0	0	0
3	africaeurope_30gen60gen_rep16	3	103.721829410491	99.0813326695717	108.362326151411	-582.728394745923	-11.0128006100444	2	FALSE	113.025	0	0	0
3	africaeurope_30gen60gen_rep17	2	86.4783048753937	82.4180904636512	90.5385192871363	-582.728394745923	-9.32948767216372	2	FALSE	92.311	0	0	0
3	africaeurope_30gen60gen_rep18	1	66.6604648114338	62.3820726429031	70.9388569799646	-582.728394745923	-7.60576238003291	2	FALSE	65.516	0	0	0
3	africaeurope_30gen60gen_rep19	2	86.4783048753937	82.4180904636512	90.5385192871363	-582.728394745923	-7.50667884624576	2	FALSE	82.783	0	0	0
3	africaeurope_30gen60gen_rep2	3	103.721829410491	99.0813326695717	108.362326151411	-582.728394745923	-7.38712527314749	2	FALSE	99.261	0	0	0
3	africaeurope_30gen60gen_rep20	1	66.6604648114338	62.3820726429031	70.9388569799646	-582.728394745923	-6.99212524893738	2	FALSE	66.014	0	0	0
3	africaeurope_30gen60gen_rep21	1	66.6604648114338	62.3820726429031	70.9388569799646	-582.728394745923	-11.8125154738819	2	FALSE	62.643	0	0	0
3	africaeurope_30gen60gen_rep22	1	66.6604648114338	62.3820726429031	70.9388569799646	-582.728394745923	-13.1097033828714	2	FALSE	60.777	0	0	0
3	africaeurope_30gen60gen_rep23	1	66.6604648114338	62.3820726429031	70.9388569799646	-582.728394745923	-9.65489810800395	2	FALSE	71.635	0	0	0
3	africaeurope_30gen60gen_rep24	2	86.4783048753937	82.4180904636512	90.5385192871363	-582.728394745923	-8.27819066744362	2	FALSE	88.9	0	0	0
3	africaeurope_30gen60gen_rep25	1	66.6604648114338	62.3820726429031	70.9388569799646	-582.728394745923	-8.60483260073585	2	FALSE	72.373	0	0	0
3	africaeurope_30gen60gen_rep26	1	66.6604648114338	62.3820726429031	70.9388569799646	-582.728394745923	-10.2597533342742	2	FALSE	59.509	0	0	0
3	africaeurope_30gen60gen_rep27	1	66.6604648114338	62.3820726429031	70.9388569799646	-582.728394745923	-9.69499109416676	2	FALSE	73.13	0	0	0
3	africaeurope_30gen60gen_rep28	2	86.4783048753937	82.4180904636512	90.5385192871363	-582.728394745923	-10.8918351498091	2	FALSE	78.54	0	0	0
3	africaeurope_30gen60gen_rep29	1	66.6604648114338	62.3820726429031	70.9388569799646	-582.728394745923	-9.24076212223929	2	FALSE	73.292	0	0	0
3	africaeurope_30gen60gen_rep3	1	66.6604648114338	62.3820726429031	70.9388569799646	-582.728394745923	-8.72835827091539	2	FALSE	60.727	0	0	0
3	africaeurope_30gen60gen_rep30	2	86.4783048753937	82.4180904636512	90.5385192871363	-582.728394745923	-7.13010486603281	2	FALSE	85.538	0	0	0
3	africaeurope_30gen60gen_rep4	1	66.6604648114338	62.3820726429031	70.9388569799646	-582.728394745923	-14.0310094002766	2	FALSE	56.254	0	0	0
3	africaeurope_30gen60gen_rep5	3	103.721829410491	99.0813326695717	108.362326151411	-582.728394745923	-10.2121142405489	2	FALSE	96.758	0	0	0
3	africaeurope_30gen60gen_rep6	1	66.6604648114338	62.3820726429031	70.9388569799646	-582.728394745923	-7.40009980684408	2	FALSE	63.991	0	0	0
3	africaeurope_30gen60gen_rep7	2	86.4783048753937	82.4180904636512	90.5385192871363	-582.728394745923	-13.2627593030869	2	FALSE	77.576	0	0	0
3	africaeurope_30gen60gen_rep8	1	66.6604648114338	62.3820726429031	70.9388569799646	-582.728394745923	-16.5481267866229	2	FALSE	45.867	0	0	0
3	africaeurope_30gen60gen_rep9	3	103.721829410491	99.0813326695717	108.362326151411	-582.728394745923	-8.62770669474258	2	FALSE	97.731	0	0	0
3	africaeurope_5050_75gen_0.510	2	86.4783048753937	82.4180904636512	90.5385192871363	-582.728394745923	-7.33307047523715	2	FALSE	84.822	15	15	15
3	africaeurope_5050_75gen_0.511	3	103.721829410491	99.0813326695717	108.362326151411	-582.728394745923	-8.64112536408953	2	FALSE	106.508	15	15	15
3	africaeurope_5050_75gen_0.512	2	86.4783048753937	82.4180904636512	90.5385192871363	-582.728394745923	-6.91632958187756	2	FALSE	84.509	15	15	15
3	africaeurope_5050_75gen_0.513	1	66.6604648114338	62.3820726429031	70.9388569799646	-582.728394745923	-7.69634486170238	2	FALSE	70.369	15	15	15
3	africaeurope_5050_75gen_0.514	3	103.721829410491	99.0813326695717	108.362326151411	-582.728394745923	-6.27716709880562	2	FALSE	103.044	15	15	15
3	africaeurope_5050_75gen_0.515	3	103.721829410491	99.0813326695717	108.362326151411	-582.728394745923	-7.34136033442069	2	FALSE	107.503	15	15	15
3	africaeurope_5050_75gen_0.516	2	86.4783048753937	82.4180904636512	90.5385192871363	-582.728394745923	-11.1968948538383	2	FALSE	95.48	15	15	15
3	africaeurope_5050_75gen_0.517	3	103.721829410491	99.0813326695717	108.362326151411	-582.728394745923	-8.18211012082161	2	FALSE	98.055	15	15	15
3	africaeurope_5050_75gen_0.518	3	103.721829410491	99.0813326695717	108.362326151411	-582.728394745923	-8.03282533078956	2	FALSE	104.877	15	15	15
3	africaeurope_5050_75gen_0.519	3	103.721829410491	99.0813326695717	108.362326151411	-582.728394745923	-10.241229908474	2	FALSE	110.883	15	15	15
3	africaeurope_5050_75gen_0.51	2	86.4783048753937	82.4180904636512	90.5385192871363	-582.728394745923	-7.68244013260617	2	FALSE	90.527	15	15	15
3	africaeurope_5050_75gen_0.520	1	66.6604648114338	62.3820726429031	70.9388569799646	-582.728394745923	-9.97032747688145	2	FALSE	74.612	15	15	15
3	africaeurope_5050_75gen_0.521	1	66.6604648114338	62.3820726429031	70.9388569799646	-582.728394745923	-12.0245017286464	2	FALSE	73.732	15	15	15
3	africaeurope_5050_75gen_0.522	2	86.4783048753937	82.4180904636512	90.5385192871363	-582.728394745923	-7.51349425094046	2	FALSE	84.086	15	15	15
3	africaeurope_5050_75gen_0.523	2	86.4783048753937	82.4180904636512	90.5385192871363	-582.728394745923	-9.82879652659564	2	FALSE	93.629	15	15	15
3	africaeurope_5050_75gen_0.524	2	86.4783048753937	82.4180904636512	90.5385192871363	-582.728394745923	-8.81366819740166	2	FALSE	90.969	15	15	15
3	africaeurope_5050_75gen_0.525	2	86.4783048753937	82.4180904636512	90.5385192871363	-582.728394745923	-7.54622353733092	2	FALSE	89.034	15	15	15
3	africaeurope_5050_75gen_0.526	2	86.4783048753937	82.4180904636512	90.5385192871363	-582.728394745923	-7.83707678935714	2	FALSE	90.167	15	15	15
3	africaeurope_5050_75gen_0.527	2	86.4783048753937	82.4180904636512	90.5385192871363	-582.728394745923	-8.02930705382447	2	FALSE	81.688	15	15	15
3	africaeurope_5050_75gen_0.528	2	86.4783048753937	82.4180904636512	90.5385192871363	-582.728394745923	-10.7804391191203	2	FALSE	91.335	15	15	15
3	africaeurope_5050_75gen_0.529	3	103.721829410491	99.0813326695717	108.362326151411	-582.728394745923	-9.78081511426424	2	FALSE	95.604	15	15	15
3	africaeurope_5050_75gen_0.52	2	86.4783048753937	82.4180904636512	90.5385192871363	-582.728394745923	-9.22484574423554	2	FALSE	93.358	15	15	15
3	africaeurope_5050_75gen_0.530	3	103.721829410491	99.0813326695717	108.362326151411	-582.728394745923	-38.7576268498819	2	FALSE	124.165	15	15	15
3	africaeurope_5050_75gen_0.53	3	103.721829410491	99.0813326695717	108.362326151411	-582.728394745923	-9.16426354222947	2	FALSE	96.988	15	15	15
3	africaeurope_5050_75gen_0.54	3	103.721829410491	99.0813326695717	108.362326151411	-582.728394745923	-9.77083599178229	2	FALSE	97.056	15	15	15
3	africaeurope_5050_75gen_0.55	2	86.4783048753937	82.4180904636512	90.5385192871363	-582.728394745923	-11.0871855639453	2	FALSE	80.819	15	15	15
3	africaeurope_5050_75gen_0.56	3	103.721829410491	99.0813326695717	108.362326151411	-582.728394745923	-7.06160365451804	2	FALSE	99.975	15	15	15
3	africaeurope_5050_75gen_0.57	2	86.4783048753937	82.4180904636512	90.5385192871363	-582.728394745923	-6.93714600103198	2	FALSE	85.459	15	15	15
3	africaeurope_5050_75gen_0.58	2	86.4783048753937	82.4180904636512	90.5385192871363	-582.728394745923	-7.47412877925994	2	FALSE	89.031	15	15	15
3	africaeurope_5050_75gen_0.59	3	103.721829410491	99.0813326695717	108.362326151411	-582.728394745923	-6.66188151207883	2	FALSE	105.389	15	15	15
4	africaeurope_30gen60gen_rep1	1	61.7526171604468	55.9952329215883	67.5100013993052	-527.373188750295	-9.16463019980347	2	FALSE	68.192	0	0	0
4	africaeurope_30gen60gen_rep10	2	78.0032378359114	73.7865109559294	82.2199647158935	-527.373188750295	-8.03974855774218	2	FALSE	74.165	0	0	0
4	africaeurope_30gen60gen_rep11	1	61.7526171604468	55.9952329215883	67.5100013993052	-527.373188750295	-7.91061779273459	2	FALSE	64.116	0	0	0
4	africaeurope_30gen60gen_rep12	1	61.7526171604468	55.9952329215883	67.5100013993052	-527.373188750295	-11.1763585101744	2	FALSE	51.387	0	0	0
4	africaeurope_30gen60gen_rep13	2	78.0032378359114	73.7865109559294	82.2199647158935	-527.373188750295	-7.52052311640014	2	FALSE	79.155	0	0	0
4	africaeurope_30gen60gen_rep14	3	94.2776692915275	89.9459468160007	98.6093917670542	-527.373188750295	-8.1997410892634	2	FALSE	93.959	0	0	0
4	africaeurope_30gen60gen_rep15	2	78.0032378359114	73.7865109559294	82.2199647158935	-527.373188750295	-10.334897121054	2	FALSE	81.048	0	0	0
4	africaeurope_30gen60gen_rep16	4	110.313636924868	103.575603146974	117.051670702763	-527.373188750295	-8.03862229957394	2	FALSE	113.025	0	0	0
4	africaeurope_30gen60gen_rep17	3	94.2776692915275	89.9459468160007	98.6093917670542	-527.373188750295	-6.88957964134221	2	FALSE	92.311	0	0	0
4	africaeurope_30gen60gen_rep18	1	61.7526171604468	55.9952329215883	67.5100013993052	-527.373188750295	-7.97932449120186	2	FALSE	65.516	0	0	0
4	africaeurope_30gen60gen_rep19	2	78.0032378359114	73.7865109559294	82.2199647158935	-527.373188750295	-7.93986573240828	2	FALSE	82.783	0	0	0
4	africaeurope_30gen60gen_rep2	3	94.2776692915275	89.9459468160007	98.6093917670542	-527.373188750295	-8.01082008170143	2	FALSE	99.261	0	0	0
4	africaeurope_30gen60gen_rep20	1	61.7526171604468	55.9952329215883	67.5100013993052	-527.373188750295	-7.98537332809579	2	FALSE	66.014	0	0	0
4	africaeurope_30gen60gen_rep21	1	61.7526171604468	55.9952329215883	67.5100013993052	-527.373188750295	-11.1642945515208	2	FALSE	62.643	0	0	0
4	africaeurope_30gen60gen_rep22	1	61.7526171604468	55.9952329215883	67.5100013993052	-527.373188750295	-9.82815483354549	2	FALSE	60.777	0	0	0
4	africaeurope_30gen60gen_rep23	2	78.0032378359114	73.7865109559294	82.2199647158935	-527.373188750295	-10.941924924691	2	FALSE	71.635	0	0	0
4	africaeurope_30gen60gen_rep24	3	94.2776692915275	89.9459468160007	98.6093917670542	-527.373188750295	-9.12124375602511	2	FALSE	88.9	0	0	0
4	africaeurope_30gen60gen_rep25	2	78.0032378359114	73.7865109559294	82.2199647158935	-527.373188750295	-8.4540560176752	2	FALSE	72.373	0	0	0
4	africaeurope_30gen60gen_rep26	1	61.7526171604468	55.9952329215883	67.5100013993052	-527.373188750295	-8.95743926996455	2	FALSE	59.509	0	0	0
4	africaeurope_30gen60gen_rep27	2	78.0032378359114	73.7865109559294	82.2199647158935	-527.373188750295	-9.62805639620747	2	FALSE	73.13	0	0	0
4	africaeurope_30gen60gen_rep28	2	78.0032378359114	73.7865109559294	82.2199647158935	-527.373188750295	-6.52027015881922	2	FALSE	78.54	0	0	0
4	africaeurope_30gen60gen_rep29	2	78.0032378359114	73.7865109559294	82.2199647158935	-527.373188750295	-7.90073113542364	2	FALSE	73.292	0	0	0
4	africaeurope_30gen60gen_rep3	1	61.7526171604468	55.9952329215883	67.5100013993052	-527.373188750295	-7.23473994502867	2	FALSE	60.727	0	0	0
4	africaeurope_30gen60gen_rep30	2	78.0032378359114	73.7865109559294	82.2199647158935	-527.373188750295	-9.59865250692659	2	FALSE	85.538	0	0	0
4	africaeurope_30gen60gen_rep4	1	61.7526171604468	55.9952329215883	67.5100013993052	-527.373188750295	-9.1351795921652	2	FALSE	56.254	0	0	0
4	africaeurope_30gen60gen_rep5	3	94.2776692915275	89.9459468160007	98.6093917670542	-527.373188750295	-8.31063338096156	2	FALSE	96.758	0	0	0
4	africaeurope_30gen60gen_rep6	1	61.7526171604468	55.9952329215883	67.5100013993052	-527.373188750295	-7.35445587956068	2	FALSE	63.991	0	0	0
4	africaeurope_30gen60gen_rep7	2	78.0032378359114	73.7865109559294	82.2199647158935	-527.373188750295	-6.56183043058576	2	FALSE	77.576	0	0	0
4	africaeurope_30gen60gen_rep8	1	61.7526171604468	55.9952329215883	67.5100013993052	-527.373188750295	-13.9927659548776	2	FALSE	45.867	0	0	0
4	africaeurope_30gen60gen_rep9	3	94.2776692915275	89.9459468160007	98.6093917670542	-527.373188750295	-7.35961018409255	2	FALSE	97.731	0	0	0
4	africaeurope_5050_75gen_0.510	2	78.0032378359114	73.7865109559294	82.2199647158935	-527.373188750295	-9.21460800063864	2	FALSE	84.822	15	15	15
4	africaeurope_5050_75gen_0.511	4	110.313636924868	103.575603146974	117.051670702763	-527.373188750295	-8.56750601939253	2	FALSE	106.508	15	15	15
4	africaeurope_5050_75gen_0.512	2	78.0032378359114	73.7865109559294	82.2199647158935	-527.373188750295	-9.08660703920079	2	FALSE	84.509	15	15	15
4	africaeurope_5050_75gen_0.513	2	78.0032378359114	73.7865109559294	82.2199647158935	-527.373188750295	-10.4131090281329	2	FALSE	70.369	15	15	15
4	africaeurope_5050_75gen_0.514	4	110.313636924868	103.575603146974	117.051670702763	-527.373188750295	-10.2503682067366	2	FALSE	103.044	15	15	15
4	africaeurope_5050_75gen_0.515	4	110.313636924868	103.575603146974	117.051670702763	-527.373188750295	-6.96727116763115	2	FALSE	107.503	15	15	15
4	africaeurope_5050_75gen_0.516	3	94.2776692915275	89.9459468160007	98.6093917670542	-527.373188750295	-9.9006016932128	2	FALSE	95.48	15	15	15
4	africaeurope_5050_75gen_0.517	3	94.2776692915275	89.9459468160007	98.6093917670542	-527.373188750295	-7.44157121732842	2	FALSE	98.055	15	15	15
4	africaeurope_5050_75gen_0.518	4	110.313636924868	103.575603146974	117.051670702763	-527.373188750295	-8.75963435228124	2	FALSE	104.877	15	15	15
4	africaeurope_5050_75gen_0.519	4	110.313636924868	103.575603146974	117.051670702763	-527.373188750295	-6.63910281312291	2	FALSE	110.883	15	15	15
4	africaeurope_5050_75gen_0.51	3	94.2776692915275	89.9459468160007	98.6093917670542	-527.373188750295	-7.56620480953905	2	FALSE	90.527	15	15	15
4	africaeurope_5050_75gen_0.520	2	78.0032378359114	73.7865109559294	82.2199647158935	-527.373188750295	-7.58750719664951	2	FALSE	74.612	15	15	15
4	africaeurope_5050_75gen_0.521	2	78.0032378359114	73.7865109559294	82.2199647158935	-527.373188750295	-8.65013050551444	2	FALSE	73.732	15	15	15
4	africaeurope_5050_75gen_0.522	2	78.0032378359114	73.7865109559294	82.2199647158935	-527.373188750295	-9.68961087881688	2	FALSE	84.086	15	15	15
4	africaeurope_5050_75gen_0.523	3	94.2776692915275	89.9459468160007	98.6093917670542	-527.373188750295	-6.58080503249972	2	FALSE	93.629	15	15	15
4	africaeurope_5050_75gen_0.524	3	94.2776692915275	89.9459468160007	98.6093917670542	-527.373188750295	-8.74014077375506	2	FALSE	90.969	15	15	15
4	africaeurope_5050_75gen_0.525	3	94.2776692915275	89.9459468160007	98.6093917670542	-527.373188750295	-9.0255539574526	2	FALSE	89.034	15	15	15
4	africaeurope_5050_75gen_0.526	3	94.2776692915275	89.9459468160007	98.6093917670542	-527.373188750295	-7.87349355010151	2	FALSE	90.167	15	15	15
4	africaeurope_5050_75gen_0.527	2	78.0032378359114	73.7865109559294	82.2199647158935	-527.373188750295	-7.38778289560547	2	FALSE	81.688	15	15	15
4	africaeurope_5050_75gen_0.528	3	94.2776692915275	89.9459468160007	98.6093917670542	-527.373188750295	-10.9080629215189	2	FALSE	91.335	15	15	15
4	africaeurope_5050_75gen_0.529	3	94.2776692915275	89.9459468160007	98.6093917670542	-527.373188750295	-7.00064246960309	2	FALSE	95.604	15	15	15
4	africaeurope_5050_75gen_0.52	3	94.2776692915275	89.9459468160007	98.6093917670542	-527.373188750295	-6.75387673896037	2	FALSE	93.358	15	15	15
4	africaeurope_5050_75gen_0.530	4	110.313636924868	103.575603146974	117.051670702763	-527.373188750295	-21.5340174111503	2	FALSE	124.165	15	15	15
4	africaeurope_5050_75gen_0.53	3	94.2776692915275	89.9459468160007	98.6093917670542	-527.373188750295	-7.02837230039226	2	FALSE	96.988	15	15	15
4	africaeurope_5050_75gen_0.54	3	94.2776692915275	89.9459468160007	98.6093917670542	-527.373188750295	-7.23079961829286	2	FALSE	97.056	15	15	15
4	africaeurope_5050_75gen_0.55	2	78.0032378359114	73.7865109559294	82.2199647158935	-527.373188750295	-11.109166004999	2	FALSE	80.819	15	15	15
4	africaeurope_5050_75gen_0.56	3	94.2776692915275	89.9459468160007	98.6093917670542	-527.373188750295	-8.6044348663924	2	FALSE	99.975	15	15	15
4	africaeurope_5050_75gen_0.57	2	78.0032378359114	73.7865109559294	82.2199647158935	-527.373188750295	-9.56280482691735	2	FALSE	85.459	15	15	15
4	africaeurope_5050_75gen_0.58	3	94.2776692915275	89.9459468160007	98.6093917670542	-527.373188750295	-8.35833893058808	2	FALSE	89.031	15	15	15
4	africaeurope_5050_75gen_0.59	4	110.313636924868	103.575603146974	117.051670702763	-527.373188750295	-7.68692264430083	2	FALSE	105.389	15	15	15
