# CLUSTERING STRENGTH + LIKELIHOOD K SELECTION RESULTS (DATES)
# Recommended K: 1
# Method: DATES
# Clustering strength threshold: 0.983
# Likelihood thresholds: k1 to k2(k=2):1.2 k1 to k2(k=3):2.59 k2 to k3:0.71 k3 to k4:0.49
#
model_k	pop	cluster	joint_date_est_best	joint_date_lowerci	joint_date_upperci	likelihood_mean	likelihood_per_ind	recommended_k	is_recommended	ind_date_est	sample_age_est_best	sample_age_lowerci_mean	sample_age_upperci_mean
1	africaeurope_30gen30gen_rep1	1	47.0899860179955	44.6860363725488	49.4939356634422	-447.24721560203	-7.89767163429544	1	TRUE	50.634	0	NA	NA
1	africaeurope_30gen30gen_rep10	1	47.0899860179955	44.6860363725488	49.4939356634422	-447.24721560203	-9.25962293179704	1	TRUE	42.88	0	NA	NA
1	africaeurope_30gen30gen_rep11	1	47.0899860179955	44.6860363725488	49.4939356634422	-447.24721560203	-59.7070557709227	1	TRUE	64.318	0	NA	NA
1	africaeurope_30gen30gen_rep12	1	47.0899860179955	44.6860363725488	49.4939356634422	-447.24721560203	-11.6568897960864	1	TRUE	38.515	0	NA	NA
1	africaeurope_30gen30gen_rep13	1	47.0899860179955	44.6860363725488	49.4939356634422	-447.24721560203	-12.8516571997434	1	TRUE	37.063	0	NA	NA
1	africaeurope_30gen30gen_rep14	1	47.0899860179955	44.6860363725488	49.4939356634422	-447.24721560203	-33.5425259790729	1	TRUE	23.565	0	NA	NA
1	africaeurope_30gen30gen_rep15	1	47.0899860179955	44.6860363725488	49.4939356634422	-447.24721560203	-13.0840740961931	1	TRUE	53.068	0	NA	NA
1	africaeurope_30gen30gen_rep16	1	47.0899860179955	44.6860363725488	49.4939356634422	-447.24721560203	-5.70789089606956	1	TRUE	47.969	0	NA	NA
1	africaeurope_30gen30gen_rep17	1	47.0899860179955	44.6860363725488	49.4939356634422	-447.24721560203	-6.19058557309399	1	TRUE	45.116	0	NA	NA
1	africaeurope_30gen30gen_rep18	1	47.0899860179955	44.6860363725488	49.4939356634422	-447.24721560203	-9.08147998171035	1	TRUE	42.078	0	NA	NA
1	africaeurope_30gen30gen_rep19	1	47.0899860179955	44.6860363725488	49.4939356634422	-447.24721560203	-6.33676179903696	1	TRUE	46.6	0	NA	NA
1	africaeurope_30gen30gen_rep2	1	47.0899860179955	44.6860363725488	49.4939356634422	-447.24721560203	-6.33521931836949	1	TRUE	49.593	0	NA	NA
1	africaeurope_30gen30gen_rep20	1	47.0899860179955	44.6860363725488	49.4939356634422	-447.24721560203	-5.8308524942113	1	TRUE	46.347	0	NA	NA
1	africaeurope_30gen30gen_rep21	1	47.0899860179955	44.6860363725488	49.4939356634422	-447.24721560203	-9.29053715456332	1	TRUE	50.946	0	NA	NA
1	africaeurope_30gen30gen_rep22	1	47.0899860179955	44.6860363725488	49.4939356634422	-447.24721560203	-9.67398905398094	1	TRUE	41.315	0	NA	NA
1	africaeurope_30gen30gen_rep23	1	47.0899860179955	44.6860363725488	49.4939356634422	-447.24721560203	-9.92195234461891	1	TRUE	49.335	0	NA	NA
1	africaeurope_30gen30gen_rep24	1	47.0899860179955	44.6860363725488	49.4939356634422	-447.24721560203	-7.27127007687657	1	TRUE	43.631	0	NA	NA
1	africaeurope_30gen30gen_rep25	1	47.0899860179955	44.6860363725488	49.4939356634422	-447.24721560203	-6.54594479971407	1	TRUE	47.903	0	NA	NA
1	africaeurope_30gen30gen_rep26	1	47.0899860179955	44.6860363725488	49.4939356634422	-447.24721560203	-7.66109878257179	1	TRUE	51.106	0	NA	NA
1	africaeurope_30gen30gen_rep27	1	47.0899860179955	44.6860363725488	49.4939356634422	-447.24721560203	-23.9237157765932	1	TRUE	62.182	0	NA	NA
1	africaeurope_30gen30gen_rep28	1	47.0899860179955	44.6860363725488	49.4939356634422	-447.24721560203	-5.66224196288124	1	TRUE	46.213	0	NA	NA
1	africaeurope_30gen30gen_rep29	1	47.0899860179955	44.6860363725488	49.4939356634422	-447.24721560203	-9.47695682286872	1	TRUE	40.781	0	NA	NA
1	africaeurope_30gen30gen_rep3	1	47.0899860179955	44.6860363725488	49.4939356634422	-447.24721560203	-8.15591755344036	1	TRUE	51.16	0	NA	NA
1	africaeurope_30gen30gen_rep30	1	47.0899860179955	44.6860363725488	49.4939356634422	-447.24721560203	-18.72989644895	1	TRUE	40.282	0	NA	NA
1	africaeurope_30gen30gen_rep4	1	47.0899860179955	44.6860363725488	49.4939356634422	-447.24721560203	-35.3613953356032	1	TRUE	32.406	0	NA	NA
1	africaeurope_30gen30gen_rep5	1	47.0899860179955	44.6860363725488	49.4939356634422	-447.24721560203	-6.10990690658058	1	TRUE	45.49	0	NA	NA
1	africaeurope_30gen30gen_rep6	1	47.0899860179955	44.6860363725488	49.4939356634422	-447.24721560203	-10.0420865866847	1	TRUE	54.057	0	NA	NA
1	africaeurope_30gen30gen_rep7	1	47.0899860179955	44.6860363725488	49.4939356634422	-447.24721560203	-59.8595114033898	1	TRUE	68.01	0	NA	NA
1	africaeurope_30gen30gen_rep8	1	47.0899860179955	44.6860363725488	49.4939356634422	-447.24721560203	-10.4722494212096	1	TRUE	52.719	0	NA	NA
1	africaeurope_30gen30gen_rep9	1	47.0899860179955	44.6860363725488	49.4939356634422	-447.24721560203	-21.6062577009006	1	TRUE	36.909	0	NA	NA
2	africaeurope_30gen30gen_rep1	2	55.8286567544207	51.846182379975	59.8111311288664	-301.488816144655	-8.54650035815343	1	FALSE	50.634	0	0	0
2	africaeurope_30gen30gen_rep10	1	42.0805715101175	39.0653183129758	45.0958247072592	-301.488816144655	-5.81079026636261	1	FALSE	42.88	0	0	0
2	africaeurope_30gen30gen_rep11	2	55.8286567544207	51.846182379975	59.8111311288664	-301.488816144655	-19.3740206745271	1	FALSE	64.318	0	0	0
2	africaeurope_30gen30gen_rep12	1	42.0805715101175	39.0653183129758	45.0958247072592	-301.488816144655	-7.85823713782027	1	FALSE	38.515	0	0	0
2	africaeurope_30gen30gen_rep13	1	42.0805715101175	39.0653183129758	45.0958247072592	-301.488816144655	-9.39148772760169	1	FALSE	37.063	0	0	0
2	africaeurope_30gen30gen_rep14	1	42.0805715101175	39.0653183129758	45.0958247072592	-301.488816144655	-24.2571768516766	1	FALSE	23.565	0	0	0
2	africaeurope_30gen30gen_rep15	2	55.8286567544207	51.846182379975	59.8111311288664	-301.488816144655	-8.06821078330081	1	FALSE	53.068	0	0	0
2	africaeurope_30gen30gen_rep16	1	42.0805715101175	39.0653183129758	45.0958247072592	-301.488816144655	-10.7588054526603	1	FALSE	47.969	0	0	0
2	africaeurope_30gen30gen_rep17	1	42.0805715101175	39.0653183129758	45.0958247072592	-301.488816144655	-6.66931862484386	1	FALSE	45.116	0	0	0
2	africaeurope_30gen30gen_rep18	1	42.0805715101175	39.0653183129758	45.0958247072592	-301.488816144655	-5.36533035741934	1	FALSE	42.078	0	0	0
2	africaeurope_30gen30gen_rep19	1	42.0805715101175	39.0653183129758	45.0958247072592	-301.488816144655	-7.98143928033049	1	FALSE	46.6	0	0	0
2	africaeurope_30gen30gen_rep2	2	55.8286567544207	51.846182379975	59.8111311288664	-301.488816144655	-10.214674995891	1	FALSE	49.593	0	0	0
2	africaeurope_30gen30gen_rep20	1	42.0805715101175	39.0653183129758	45.0958247072592	-301.488816144655	-8.67642250247323	1	FALSE	46.347	0	0	0
2	africaeurope_30gen30gen_rep21	2	55.8286567544207	51.846182379975	59.8111311288664	-301.488816144655	-9.25260022086399	1	FALSE	50.946	0	0	0
2	africaeurope_30gen30gen_rep22	1	42.0805715101175	39.0653183129758	45.0958247072592	-301.488816144655	-8.51656902806462	1	FALSE	41.315	0	0	0
2	africaeurope_30gen30gen_rep23	2	55.8286567544207	51.846182379975	59.8111311288664	-301.488816144655	-10.6084197657535	1	FALSE	49.335	0	0	0
2	africaeurope_30gen30gen_rep24	1	42.0805715101175	39.0653183129758	45.0958247072592	-301.488816144655	-5.71368970292629	1	FALSE	43.631	0	0	0
2	africaeurope_30gen30gen_rep25	1	42.0805715101175	39.0653183129758	45.0958247072592	-301.488816144655	-9.08415214282248	1	FALSE	47.903	0	0	0
2	africaeurope_30gen30gen_rep26	2	55.8286567544207	51.846182379975	59.8111311288664	-301.488816144655	-8.70942261083538	1	FALSE	51.106	0	0	0
2	africaeurope_30gen30gen_rep27	2	55.8286567544207	51.846182379975	59.8111311288664	-301.488816144655	-9.39142103789518	1	FALSE	62.182	0	0	0
2	africaeurope_30gen30gen_rep28	1	42.0805715101175	39.0653183129758	45.0958247072592	-301.488816144655	-7.86407182614321	1	FALSE	46.213	0	0	0
2	africaeurope_30gen30gen_rep29	1	42.0805715101175	39.0653183129758	45.0958247072592	-301.488816144655	-7.21947148060377	1	FALSE	40.781	0	0	0
2	africaeurope_30gen30gen_rep3	2	55.8286567544207	51.846182379975	59.8111311288664	-301.488816144655	-9.3131788373293	1	FALSE	51.16	0	0	0
2	africaeurope_30gen30gen_rep30	1	42.0805715101175	39.0653183129758	45.0958247072592	-301.488816144655	-7.63212464803047	1	FALSE	40.282	0	0	0
2	africaeurope_30gen30gen_rep4	1	42.0805715101175	39.0653183129758	45.0958247072592	-301.488816144655	-18.3148043269651	1	FALSE	32.406	0	0	0
2	africaeurope_30gen30gen_rep5	1	42.0805715101175	39.0653183129758	45.0958247072592	-301.488816144655	-6.94583787590352	1	FALSE	45.49	0	0	0
2	africaeurope_30gen30gen_rep6	2	55.8286567544207	51.846182379975	59.8111311288664	-301.488816144655	-7.02798834035057	1	FALSE	54.057	0	0	0
2	africaeurope_30gen30gen_rep7	2	55.8286567544207	51.846182379975	59.8111311288664	-301.488816144655	-24.1628406019146	1	FALSE	68.01	0	0	0
2	africaeurope_30gen30gen_rep8	2	55.8286567544207	51.846182379975	59.8111311288664	-301.488816144655	-9.23264312504641	1	FALSE	52.719	0	0	0
2	africaeurope_30gen30gen_rep9	1	42.0805715101175	39.0653183129758	45.0958247072592	-301.488816144655	-9.52716556014589	1	FALSE	36.909	0	0	0
3	africaeurope_30gen30gen_rep1	2	49.0570618205729	45.6455596622855	52.4685639788604	-236.847237178054	-7.18780527728734	1	FALSE	50.634	0	0	0
3	africaeurope_30gen30gen_rep10	1	39.2388725921641	35.3811187356141	43.0966264487142	-236.847237178054	-8.36095240081297	1	FALSE	42.88	0	0	0
3	africaeurope_30gen30gen_rep11	3	65.0847885378864	58.0002777186918	72.1692993570809	-236.847237178054	-5.22654491825881	1	FALSE	64.318	0	0	0
3	africaeurope_30gen30gen_rep12	1	39.2388725921641	35.3811187356141	43.0966264487142	-236.847237178054	-6.93781226973978	1	FALSE	38.515	0	0	0
3	africaeurope_30gen30gen_rep13	1	39.2388725921641	35.3811187356141	43.0966264487142	-236.847237178054	-8.1210696414235	1	FALSE	37.063	0	0	0
3	africaeurope_30gen30gen_rep14	1	39.2388725921641	35.3811187356141	43.0966264487142	-236.847237178054	-19.5138732301939	1	FALSE	23.565	0	0	0
3	africaeurope_30gen30gen_rep15	2	49.0570618205729	45.6455596622855	52.4685639788604	-236.847237178054	-9.4211086635894	1	FALSE	53.068	0	0	0
3	africaeurope_30gen30gen_rep16	2	49.0570618205729	45.6455596622855	52.4685639788604	-236.847237178054	-5.91454955536024	1	FALSE	47.969	0	0	0
3	africaeurope_30gen30gen_rep17	2	49.0570618205729	45.6455596622855	52.4685639788604	-236.847237178054	-7.37236664500856	1	FALSE	45.116	0	0	0
3	africaeurope_30gen30gen_rep18	1	39.2388725921641	35.3811187356141	43.0966264487142	-236.847237178054	-6.63201026803771	1	FALSE	42.078	0	0	0
3	africaeurope_30gen30gen_rep19	2	49.0570618205729	45.6455596622855	52.4685639788604	-236.847237178054	-6.75321920344853	1	FALSE	46.6	0	0	0
3	africaeurope_30gen30gen_rep2	2	49.0570618205729	45.6455596622855	52.4685639788604	-236.847237178054	-5.71000982902058	1	FALSE	49.593	0	0	0
3	africaeurope_30gen30gen_rep20	2	49.0570618205729	45.6455596622855	52.4685639788604	-236.847237178054	-7.18436698824245	1	FALSE	46.347	0	0	0
3	africaeurope_30gen30gen_rep21	2	49.0570618205729	45.6455596622855	52.4685639788604	-236.847237178054	-8.63292669695256	1	FALSE	50.946	0	0	0
3	africaeurope_30gen30gen_rep22	1	39.2388725921641	35.3811187356141	43.0966264487142	-236.847237178054	-8.40490994922545	1	FALSE	41.315	0	0	0
3	africaeurope_30gen30gen_rep23	2	49.0570618205729	45.6455596622855	52.4685639788604	-236.847237178054	-9.50954537241157	1	FALSE	49.335	0	0	0
3	africaeurope_30gen30gen_rep24	1	39.2388725921641	35.3811187356141	43.0966264487142	-236.847237178054	-8.28465825823138	1	FALSE	43.631	0	0	0
3	africaeurope_30gen30gen_rep25	2	49.0570618205729	45.6455596622855	52.4685639788604	-236.847237178054	-6.54017457362185	1	FALSE	47.903	0	0	0
3	africaeurope_30gen30gen_rep26	2	49.0570618205729	45.6455596622855	52.4685639788604	-236.847237178054	-6.18640243576542	1	FALSE	51.106	0	0	0
3	africaeurope_30gen30gen_rep27	3	65.0847885378864	58.0002777186918	72.1692993570809	-236.847237178054	-7.47614466170864	1	FALSE	62.182	0	0	0
3	africaeurope_30gen30gen_rep28	2	49.0570618205729	45.6455596622855	52.4685639788604	-236.847237178054	-6.85834430923241	1	FALSE	46.213	0	0	0
3	africaeurope_30gen30gen_rep29	1	39.2388725921641	35.3811187356141	43.0966264487142	-236.847237178054	-7.12710203500899	1	FALSE	40.781	0	0	0
3	africaeurope_30gen30gen_rep3	2	49.0570618205729	45.6455596622855	52.4685639788604	-236.847237178054	-6.41816629971972	1	FALSE	51.16	0	0	0
3	africaeurope_30gen30gen_rep30	1	39.2388725921641	35.3811187356141	43.0966264487142	-236.847237178054	-7.24662292442989	1	FALSE	40.282	0	0	0
3	africaeurope_30gen30gen_rep4	1	39.2388725921641	35.3811187356141	43.0966264487142	-236.847237178054	-11.9509835331637	1	FALSE	32.406	0	0	0
3	africaeurope_30gen30gen_rep5	2	49.0570618205729	45.6455596622855	52.4685639788604	-236.847237178054	-7.1007899652059	1	FALSE	45.49	0	0	0
3	africaeurope_30gen30gen_rep6	2	49.0570618205729	45.6455596622855	52.4685639788604	-236.847237178054	-8.48602081567419	1	FALSE	54.057	0	0	0
3	africaeurope_30gen30gen_rep7	3	65.0847885378864	58.0002777186918	72.1692993570809	-236.847237178054	-6.31029774621262	1	FALSE	68.01	0	0	0
3	africaeurope_30gen30gen_rep8	2	49.0570618205729	45.6455596622855	52.4685639788604	-236.847237178054	-9.59985904825457	1	FALSE	52.719	0	0	0
3	africaeurope_30gen30gen_rep9	1	39.2388725921641	35.3811187356141	43.0966264487142	-236.847237178054	-6.37859966281106	1	FALSE	36.909	0	0	0
4	africaeurope_30gen30gen_rep1	3	50.7737491369437	46.5101454698004	55.037352804087	-216.766103672665	-6.83482032433185	1	FALSE	50.634	0	0	0
4	africaeurope_30gen30gen_rep10	2	43.5697582924888	39.9054783030249	47.2340382819526	-216.766103672665	-5.34763272208035	1	FALSE	42.88	0	0	0
4	africaeurope_30gen30gen_rep11	4	65.0847885378864	58.0002777186918	72.1692993570809	-216.766103672665	-5.22654491825881	1	FALSE	64.318	0	0	0
4	africaeurope_30gen30gen_rep12	1	34.4361229714564	27.9307067157701	40.9415392271426	-216.766103672665	-7.59089853627779	1	FALSE	38.515	0	0	0
4	africaeurope_30gen30gen_rep13	1	34.4361229714564	27.9307067157701	40.9415392271426	-216.766103672665	-7.75650221002931	1	FALSE	37.063	0	0	0
4	africaeurope_30gen30gen_rep14	1	34.4361229714564	27.9307067157701	40.9415392271426	-216.766103672665	-13.1905780213817	1	FALSE	23.565	0	0	0
4	africaeurope_30gen30gen_rep15	3	50.7737491369437	46.5101454698004	55.037352804087	-216.766103672665	-7.98778519435762	1	FALSE	53.068	0	0	0
4	africaeurope_30gen30gen_rep16	3	50.7737491369437	46.5101454698004	55.037352804087	-216.766103672665	-7.36602857829115	1	FALSE	47.969	0	0	0
4	africaeurope_30gen30gen_rep17	2	43.5697582924888	39.9054783030249	47.2340382819526	-216.766103672665	-6.12055085132656	1	FALSE	45.116	0	0	0
4	africaeurope_30gen30gen_rep18	2	43.5697582924888	39.9054783030249	47.2340382819526	-216.766103672665	-5.55743986964261	1	FALSE	42.078	0	0	0
4	africaeurope_30gen30gen_rep19	2	43.5697582924888	39.9054783030249	47.2340382819526	-216.766103672665	-7.34775689664346	1	FALSE	46.6	0	0	0
4	africaeurope_30gen30gen_rep2	3	50.7737491369437	46.5101454698004	55.037352804087	-216.766103672665	-5.98759658817994	1	FALSE	49.593	0	0	0
4	africaeurope_30gen30gen_rep20	2	43.5697582924888	39.9054783030249	47.2340382819526	-216.766103672665	-6.52838906148105	1	FALSE	46.347	0	0	0
4	africaeurope_30gen30gen_rep21	3	50.7737491369437	46.5101454698004	55.037352804087	-216.766103672665	-8.16212331907452	1	FALSE	50.946	0	0	0
4	africaeurope_30gen30gen_rep22	2	43.5697582924888	39.9054783030249	47.2340382819526	-216.766103672665	-9.12482225665329	1	FALSE	41.315	0	0	0
4	africaeurope_30gen30gen_rep23	3	50.7737491369437	46.5101454698004	55.037352804087	-216.766103672665	-9.19476166446016	1	FALSE	49.335	0	0	0
4	africaeurope_30gen30gen_rep24	2	43.5697582924888	39.9054783030249	47.2340382819526	-216.766103672665	-5.22494461871148	1	FALSE	43.631	0	0	0
4	africaeurope_30gen30gen_rep25	3	50.7737491369437	46.5101454698004	55.037352804087	-216.766103672665	-6.9305647499347	1	FALSE	47.903	0	0	0
4	africaeurope_30gen30gen_rep26	3	50.7737491369437	46.5101454698004	55.037352804087	-216.766103672665	-5.91280534723119	1	FALSE	51.106	0	0	0
4	africaeurope_30gen30gen_rep27	4	65.0847885378864	58.0002777186918	72.1692993570809	-216.766103672665	-7.47614466170864	1	FALSE	62.182	0	0	0
4	africaeurope_30gen30gen_rep28	2	43.5697582924888	39.9054783030249	47.2340382819526	-216.766103672665	-6.23615260144232	1	FALSE	46.213	0	0	0
4	africaeurope_30gen30gen_rep29	2	43.5697582924888	39.9054783030249	47.2340382819526	-216.766103672665	-7.93177910939927	1	FALSE	40.781	0	0	0
4	africaeurope_30gen30gen_rep3	3	50.7737491369437	46.5101454698004	55.037352804087	-216.766103672665	-6.17521717308816	1	FALSE	51.16	0	0	0
4	africaeurope_30gen30gen_rep30	2	43.5697582924888	39.9054783030249	47.2340382819526	-216.766103672665	-8.68065182645238	1	FALSE	40.282	0	0	0
4	africaeurope_30gen30gen_rep4	1	34.4361229714564	27.9307067157701	40.9415392271426	-216.766103672665	-6.61201271890808	1	FALSE	32.406	0	0	0
4	africaeurope_30gen30gen_rep5	2	43.5697582924888	39.9054783030249	47.2340382819526	-216.766103672665	-6.33342803402187	1	FALSE	45.49	0	0	0
4	africaeurope_30gen30gen_rep6	3	50.7737491369437	46.5101454698004	55.037352804087	-216.766103672665	-7.41245848220737	1	FALSE	54.057	0	0	0
4	africaeurope_30gen30gen_rep7	4	65.0847885378864	58.0002777186918	72.1692993570809	-216.766103672665	-6.31029774621262	1	FALSE	68.01	0	0	0
4	africaeurope_30gen30gen_rep8	3	50.7737491369437	46.5101454698004	55.037352804087	-216.766103672665	-8.90154049241533	1	FALSE	52.719	0	0	0
4	africaeurope_30gen30gen_rep9	1	34.4361229714564	27.9307067157701	40.9415392271426	-216.766103672665	-7.30387509846152	1	FALSE	36.909	0	0	0
