# CLUSTERING STRENGTH + LIKELIHOOD K SELECTION RESULTS (DATES)
# Recommended K: 1
# Method: DATES
# Clustering strength threshold: 0.983
# Likelihood thresholds: k1 to k2(k=2):1.2 k1 to k2(k=3):2.59 k2 to k3:0.71 k3 to k4:0.49
#
model_k	pop	cluster	joint_date_est_best	joint_date_lowerci	joint_date_upperci	likelihood_mean	likelihood_per_ind	recommended_k	is_recommended	ind_date_est	sample_age_est_best	sample_age_lowerci_mean	sample_age_upperci_mean
1	africaeurope_30gen30gen_rep1	1	53.1074875603905	51.3328226953485	54.8821524254324	-1085.31557054227	-7.35324379366753	1	TRUE	50.634	0	NA	NA
1	africaeurope_30gen30gen_rep10	1	53.1074875603905	51.3328226953485	54.8821524254324	-1085.31557054227	-26.2283583998147	1	TRUE	42.88	0	NA	NA
1	africaeurope_30gen30gen_rep11	1	53.1074875603905	51.3328226953485	54.8821524254324	-1085.31557054227	-29.1364572366775	1	TRUE	64.318	0	NA	NA
1	africaeurope_30gen30gen_rep12	1	53.1074875603905	51.3328226953485	54.8821524254324	-1085.31557054227	-20.5618452000612	1	TRUE	38.515	0	NA	NA
1	africaeurope_30gen30gen_rep13	1	53.1074875603905	51.3328226953485	54.8821524254324	-1085.31557054227	-20.5937024082825	1	TRUE	37.063	0	NA	NA
1	africaeurope_30gen30gen_rep14	1	53.1074875603905	51.3328226953485	54.8821524254324	-1085.31557054227	-48.0983820915107	1	TRUE	23.565	0	NA	NA
1	africaeurope_30gen30gen_rep15	1	53.1074875603905	51.3328226953485	54.8821524254324	-1085.31557054227	-6.67831391593265	1	TRUE	53.068	0	NA	NA
1	africaeurope_30gen30gen_rep16	1	53.1074875603905	51.3328226953485	54.8821524254324	-1085.31557054227	-9.9340522186066	1	TRUE	47.969	0	NA	NA
1	africaeurope_30gen30gen_rep17	1	53.1074875603905	51.3328226953485	54.8821524254324	-1085.31557054227	-12.0629194391466	1	TRUE	45.116	0	NA	NA
1	africaeurope_30gen30gen_rep18	1	53.1074875603905	51.3328226953485	54.8821524254324	-1085.31557054227	-22.8538408839381	1	TRUE	42.078	0	NA	NA
1	africaeurope_30gen30gen_rep19	1	53.1074875603905	51.3328226953485	54.8821524254324	-1085.31557054227	-9.47629671309987	1	TRUE	46.6	0	NA	NA
1	africaeurope_30gen30gen_rep2	1	53.1074875603905	51.3328226953485	54.8821524254324	-1085.31557054227	-7.00619449577716	1	TRUE	49.593	0	NA	NA
1	africaeurope_30gen30gen_rep20	1	53.1074875603905	51.3328226953485	54.8821524254324	-1085.31557054227	-14.0785024317712	1	TRUE	46.347	0	NA	NA
1	africaeurope_30gen30gen_rep21	1	53.1074875603905	51.3328226953485	54.8821524254324	-1085.31557054227	-8.84511820522424	1	TRUE	50.946	0	NA	NA
1	africaeurope_30gen30gen_rep22	1	53.1074875603905	51.3328226953485	54.8821524254324	-1085.31557054227	-14.4876725674384	1	TRUE	41.315	0	NA	NA
1	africaeurope_30gen30gen_rep23	1	53.1074875603905	51.3328226953485	54.8821524254324	-1085.31557054227	-10.3108534508741	1	TRUE	49.335	0	NA	NA
1	africaeurope_30gen30gen_rep24	1	53.1074875603905	51.3328226953485	54.8821524254324	-1085.31557054227	-18.6827907900085	1	TRUE	43.631	0	NA	NA
1	africaeurope_30gen30gen_rep25	1	53.1074875603905	51.3328226953485	54.8821524254324	-1085.31557054227	-8.31799827827905	1	TRUE	47.903	0	NA	NA
1	africaeurope_30gen30gen_rep26	1	53.1074875603905	51.3328226953485	54.8821524254324	-1085.31557054227	-6.14833298902764	1	TRUE	51.106	0	NA	NA
1	africaeurope_30gen30gen_rep27	1	53.1074875603905	51.3328226953485	54.8821524254324	-1085.31557054227	-12.5459311055953	1	TRUE	62.182	0	NA	NA
1	africaeurope_30gen30gen_rep28	1	53.1074875603905	51.3328226953485	54.8821524254324	-1085.31557054227	-12.6862836509339	1	TRUE	46.213	0	NA	NA
1	africaeurope_30gen30gen_rep29	1	53.1074875603905	51.3328226953485	54.8821524254324	-1085.31557054227	-16.456702493567	1	TRUE	40.781	0	NA	NA
1	africaeurope_30gen30gen_rep3	1	53.1074875603905	51.3328226953485	54.8821524254324	-1085.31557054227	-6.43978628776816	1	TRUE	51.16	0	NA	NA
1	africaeurope_30gen30gen_rep30	1	53.1074875603905	51.3328226953485	54.8821524254324	-1085.31557054227	-49.7821889551739	1	TRUE	40.282	0	NA	NA
1	africaeurope_30gen30gen_rep4	1	53.1074875603905	51.3328226953485	54.8821524254324	-1085.31557054227	-64.9496364219554	1	TRUE	32.406	0	NA	NA
1	africaeurope_30gen30gen_rep5	1	53.1074875603905	51.3328226953485	54.8821524254324	-1085.31557054227	-11.3278490414107	1	TRUE	45.49	0	NA	NA
1	africaeurope_30gen30gen_rep6	1	53.1074875603905	51.3328226953485	54.8821524254324	-1085.31557054227	-6.92771361662866	1	TRUE	54.057	0	NA	NA
1	africaeurope_30gen30gen_rep7	1	53.1074875603905	51.3328226953485	54.8821524254324	-1085.31557054227	-33.1455569115828	1	TRUE	68.01	0	NA	NA
1	africaeurope_30gen30gen_rep8	1	53.1074875603905	51.3328226953485	54.8821524254324	-1085.31557054227	-9.41515062854047	1	TRUE	52.719	0	NA	NA
1	africaeurope_30gen30gen_rep9	1	53.1074875603905	51.3328226953485	54.8821524254324	-1085.31557054227	-46.3977382813556	1	TRUE	36.909	0	NA	NA
1	africaeurope_5050_60gen_0.510	1	53.1074875603905	51.3328226953485	54.8821524254324	-1085.31557054227	-29.4580760091828	1	TRUE	70.398	0	NA	NA
1	africaeurope_5050_60gen_0.511	1	53.1074875603905	51.3328226953485	54.8821524254324	-1085.31557054227	-11.6672784765374	1	TRUE	59.416	0	NA	NA
1	africaeurope_5050_60gen_0.512	1	53.1074875603905	51.3328226953485	54.8821524254324	-1085.31557054227	-26.1473173310182	1	TRUE	69.665	0	NA	NA
1	africaeurope_5050_60gen_0.513	1	53.1074875603905	51.3328226953485	54.8821524254324	-1085.31557054227	-8.50536156956982	1	TRUE	57.988	0	NA	NA
1	africaeurope_5050_60gen_0.514	1	53.1074875603905	51.3328226953485	54.8821524254324	-1085.31557054227	-8.11830583923727	1	TRUE	57.062	0	NA	NA
1	africaeurope_5050_60gen_0.515	1	53.1074875603905	51.3328226953485	54.8821524254324	-1085.31557054227	-5.65347499293456	1	TRUE	53.369	0	NA	NA
1	africaeurope_5050_60gen_0.516	1	53.1074875603905	51.3328226953485	54.8821524254324	-1085.31557054227	-12.4717644382742	1	TRUE	62.836	0	NA	NA
1	africaeurope_5050_60gen_0.517	1	53.1074875603905	51.3328226953485	54.8821524254324	-1085.31557054227	-6.23530814528353	1	TRUE	51.202	0	NA	NA
1	africaeurope_5050_60gen_0.518	1	53.1074875603905	51.3328226953485	54.8821524254324	-1085.31557054227	-8.16384931524506	1	TRUE	57.102	0	NA	NA
1	africaeurope_5050_60gen_0.519	1	53.1074875603905	51.3328226953485	54.8821524254324	-1085.31557054227	-7.57005375354157	1	TRUE	54.564	0	NA	NA
1	africaeurope_5050_60gen_0.51	1	53.1074875603905	51.3328226953485	54.8821524254324	-1085.31557054227	-6.63581113097999	1	TRUE	50.883	0	NA	NA
1	africaeurope_5050_60gen_0.520	1	53.1074875603905	51.3328226953485	54.8821524254324	-1085.31557054227	-23.1802384090995	1	TRUE	69.647	0	NA	NA
1	africaeurope_5050_60gen_0.521	1	53.1074875603905	51.3328226953485	54.8821524254324	-1085.31557054227	-16.7807374133437	1	TRUE	65.979	0	NA	NA
1	africaeurope_5050_60gen_0.522	1	53.1074875603905	51.3328226953485	54.8821524254324	-1085.31557054227	-10.5380441386324	1	TRUE	59.876	0	NA	NA
1	africaeurope_5050_60gen_0.523	1	53.1074875603905	51.3328226953485	54.8821524254324	-1085.31557054227	-48.9948609681346	1	TRUE	74.808	0	NA	NA
1	africaeurope_5050_60gen_0.524	1	53.1074875603905	51.3328226953485	54.8821524254324	-1085.31557054227	-17.1571546831829	1	TRUE	65.342	0	NA	NA
1	africaeurope_5050_60gen_0.525	1	53.1074875603905	51.3328226953485	54.8821524254324	-1085.31557054227	-8.24844352730614	1	TRUE	49.173	0	NA	NA
1	africaeurope_5050_60gen_0.526	1	53.1074875603905	51.3328226953485	54.8821524254324	-1085.31557054227	-68.7212219299914	1	TRUE	68.792	0	NA	NA
1	africaeurope_5050_60gen_0.527	1	53.1074875603905	51.3328226953485	54.8821524254324	-1085.31557054227	-5.74398157446372	1	TRUE	54.051	0	NA	NA
1	africaeurope_5050_60gen_0.528	1	53.1074875603905	51.3328226953485	54.8821524254324	-1085.31557054227	-11.4952244208703	1	TRUE	60.142	0	NA	NA
1	africaeurope_5050_60gen_0.529	1	53.1074875603905	51.3328226953485	54.8821524254324	-1085.31557054227	-5.90824443357438	1	TRUE	54.764	0	NA	NA
1	africaeurope_5050_60gen_0.52	1	53.1074875603905	51.3328226953485	54.8821524254324	-1085.31557054227	-9.72667401065676	1	TRUE	59.915	0	NA	NA
1	africaeurope_5050_60gen_0.530	1	53.1074875603905	51.3328226953485	54.8821524254324	-1085.31557054227	-25.5050817630615	1	TRUE	71.55	0	NA	NA
1	africaeurope_5050_60gen_0.53	1	53.1074875603905	51.3328226953485	54.8821524254324	-1085.31557054227	-12.4406116947173	1	TRUE	61.696	0	NA	NA
1	africaeurope_5050_60gen_0.54	1	53.1074875603905	51.3328226953485	54.8821524254324	-1085.31557054227	-22.0306600017071	1	TRUE	38.718	0	NA	NA
1	africaeurope_5050_60gen_0.55	1	53.1074875603905	51.3328226953485	54.8821524254324	-1085.31557054227	-27.075063181029	1	TRUE	68.041	0	NA	NA
1	africaeurope_5050_60gen_0.56	1	53.1074875603905	51.3328226953485	54.8821524254324	-1085.31557054227	-7.39549745666942	1	TRUE	56.511	0	NA	NA
1	africaeurope_5050_60gen_0.57	1	53.1074875603905	51.3328226953485	54.8821524254324	-1085.31557054227	-12.8965870064239	1	TRUE	42.864	0	NA	NA
1	africaeurope_5050_60gen_0.58	1	53.1074875603905	51.3328226953485	54.8821524254324	-1085.31557054227	-29.1410895152045	1	TRUE	65.354	0	NA	NA
1	africaeurope_5050_60gen_0.59	1	53.1074875603905	51.3328226953485	54.8821524254324	-1085.31557054227	-20.7801405087456	1	TRUE	66.343	0	NA	NA
2	africaeurope_30gen30gen_rep1	1	46.0623182160502	43.7972099559524	48.327426476148	-603.909559522097	-8.27160971006494	1	FALSE	50.634	0	0	0
2	africaeurope_30gen30gen_rep10	1	46.0623182160502	43.7972099559524	48.327426476148	-603.909559522097	-8.18490456614346	1	FALSE	42.88	0	0	0
2	africaeurope_30gen30gen_rep11	2	64.3064625110602	61.4506323097727	67.1622927123477	-603.909559522097	-6.74419558459256	1	FALSE	64.318	0	0	0
2	africaeurope_30gen30gen_rep12	1	46.0623182160502	43.7972099559524	48.327426476148	-603.909559522097	-10.454496539505	1	FALSE	38.515	0	0	0
2	africaeurope_30gen30gen_rep13	1	46.0623182160502	43.7972099559524	48.327426476148	-603.909559522097	-11.7510698512157	1	FALSE	37.063	0	0	0
2	africaeurope_30gen30gen_rep14	1	46.0623182160502	43.7972099559524	48.327426476148	-603.909559522097	-31.2602737801275	1	FALSE	23.565	0	0	0
2	africaeurope_30gen30gen_rep15	1	46.0623182160502	43.7972099559524	48.327426476148	-603.909559522097	-16.124480641177	1	FALSE	53.068	0	0	0
2	africaeurope_30gen30gen_rep16	1	46.0623182160502	43.7972099559524	48.327426476148	-603.909559522097	-6.33368329909699	1	FALSE	47.969	0	0	0
2	africaeurope_30gen30gen_rep17	1	46.0623182160502	43.7972099559524	48.327426476148	-603.909559522097	-5.84349812080372	1	FALSE	45.116	0	0	0
2	africaeurope_30gen30gen_rep18	1	46.0623182160502	43.7972099559524	48.327426476148	-603.909559522097	-7.89519717704861	1	FALSE	42.078	0	0	0
2	africaeurope_30gen30gen_rep19	1	46.0623182160502	43.7972099559524	48.327426476148	-603.909559522097	-6.23592660651893	1	FALSE	46.6	0	0	0
2	africaeurope_30gen30gen_rep2	1	46.0623182160502	43.7972099559524	48.327426476148	-603.909559522097	-7.05054244990367	1	FALSE	49.593	0	0	0
2	africaeurope_30gen30gen_rep20	1	46.0623182160502	43.7972099559524	48.327426476148	-603.909559522097	-6.02636379969537	1	FALSE	46.347	0	0	0
2	africaeurope_30gen30gen_rep21	1	46.0623182160502	43.7972099559524	48.327426476148	-603.909559522097	-9.5557499901901	1	FALSE	50.946	0	0	0
2	africaeurope_30gen30gen_rep22	1	46.0623182160502	43.7972099559524	48.327426476148	-603.909559522097	-9.0574138583512	1	FALSE	41.315	0	0	0
2	africaeurope_30gen30gen_rep23	1	46.0623182160502	43.7972099559524	48.327426476148	-603.909559522097	-10.0454648610237	1	FALSE	49.335	0	0	0
2	africaeurope_30gen30gen_rep24	1	46.0623182160502	43.7972099559524	48.327426476148	-603.909559522097	-6.53079350441871	1	FALSE	43.631	0	0	0
2	africaeurope_30gen30gen_rep25	1	46.0623182160502	43.7972099559524	48.327426476148	-603.909559522097	-6.63281975558156	1	FALSE	47.903	0	0	0
2	africaeurope_30gen30gen_rep26	1	46.0623182160502	43.7972099559524	48.327426476148	-603.909559522097	-8.96469733393256	1	FALSE	51.106	0	0	0
2	africaeurope_30gen30gen_rep27	2	64.3064625110602	61.4506323097727	67.1622927123477	-603.909559522097	-6.43267878794618	1	FALSE	62.182	0	0	0
2	africaeurope_30gen30gen_rep28	1	46.0623182160502	43.7972099559524	48.327426476148	-603.909559522097	-5.69470627631397	1	FALSE	46.213	0	0	0
2	africaeurope_30gen30gen_rep29	1	46.0623182160502	43.7972099559524	48.327426476148	-603.909559522097	-8.59288450681265	1	FALSE	40.781	0	0	0
2	africaeurope_30gen30gen_rep3	1	46.0623182160502	43.7972099559524	48.327426476148	-603.909559522097	-9.79948620637942	1	FALSE	51.16	0	0	0
2	africaeurope_30gen30gen_rep30	1	46.0623182160502	43.7972099559524	48.327426476148	-603.909559522097	-16.1906070509696	1	FALSE	40.282	0	0	0
2	africaeurope_30gen30gen_rep4	1	46.0623182160502	43.7972099559524	48.327426476148	-603.909559522097	-31.4379868680967	1	FALSE	32.406	0	0	0
2	africaeurope_30gen30gen_rep5	1	46.0623182160502	43.7972099559524	48.327426476148	-603.909559522097	-5.83617003589593	1	FALSE	45.49	0	0	0
2	africaeurope_30gen30gen_rep6	1	46.0623182160502	43.7972099559524	48.327426476148	-603.909559522097	-10.8687660145874	1	FALSE	54.057	0	0	0
2	africaeurope_30gen30gen_rep7	2	64.3064625110602	61.4506323097727	67.1622927123477	-603.909559522097	-7.29199778059203	1	FALSE	68.01	0	0	0
2	africaeurope_30gen30gen_rep8	1	46.0623182160502	43.7972099559524	48.327426476148	-603.909559522097	-10.8384127798954	1	FALSE	52.719	0	0	0
2	africaeurope_30gen30gen_rep9	1	46.0623182160502	43.7972099559524	48.327426476148	-603.909559522097	-18.7176991394039	1	FALSE	36.909	0	0	0
2	africaeurope_5050_60gen_0.510	2	64.3064625110602	61.4506323097727	67.1622927123477	-603.909559522097	-8.94691700709837	1	FALSE	70.398	0	0	0
2	africaeurope_5050_60gen_0.511	2	64.3064625110602	61.4506323097727	67.1622927123477	-603.909559522097	-9.46596797654308	1	FALSE	59.416	0	0	0
2	africaeurope_5050_60gen_0.512	2	64.3064625110602	61.4506323097727	67.1622927123477	-603.909559522097	-8.35029245082256	1	FALSE	69.665	0	0	0
2	africaeurope_5050_60gen_0.513	2	64.3064625110602	61.4506323097727	67.1622927123477	-603.909559522097	-10.4708527334071	1	FALSE	57.988	0	0	0
2	africaeurope_5050_60gen_0.514	2	64.3064625110602	61.4506323097727	67.1622927123477	-603.909559522097	-10.1681770756581	1	FALSE	57.062	0	0	0
2	africaeurope_5050_60gen_0.515	1	46.0623182160502	43.7972099559524	48.327426476148	-603.909559522097	-12.8607758509823	1	FALSE	53.369	0	0	0
2	africaeurope_5050_60gen_0.516	2	64.3064625110602	61.4506323097727	67.1622927123477	-603.909559522097	-8.73821665403468	1	FALSE	62.836	0	0	0
2	africaeurope_5050_60gen_0.517	1	46.0623182160502	43.7972099559524	48.327426476148	-603.909559522097	-9.46375849757115	1	FALSE	51.202	0	0	0
2	africaeurope_5050_60gen_0.518	2	64.3064625110602	61.4506323097727	67.1622927123477	-603.909559522097	-13.6962151592025	1	FALSE	57.102	0	0	0
2	africaeurope_5050_60gen_0.519	1	46.0623182160502	43.7972099559524	48.327426476148	-603.909559522097	-11.303469649764	1	FALSE	54.564	0	0	0
2	africaeurope_5050_60gen_0.51	1	46.0623182160502	43.7972099559524	48.327426476148	-603.909559522097	-8.07117376698749	1	FALSE	50.883	0	0	0
2	africaeurope_5050_60gen_0.520	2	64.3064625110602	61.4506323097727	67.1622927123477	-603.909559522097	-8.69426755506253	1	FALSE	69.647	0	0	0
2	africaeurope_5050_60gen_0.521	2	64.3064625110602	61.4506323097727	67.1622927123477	-603.909559522097	-7.20355981420139	1	FALSE	65.979	0	0	0
2	africaeurope_5050_60gen_0.522	2	64.3064625110602	61.4506323097727	67.1622927123477	-603.909559522097	-9.66491350215782	1	FALSE	59.876	0	0	0
2	africaeurope_5050_60gen_0.523	2	64.3064625110602	61.4506323097727	67.1622927123477	-603.909559522097	-15.81851949722	1	FALSE	74.808	0	0	0
2	africaeurope_5050_60gen_0.524	2	64.3064625110602	61.4506323097727	67.1622927123477	-603.909559522097	-6.36412007548693	1	FALSE	65.342	0	0	0
2	africaeurope_5050_60gen_0.525	1	46.0623182160502	43.7972099559524	48.327426476148	-603.909559522097	-7.94529051222185	1	FALSE	49.173	0	0	0
2	africaeurope_5050_60gen_0.526	2	64.3064625110602	61.4506323097727	67.1622927123477	-603.909559522097	-14.0987502859974	1	FALSE	68.792	0	0	0
2	africaeurope_5050_60gen_0.527	1	46.0623182160502	43.7972099559524	48.327426476148	-603.909559522097	-12.3500001321483	1	FALSE	54.051	0	0	0
2	africaeurope_5050_60gen_0.528	2	64.3064625110602	61.4506323097727	67.1622927123477	-603.909559522097	-7.63287212559656	1	FALSE	60.142	0	0	0
2	africaeurope_5050_60gen_0.529	1	46.0623182160502	43.7972099559524	48.327426476148	-603.909559522097	-14.5088805896025	1	FALSE	54.764	0	0	0
2	africaeurope_5050_60gen_0.52	2	64.3064625110602	61.4506323097727	67.1622927123477	-603.909559522097	-7.66070759918629	1	FALSE	59.915	0	0	0
2	africaeurope_5050_60gen_0.530	2	64.3064625110602	61.4506323097727	67.1622927123477	-603.909559522097	-10.2579426276015	1	FALSE	71.55	0	0	0
2	africaeurope_5050_60gen_0.53	2	64.3064625110602	61.4506323097727	67.1622927123477	-603.909559522097	-6.36455344462365	1	FALSE	61.696	0	0	0
2	africaeurope_5050_60gen_0.54	1	46.0623182160502	43.7972099559524	48.327426476148	-603.909559522097	-10.4021151474017	1	FALSE	38.718	0	0	0
2	africaeurope_5050_60gen_0.55	2	64.3064625110602	61.4506323097727	67.1622927123477	-603.909559522097	-6.98113569001558	1	FALSE	68.041	0	0	0
2	africaeurope_5050_60gen_0.56	2	64.3064625110602	61.4506323097727	67.1622927123477	-603.909559522097	-10.5920120729741	1	FALSE	56.511	0	0	0
2	africaeurope_5050_60gen_0.57	1	46.0623182160502	43.7972099559524	48.327426476148	-603.909559522097	-8.72598301553175	1	FALSE	42.864	0	0	0
2	africaeurope_5050_60gen_0.58	2	64.3064625110602	61.4506323097727	67.1622927123477	-603.909559522097	-6.23221813129653	1	FALSE	65.354	0	0	0
2	africaeurope_5050_60gen_0.59	2	64.3064625110602	61.4506323097727	67.1622927123477	-603.909559522097	-6.21132400541529	1	FALSE	66.343	0	0	0
3	africaeurope_30gen30gen_rep1	2	52.6068424635556	49.606781536474	55.6069033906372	-492.749495323167	-7.15720335303026	1	FALSE	50.634	0	0	0
3	africaeurope_30gen30gen_rep10	1	41.3013444112856	38.2056444680708	44.3970443545004	-492.749495323167	-6.4744755079942	1	FALSE	42.88	0	0	0
3	africaeurope_30gen30gen_rep11	3	65.7228936878114	62.5927399172405	68.8530474583822	-492.749495323167	-7.09674662435039	1	FALSE	64.318	0	0	0
3	africaeurope_30gen30gen_rep12	1	41.3013444112856	38.2056444680708	44.3970443545004	-492.749495323167	-7.37087107695334	1	FALSE	38.515	0	0	0
3	africaeurope_30gen30gen_rep13	1	41.3013444112856	38.2056444680708	44.3970443545004	-492.749495323167	-8.79991056270927	1	FALSE	37.063	0	0	0
3	africaeurope_30gen30gen_rep14	1	41.3013444112856	38.2056444680708	44.3970443545004	-492.749495323167	-22.7126967465991	1	FALSE	23.565	0	0	0
3	africaeurope_30gen30gen_rep15	2	52.6068424635556	49.606781536474	55.6069033906372	-492.749495323167	-6.76679409867159	1	FALSE	53.068	0	0	0
3	africaeurope_30gen30gen_rep16	2	52.6068424635556	49.606781536474	55.6069033906372	-492.749495323167	-9.26508699342121	1	FALSE	47.969	0	0	0
3	africaeurope_30gen30gen_rep17	1	41.3013444112856	38.2056444680708	44.3970443545004	-492.749495323167	-7.17653722862198	1	FALSE	45.116	0	0	0
3	africaeurope_30gen30gen_rep18	1	41.3013444112856	38.2056444680708	44.3970443545004	-492.749495323167	-5.58584519191335	1	FALSE	42.078	0	0	0
3	africaeurope_30gen30gen_rep19	1	41.3013444112856	38.2056444680708	44.3970443545004	-492.749495323167	-8.47275473921932	1	FALSE	46.6	0	0	0
3	africaeurope_30gen30gen_rep2	2	52.6068424635556	49.606781536474	55.6069033906372	-492.749495323167	-6.7164861358433	1	FALSE	49.593	0	0	0
3	africaeurope_30gen30gen_rep20	1	41.3013444112856	38.2056444680708	44.3970443545004	-492.749495323167	-10.1904884162278	1	FALSE	46.347	0	0	0
3	africaeurope_30gen30gen_rep21	2	52.6068424635556	49.606781536474	55.6069033906372	-492.749495323167	-8.55696616873543	1	FALSE	50.946	0	0	0
3	africaeurope_30gen30gen_rep22	1	41.3013444112856	38.2056444680708	44.3970443545004	-492.749495323167	-8.24216155306471	1	FALSE	41.315	0	0	0
3	africaeurope_30gen30gen_rep23	2	52.6068424635556	49.606781536474	55.6069033906372	-492.749495323167	-9.884236328351	1	FALSE	49.335	0	0	0
3	africaeurope_30gen30gen_rep24	1	41.3013444112856	38.2056444680708	44.3970443545004	-492.749495323167	-6.29768116454117	1	FALSE	43.631	0	0	0
3	africaeurope_30gen30gen_rep25	2	52.6068424635556	49.606781536474	55.6069033906372	-492.749495323167	-7.9528299178681	1	FALSE	47.903	0	0	0
3	africaeurope_30gen30gen_rep26	2	52.6068424635556	49.606781536474	55.6069033906372	-492.749495323167	-6.01009066161692	1	FALSE	51.106	0	0	0
3	africaeurope_30gen30gen_rep27	3	65.7228936878114	62.5927399172405	68.8530474583822	-492.749495323167	-7.05565223939271	1	FALSE	62.182	0	0	0
3	africaeurope_30gen30gen_rep28	1	41.3013444112856	38.2056444680708	44.3970443545004	-492.749495323167	-9.04809179990846	1	FALSE	46.213	0	0	0
3	africaeurope_30gen30gen_rep29	1	41.3013444112856	38.2056444680708	44.3970443545004	-492.749495323167	-6.95810556928997	1	FALSE	40.781	0	0	0
3	africaeurope_30gen30gen_rep3	2	52.6068424635556	49.606781536474	55.6069033906372	-492.749495323167	-6.26464279812856	1	FALSE	51.16	0	0	0
3	africaeurope_30gen30gen_rep30	1	41.3013444112856	38.2056444680708	44.3970443545004	-492.749495323167	-7.62432136083843	1	FALSE	40.282	0	0	0
3	africaeurope_30gen30gen_rep4	1	41.3013444112856	38.2056444680708	44.3970443545004	-492.749495323167	-16.438026757828	1	FALSE	32.406	0	0	0
3	africaeurope_30gen30gen_rep5	1	41.3013444112856	38.2056444680708	44.3970443545004	-492.749495323167	-7.47703178313973	1	FALSE	45.49	0	0	0
3	africaeurope_30gen30gen_rep6	2	52.6068424635556	49.606781536474	55.6069033906372	-492.749495323167	-6.95022110134495	1	FALSE	54.057	0	0	0
3	africaeurope_30gen30gen_rep7	3	65.7228936878114	62.5927399172405	68.8530474583822	-492.749495323167	-6.25596950587737	1	FALSE	68.01	0	0	0
3	africaeurope_30gen30gen_rep8	2	52.6068424635556	49.606781536474	55.6069033906372	-492.749495323167	-9.13493274262399	1	FALSE	52.719	0	0	0
3	africaeurope_30gen30gen_rep9	1	41.3013444112856	38.2056444680708	44.3970443545004	-492.749495323167	-8.56161244756186	1	FALSE	36.909	0	0	0
3	africaeurope_5050_60gen_0.510	3	65.7228936878114	62.5927399172405	68.8530474583822	-492.749495323167	-7.76412618153805	1	FALSE	70.398	0	0	0
3	africaeurope_5050_60gen_0.511	3	65.7228936878114	62.5927399172405	68.8530474583822	-492.749495323167	-11.8283124402961	1	FALSE	59.416	0	0	0
3	africaeurope_5050_60gen_0.512	3	65.7228936878114	62.5927399172405	68.8530474583822	-492.749495323167	-7.40062087343422	1	FALSE	69.665	0	0	0
3	africaeurope_5050_60gen_0.513	2	52.6068424635556	49.606781536474	55.6069033906372	-492.749495323167	-9.22477649622526	1	FALSE	57.988	0	0	0
3	africaeurope_5050_60gen_0.514	2	52.6068424635556	49.606781536474	55.6069033906372	-492.749495323167	-8.26886028919687	1	FALSE	57.062	0	0	0
3	africaeurope_5050_60gen_0.515	2	52.6068424635556	49.606781536474	55.6069033906372	-492.749495323167	-5.81613509486445	1	FALSE	53.369	0	0	0
3	africaeurope_5050_60gen_0.516	3	65.7228936878114	62.5927399172405	68.8530474583822	-492.749495323167	-8.94583438260262	1	FALSE	62.836	0	0	0
3	africaeurope_5050_60gen_0.517	2	52.6068424635556	49.606781536474	55.6069033906372	-492.749495323167	-6.08983160994486	1	FALSE	51.202	0	0	0
3	africaeurope_5050_60gen_0.518	2	52.6068424635556	49.606781536474	55.6069033906372	-492.749495323167	-8.88950356510685	1	FALSE	57.102	0	0	0
3	africaeurope_5050_60gen_0.519	2	52.6068424635556	49.606781536474	55.6069033906372	-492.749495323167	-7.55577981100548	1	FALSE	54.564	0	0	0
3	africaeurope_5050_60gen_0.51	2	52.6068424635556	49.606781536474	55.6069033906372	-492.749495323167	-6.49289695133357	1	FALSE	50.883	0	0	0
3	africaeurope_5050_60gen_0.520	3	65.7228936878114	62.5927399172405	68.8530474583822	-492.749495323167	-7.90442434160324	1	FALSE	69.647	0	0	0
3	africaeurope_5050_60gen_0.521	3	65.7228936878114	62.5927399172405	68.8530474583822	-492.749495323167	-7.02679973026242	1	FALSE	65.979	0	0	0
3	africaeurope_5050_60gen_0.522	3	65.7228936878114	62.5927399172405	68.8530474583822	-492.749495323167	-10.1956419656415	1	FALSE	59.876	0	0	0
3	africaeurope_5050_60gen_0.523	3	65.7228936878114	62.5927399172405	68.8530474583822	-492.749495323167	-13.28812493119	1	FALSE	74.808	0	0	0
3	africaeurope_5050_60gen_0.524	3	65.7228936878114	62.5927399172405	68.8530474583822	-492.749495323167	-6.29731750830496	1	FALSE	65.342	0	0	0
3	africaeurope_5050_60gen_0.525	2	52.6068424635556	49.606781536474	55.6069033906372	-492.749495323167	-7.94899348619831	1	FALSE	49.173	0	0	0
3	africaeurope_5050_60gen_0.526	3	65.7228936878114	62.5927399172405	68.8530474583822	-492.749495323167	-11.4055531162628	1	FALSE	68.792	0	0	0
3	africaeurope_5050_60gen_0.527	2	52.6068424635556	49.606781536474	55.6069033906372	-492.749495323167	-5.94199194469974	1	FALSE	54.051	0	0	0
3	africaeurope_5050_60gen_0.528	3	65.7228936878114	62.5927399172405	68.8530474583822	-492.749495323167	-9.29887975045601	1	FALSE	60.142	0	0	0
3	africaeurope_5050_60gen_0.529	2	52.6068424635556	49.606781536474	55.6069033906372	-492.749495323167	-6.21953864486396	1	FALSE	54.764	0	0	0
3	africaeurope_5050_60gen_0.52	3	65.7228936878114	62.5927399172405	68.8530474583822	-492.749495323167	-8.7086813019449	1	FALSE	59.915	0	0	0
3	africaeurope_5050_60gen_0.530	3	65.7228936878114	62.5927399172405	68.8530474583822	-492.749495323167	-9.24965610657106	1	FALSE	71.55	0	0	0
3	africaeurope_5050_60gen_0.53	3	65.7228936878114	62.5927399172405	68.8530474583822	-492.749495323167	-7.21323404599991	1	FALSE	61.696	0	0	0
3	africaeurope_5050_60gen_0.54	1	41.3013444112856	38.2056444680708	44.3970443545004	-492.749495323167	-6.85856455542645	1	FALSE	38.718	0	0	0
3	africaeurope_5050_60gen_0.55	3	65.7228936878114	62.5927399172405	68.8530474583822	-492.749495323167	-6.17605198167064	1	FALSE	68.041	0	0	0
3	africaeurope_5050_60gen_0.56	2	52.6068424635556	49.606781536474	55.6069033906372	-492.749495323167	-7.61071777353764	1	FALSE	56.511	0	0	0
3	africaeurope_5050_60gen_0.57	1	41.3013444112856	38.2056444680708	44.3970443545004	-492.749495323167	-8.63638426477044	1	FALSE	42.864	0	0	0
3	africaeurope_5050_60gen_0.58	3	65.7228936878114	62.5927399172405	68.8530474583822	-492.749495323167	-6.09086878806206	1	FALSE	65.354	0	0	0
3	africaeurope_5050_60gen_0.59	3	65.7228936878114	62.5927399172405	68.8530474583822	-492.749495323167	-5.90292281448617	1	FALSE	66.343	0	0	0
4	africaeurope_30gen30gen_rep1	2	49.4207307079467	46.3188881120053	52.522573303888	-456.437444849283	-7.1885132787176	1	FALSE	50.634	0	0	0
4	africaeurope_30gen30gen_rep10	1	39.322585347665	35.6324051508102	43.0127655445198	-456.437444849283	-8.73485559952869	1	FALSE	42.88	0	0	0
4	africaeurope_30gen30gen_rep11	4	67.7672285812893	64.0812418803513	71.4532152822273	-456.437444849283	-8.83663835915909	1	FALSE	64.318	0	0	0
4	africaeurope_30gen30gen_rep12	1	39.322585347665	35.6324051508102	43.0127655445198	-456.437444849283	-6.76916462695058	1	FALSE	38.515	0	0	0
4	africaeurope_30gen30gen_rep13	1	39.322585347665	35.6324051508102	43.0127655445198	-456.437444849283	-7.935053001925	1	FALSE	37.063	0	0	0
4	africaeurope_30gen30gen_rep14	1	39.322585347665	35.6324051508102	43.0127655445198	-456.437444849283	-19.4278288913129	1	FALSE	23.565	0	0	0
4	africaeurope_30gen30gen_rep15	2	49.4207307079467	46.3188881120053	52.522573303888	-456.437444849283	-8.72689180326901	1	FALSE	53.068	0	0	0
4	africaeurope_30gen30gen_rep16	2	49.4207307079467	46.3188881120053	52.522573303888	-456.437444849283	-5.96942262533355	1	FALSE	47.969	0	0	0
4	africaeurope_30gen30gen_rep17	2	49.4207307079467	46.3188881120053	52.522573303888	-456.437444849283	-7.66352133058672	1	FALSE	45.116	0	0	0
4	africaeurope_30gen30gen_rep18	1	39.322585347665	35.6324051508102	43.0127655445198	-456.437444849283	-6.74962802485923	1	FALSE	42.078	0	0	0
4	africaeurope_30gen30gen_rep19	2	49.4207307079467	46.3188881120053	52.522573303888	-456.437444849283	-6.93129173340575	1	FALSE	46.6	0	0	0
4	africaeurope_30gen30gen_rep2	2	49.4207307079467	46.3188881120053	52.522573303888	-456.437444849283	-5.64990542423745	1	FALSE	49.593	0	0	0
4	africaeurope_30gen30gen_rep20	2	49.4207307079467	46.3188881120053	52.522573303888	-456.437444849283	-7.43584121174254	1	FALSE	46.347	0	0	0
4	africaeurope_30gen30gen_rep21	2	49.4207307079467	46.3188881120053	52.522573303888	-456.437444849283	-8.68647366594136	1	FALSE	50.946	0	0	0
4	africaeurope_30gen30gen_rep22	1	39.322585347665	35.6324051508102	43.0127655445198	-456.437444849283	-8.18254514997195	1	FALSE	41.315	0	0	0
4	africaeurope_30gen30gen_rep23	2	49.4207307079467	46.3188881120053	52.522573303888	-456.437444849283	-9.63371527536978	1	FALSE	49.335	0	0	0
4	africaeurope_30gen30gen_rep24	1	39.322585347665	35.6324051508102	43.0127655445198	-456.437444849283	-8.38265280742837	1	FALSE	43.631	0	0	0
4	africaeurope_30gen30gen_rep25	2	49.4207307079467	46.3188881120053	52.522573303888	-456.437444849283	-6.6477977430854	1	FALSE	47.903	0	0	0
4	africaeurope_30gen30gen_rep26	2	49.4207307079467	46.3188881120053	52.522573303888	-456.437444849283	-5.95144064682761	1	FALSE	51.106	0	0	0
4	africaeurope_30gen30gen_rep27	3	57.8634876232357	53.9869585923554	61.740016654116	-456.437444849283	-7.45780472792876	1	FALSE	62.182	0	0	0
4	africaeurope_30gen30gen_rep28	2	49.4207307079467	46.3188881120053	52.522573303888	-456.437444849283	-7.10374293439214	1	FALSE	46.213	0	0	0
4	africaeurope_30gen30gen_rep29	1	39.322585347665	35.6324051508102	43.0127655445198	-456.437444849283	-6.93055214564497	1	FALSE	40.781	0	0	0
4	africaeurope_30gen30gen_rep3	2	49.4207307079467	46.3188881120053	52.522573303888	-456.437444849283	-6.11337257888218	1	FALSE	51.16	0	0	0
4	africaeurope_30gen30gen_rep30	1	39.322585347665	35.6324051508102	43.0127655445198	-456.437444849283	-8.13676431157846	1	FALSE	40.282	0	0	0
4	africaeurope_30gen30gen_rep4	1	39.322585347665	35.6324051508102	43.0127655445198	-456.437444849283	-12.2775061176279	1	FALSE	32.406	0	0	0
4	africaeurope_30gen30gen_rep5	2	49.4207307079467	46.3188881120053	52.522573303888	-456.437444849283	-7.36092872347526	1	FALSE	45.49	0	0	0
4	africaeurope_30gen30gen_rep6	3	57.8634876232357	53.9869585923554	61.740016654116	-456.437444849283	-7.63541939988374	1	FALSE	54.057	0	0	0
4	africaeurope_30gen30gen_rep7	4	67.7672285812893	64.0812418803513	71.4532152822273	-456.437444849283	-5.58668831214491	1	FALSE	68.01	0	0	0
4	africaeurope_30gen30gen_rep8	2	49.4207307079467	46.3188881120053	52.522573303888	-456.437444849283	-9.62996812872477	1	FALSE	52.719	0	0	0
4	africaeurope_30gen30gen_rep9	1	39.322585347665	35.6324051508102	43.0127655445198	-456.437444849283	-6.70579262817454	1	FALSE	36.909	0	0	0
4	africaeurope_5050_60gen_0.510	4	67.7672285812893	64.0812418803513	71.4532152822273	-456.437444849283	-6.60988635429726	1	FALSE	70.398	0	0	0
4	africaeurope_5050_60gen_0.511	3	57.8634876232357	53.9869585923554	61.740016654116	-456.437444849283	-6.45773769212859	1	FALSE	59.416	0	0	0
4	africaeurope_5050_60gen_0.512	4	67.7672285812893	64.0812418803513	71.4532152822273	-456.437444849283	-6.55475364123779	1	FALSE	69.665	0	0	0
4	africaeurope_5050_60gen_0.513	3	57.8634876232357	53.9869585923554	61.740016654116	-456.437444849283	-5.64914634654677	1	FALSE	57.988	0	0	0
4	africaeurope_5050_60gen_0.514	3	57.8634876232357	53.9869585923554	61.740016654116	-456.437444849283	-7.18835559898115	1	FALSE	57.062	0	0	0
4	africaeurope_5050_60gen_0.515	2	49.4207307079467	46.3188881120053	52.522573303888	-456.437444849283	-7.68952384736511	1	FALSE	53.369	0	0	0
4	africaeurope_5050_60gen_0.516	4	67.7672285812893	64.0812418803513	71.4532152822273	-456.437444849283	-9.67012165872256	1	FALSE	62.836	0	0	0
4	africaeurope_5050_60gen_0.517	2	49.4207307079467	46.3188881120053	52.522573303888	-456.437444849283	-6.04702758219606	1	FALSE	51.202	0	0	0
4	africaeurope_5050_60gen_0.518	3	57.8634876232357	53.9869585923554	61.740016654116	-456.437444849283	-6.21407368629806	1	FALSE	57.102	0	0	0
4	africaeurope_5050_60gen_0.519	3	57.8634876232357	53.9869585923554	61.740016654116	-456.437444849283	-7.97777332725079	1	FALSE	54.564	0	0	0
4	africaeurope_5050_60gen_0.51	2	49.4207307079467	46.3188881120053	52.522573303888	-456.437444849283	-6.57854241993227	1	FALSE	50.883	0	0	0
4	africaeurope_5050_60gen_0.520	4	67.7672285812893	64.0812418803513	71.4532152822273	-456.437444849283	-7.2341152099863	1	FALSE	69.647	0	0	0
4	africaeurope_5050_60gen_0.521	4	67.7672285812893	64.0812418803513	71.4532152822273	-456.437444849283	-7.23996273475498	1	FALSE	65.979	0	0	0
4	africaeurope_5050_60gen_0.522	3	57.8634876232357	53.9869585923554	61.740016654116	-456.437444849283	-9.00624370959262	1	FALSE	59.876	0	0	0
4	africaeurope_5050_60gen_0.523	4	67.7672285812893	64.0812418803513	71.4532152822273	-456.437444849283	-10.2625530778756	1	FALSE	74.808	0	0	0
4	africaeurope_5050_60gen_0.524	4	67.7672285812893	64.0812418803513	71.4532152822273	-456.437444849283	-6.72496925575081	1	FALSE	65.342	0	0	0
4	africaeurope_5050_60gen_0.525	2	49.4207307079467	46.3188881120053	52.522573303888	-456.437444849283	-7.49682056495345	1	FALSE	49.173	0	0	0
4	africaeurope_5050_60gen_0.526	4	67.7672285812893	64.0812418803513	71.4532152822273	-456.437444849283	-9.24880903026008	1	FALSE	68.792	0	0	0
4	africaeurope_5050_60gen_0.527	3	57.8634876232357	53.9869585923554	61.740016654116	-456.437444849283	-7.08209347061846	1	FALSE	54.051	0	0	0
4	africaeurope_5050_60gen_0.528	3	57.8634876232357	53.9869585923554	61.740016654116	-456.437444849283	-6.23752564171672	1	FALSE	60.142	0	0	0
4	africaeurope_5050_60gen_0.529	3	57.8634876232357	53.9869585923554	61.740016654116	-456.437444849283	-6.73076510507576	1	FALSE	54.764	0	0	0
4	africaeurope_5050_60gen_0.52	3	57.8634876232357	53.9869585923554	61.740016654116	-456.437444849283	-6.49723601431951	1	FALSE	59.915	0	0	0
4	africaeurope_5050_60gen_0.530	4	67.7672285812893	64.0812418803513	71.4532152822273	-456.437444849283	-8.24420961365545	1	FALSE	71.55	0	0	0
4	africaeurope_5050_60gen_0.53	3	57.8634876232357	53.9869585923554	61.740016654116	-456.437444849283	-7.02410884796728	1	FALSE	61.696	0	0	0
4	africaeurope_5050_60gen_0.54	1	39.322585347665	35.6324051508102	43.0127655445198	-456.437444849283	-6.29309596229015	1	FALSE	38.718	0	0	0
4	africaeurope_5050_60gen_0.55	4	67.7672285812893	64.0812418803513	71.4532152822273	-456.437444849283	-5.66303147978752	1	FALSE	68.041	0	0	0
4	africaeurope_5050_60gen_0.56	3	57.8634876232357	53.9869585923554	61.740016654116	-456.437444849283	-6.58689354872506	1	FALSE	56.511	0	0	0
4	africaeurope_5050_60gen_0.57	1	39.322585347665	35.6324051508102	43.0127655445198	-456.437444849283	-8.81471880409162	1	FALSE	42.864	0	0	0
4	africaeurope_5050_60gen_0.58	4	67.7672285812893	64.0812418803513	71.4532152822273	-456.437444849283	-6.926800519563	1	FALSE	65.354	0	0	0
4	africaeurope_5050_60gen_0.59	4	67.7672285812893	64.0812418803513	71.4532152822273	-456.437444849283	-6.04482889523245	1	FALSE	66.343	0	0	0
