# CLUSTERING STRENGTH + LIKELIHOOD K SELECTION RESULTS (GLOBETROTTER)
# Recommended K: 2
# Method: GLOBETROTTER
# Clustering strength threshold: 0.78
# Likelihood thresholds: k1 to k2(k=2):0.69 k1 to k2(k=3):0.9 k2 to k3:0.43 k3 to k4:0.31
#
model_k	pop	cluster	joint_date_est_best	joint_date_lowerci	joint_date_upperci	likelihood_mean	likelihood_per_ind	recommended_k	is_recommended	ind_date_est	sample_age_est_best	sample_age_lowerci_mean	sample_age_upperci_mean
1	africaeurope_30gen60gen_rep10	1	76.1736138905136	68.0066962800363	84.3405315009909	-387.89706346772	-10.3812827945555	2	FALSE	77.0847320556641	0	NA	NA
1	africaeurope_30gen60gen_rep11	1	76.1736138905136	68.0066962800363	84.3405315009909	-387.89706346772	-9.96167925383871	2	FALSE	70.5496587870756	0	NA	NA
1	africaeurope_30gen60gen_rep12	1	76.1736138905136	68.0066962800363	84.3405315009909	-387.89706346772	-10.0691547989931	2	FALSE	78.385009765625	0	NA	NA
1	africaeurope_30gen60gen_rep13	1	76.1736138905136	68.0066962800363	84.3405315009909	-387.89706346772	-9.66035088811942	2	FALSE	72.964313103754	0	NA	NA
1	africaeurope_30gen60gen_rep14	1	76.1736138905136	68.0066962800363	84.3405315009909	-387.89706346772	-12.8313670477519	2	FALSE	96.7492828369141	0	NA	NA
1	africaeurope_30gen60gen_rep15	1	76.1736138905136	68.0066962800363	84.3405315009909	-387.89706346772	-22.2502522112205	2	FALSE	51.2517049689447	0	NA	NA
1	africaeurope_30gen60gen_rep16	1	76.1736138905136	68.0066962800363	84.3405315009909	-387.89706346772	-13.6186542591312	2	FALSE	99.75390625	0	NA	NA
1	africaeurope_30gen60gen_rep17	1	76.1736138905136	68.0066962800363	84.3405315009909	-387.89706346772	-15.6126350143882	2	FALSE	101	0	NA	NA
1	africaeurope_30gen60gen_rep18	1	76.1736138905136	68.0066962800363	84.3405315009909	-387.89706346772	-13.9270368038145	2	FALSE	56.5334025083485	0	NA	NA
1	africaeurope_30gen60gen_rep19	1	76.1736138905136	68.0066962800363	84.3405315009909	-387.89706346772	-10.777297061656	2	FALSE	69.5274204891339	0	NA	NA
1	africaeurope_30gen60gen_rep1	1	76.1736138905136	68.0066962800363	84.3405315009909	-387.89706346772	-14.7195365885543	2	FALSE	71.4318866571129	0	NA	NA
1	africaeurope_30gen60gen_rep20	1	76.1736138905136	68.0066962800363	84.3405315009909	-387.89706346772	-9.3417347574412	2	FALSE	78.5225219726562	0	NA	NA
1	africaeurope_30gen60gen_rep21	1	76.1736138905136	68.0066962800363	84.3405315009909	-387.89706346772	-9.99303146271972	2	FALSE	69.6244504528981	0	NA	NA
1	africaeurope_30gen60gen_rep22	1	76.1736138905136	68.0066962800363	84.3405315009909	-387.89706346772	-10.0034768555144	2	FALSE	69.5759268903684	0	NA	NA
1	africaeurope_30gen60gen_rep23	1	76.1736138905136	68.0066962800363	84.3405315009909	-387.89706346772	-10.8029324419107	2	FALSE	70.451976694089	0	NA	NA
1	africaeurope_30gen60gen_rep24	1	76.1736138905136	68.0066962800363	84.3405315009909	-387.89706346772	-10.784909983189	2	FALSE	65.2321198823867	0	NA	NA
1	africaeurope_30gen60gen_rep25	1	76.1736138905136	68.0066962800363	84.3405315009909	-387.89706346772	-10.4347633309831	2	FALSE	79.0737915039062	0	NA	NA
1	africaeurope_30gen60gen_rep26	1	76.1736138905136	68.0066962800363	84.3405315009909	-387.89706346772	-9.48612086570328	2	FALSE	78.4537506103516	0	NA	NA
1	africaeurope_30gen60gen_rep27	1	76.1736138905136	68.0066962800363	84.3405315009909	-387.89706346772	-11.4891582837986	2	FALSE	91.4727935791016	0	NA	NA
1	africaeurope_30gen60gen_rep28	1	76.1736138905136	68.0066962800363	84.3405315009909	-387.89706346772	-10.7201241353219	2	FALSE	88.1597290039062	0	NA	NA
1	africaeurope_30gen60gen_rep29	1	76.1736138905136	68.0066962800363	84.3405315009909	-387.89706346772	-9.49030765740067	2	FALSE	75.390625	0	NA	NA
1	africaeurope_30gen60gen_rep2	1	76.1736138905136	68.0066962800363	84.3405315009909	-387.89706346772	-11.9698083278341	2	FALSE	93.340087890625	0	NA	NA
1	africaeurope_30gen60gen_rep30	1	76.1736138905136	68.0066962800363	84.3405315009909	-387.89706346772	-15.833066126374	2	FALSE	106.463272094727	0	NA	NA
1	africaeurope_30gen60gen_rep3	1	76.1736138905136	68.0066962800363	84.3405315009909	-387.89706346772	-15.3773923225374	2	FALSE	47.9440454887651	0	NA	NA
1	africaeurope_30gen60gen_rep4	1	76.1736138905136	68.0066962800363	84.3405315009909	-387.89706346772	-16.0597439795377	2	FALSE	45.3711811904909	0	NA	NA
1	africaeurope_30gen60gen_rep5	1	76.1736138905136	68.0066962800363	84.3405315009909	-387.89706346772	-24.4687007596994	2	FALSE	132.353088378906	0	NA	NA
1	africaeurope_30gen60gen_rep6	1	76.1736138905136	68.0066962800363	84.3405315009909	-387.89706346772	-10.1908729105189	2	FALSE	75.5254516601562	0	NA	NA
1	africaeurope_30gen60gen_rep7	1	76.1736138905136	68.0066962800363	84.3405315009909	-387.89706346772	-17.9175694926284	2	FALSE	93.5654449462891	0	NA	NA
1	africaeurope_30gen60gen_rep8	1	76.1736138905136	68.0066962800363	84.3405315009909	-387.89706346772	-13.6444607967977	2	FALSE	73.7616955297075	0	NA	NA
1	africaeurope_30gen60gen_rep9	1	76.1736138905136	68.0066962800363	84.3405315009909	-387.89706346772	-16.0796422557863	2	FALSE	109.2900390625	0	NA	NA
2	africaeurope_30gen60gen_rep10	1	68.6288968803171	59.1283506380403	78.129443122594	-339.960155861193	-11.0122298646684	2	TRUE	77.0847320556641	0	0	0
2	africaeurope_30gen60gen_rep11	1	68.6288968803171	59.1283506380403	78.129443122594	-339.960155861193	-9.84105334431525	2	TRUE	70.5496587870756	0	0	0
2	africaeurope_30gen60gen_rep12	1	68.6288968803171	59.1283506380403	78.129443122594	-339.960155861193	-10.8248206054463	2	TRUE	78.385009765625	0	0	0
2	africaeurope_30gen60gen_rep13	1	68.6288968803171	59.1283506380403	78.129443122594	-339.960155861193	-9.77757518822801	2	TRUE	72.964313103754	0	0	0
2	africaeurope_30gen60gen_rep14	2	97.531102391684	81.546487063531	113.515717719837	-339.960155861193	-9.85069762411984	2	TRUE	96.7492828369141	0	0	0
2	africaeurope_30gen60gen_rep15	1	68.6288968803171	59.1283506380403	78.129443122594	-339.960155861193	-15.4735084117345	2	TRUE	51.2517049689447	0	0	0
2	africaeurope_30gen60gen_rep16	2	97.531102391684	81.546487063531	113.515717719837	-339.960155861193	-10.26591675316	2	TRUE	99.75390625	0	0	0
2	africaeurope_30gen60gen_rep17	2	97.531102391684	81.546487063531	113.515717719837	-339.960155861193	-13.5173764262965	2	TRUE	101	0	0	0
2	africaeurope_30gen60gen_rep18	1	68.6288968803171	59.1283506380403	78.129443122594	-339.960155861193	-10.8356445983845	2	TRUE	56.5334025083485	0	0	0
2	africaeurope_30gen60gen_rep19	1	68.6288968803171	59.1283506380403	78.129443122594	-339.960155861193	-10.778240257225	2	TRUE	69.5274204891339	0	0	0
2	africaeurope_30gen60gen_rep1	1	68.6288968803171	59.1283506380403	78.129443122594	-339.960155861193	-12.952170679064	2	TRUE	71.4318866571129	0	0	0
2	africaeurope_30gen60gen_rep20	1	68.6288968803171	59.1283506380403	78.129443122594	-339.960155861193	-10.2487609050852	2	TRUE	78.5225219726562	0	0	0
2	africaeurope_30gen60gen_rep21	1	68.6288968803171	59.1283506380403	78.129443122594	-339.960155861193	-9.73914921590216	2	TRUE	69.6244504528981	0	0	0
2	africaeurope_30gen60gen_rep22	1	68.6288968803171	59.1283506380403	78.129443122594	-339.960155861193	-9.09171076669688	2	TRUE	69.5759268903684	0	0	0
2	africaeurope_30gen60gen_rep23	1	68.6288968803171	59.1283506380403	78.129443122594	-339.960155861193	-9.64775608479094	2	TRUE	70.451976694089	0	0	0
2	africaeurope_30gen60gen_rep24	1	68.6288968803171	59.1283506380403	78.129443122594	-339.960155861193	-10.2019666181147	2	TRUE	65.2321198823867	0	0	0
2	africaeurope_30gen60gen_rep25	1	68.6288968803171	59.1283506380403	78.129443122594	-339.960155861193	-11.2405315301707	2	TRUE	79.0737915039062	0	0	0
2	africaeurope_30gen60gen_rep26	1	68.6288968803171	59.1283506380403	78.129443122594	-339.960155861193	-10.4455667580358	2	TRUE	78.4537506103516	0	0	0
2	africaeurope_30gen60gen_rep27	2	97.531102391684	81.546487063531	113.515717719837	-339.960155861193	-9.96576734931142	2	TRUE	91.4727935791016	0	0	0
2	africaeurope_30gen60gen_rep28	2	97.531102391684	81.546487063531	113.515717719837	-339.960155861193	-10.4049327534771	2	TRUE	88.1597290039062	0	0	0
2	africaeurope_30gen60gen_rep29	1	68.6288968803171	59.1283506380403	78.129443122594	-339.960155861193	-9.79010878312435	2	TRUE	75.390625	0	0	0
2	africaeurope_30gen60gen_rep2	2	97.531102391684	81.546487063531	113.515717719837	-339.960155861193	-9.78867037442075	2	TRUE	93.340087890625	0	0	0
2	africaeurope_30gen60gen_rep30	2	97.531102391684	81.546487063531	113.515717719837	-339.960155861193	-10.4889405051816	2	TRUE	106.463272094727	0	0	0
2	africaeurope_30gen60gen_rep3	1	68.6288968803171	59.1283506380403	78.129443122594	-339.960155861193	-13.0147610436682	2	TRUE	47.9440454887651	0	0	0
2	africaeurope_30gen60gen_rep4	1	68.6288968803171	59.1283506380403	78.129443122594	-339.960155861193	-13.7463479100454	2	TRUE	45.3711811904909	0	0	0
2	africaeurope_30gen60gen_rep5	2	97.531102391684	81.546487063531	113.515717719837	-339.960155861193	-16.0323702476641	2	TRUE	132.353088378906	0	0	0
2	africaeurope_30gen60gen_rep6	1	68.6288968803171	59.1283506380403	78.129443122594	-339.960155861193	-10.6723447396314	2	TRUE	75.5254516601562	0	0	0
2	africaeurope_30gen60gen_rep7	2	97.531102391684	81.546487063531	113.515717719837	-339.960155861193	-14.0093592646706	2	TRUE	93.5654449462891	0	0	0
2	africaeurope_30gen60gen_rep8	1	68.6288968803171	59.1283506380403	78.129443122594	-339.960155861193	-14.2248846969355	2	TRUE	73.7616955297075	0	0	0
2	africaeurope_30gen60gen_rep9	2	97.531102391684	81.546487063531	113.515717719837	-339.960155861193	-12.0769925616235	2	TRUE	109.2900390625	0	0	0
3	africaeurope_30gen60gen_rep10	1	68.2683780860222	52.0739187942452	84.4628373777993	-319.920082035026	-9.72649985541722	2	FALSE	77.0847320556641	0	0	0
3	africaeurope_30gen60gen_rep11	1	68.2683780860222	52.0739187942452	84.4628373777993	-319.920082035026	-8.91698989434224	2	FALSE	70.5496587870756	0	0	0
3	africaeurope_30gen60gen_rep12	1	68.2683780860222	52.0739187942452	84.4628373777993	-319.920082035026	-9.21294039283634	2	FALSE	78.385009765625	0	0	0
3	africaeurope_30gen60gen_rep13	1	68.2683780860222	52.0739187942452	84.4628373777993	-319.920082035026	-9.85571589294707	2	FALSE	72.964313103754	0	0	0
3	africaeurope_30gen60gen_rep14	3	96.7448354106026	81.0268204700544	112.462850351151	-319.920082035026	-9.86358923802383	2	FALSE	96.7492828369141	0	0	0
3	africaeurope_30gen60gen_rep15	2	68.7252793858102	56.8842526200875	80.5663061515329	-319.920082035026	-13.7234347474276	2	FALSE	51.2517049689447	0	0	0
3	africaeurope_30gen60gen_rep16	3	96.7448354106026	81.0268204700544	112.462850351151	-319.920082035026	-10.2204851777988	2	FALSE	99.75390625	0	0	0
3	africaeurope_30gen60gen_rep17	3	96.7448354106026	81.0268204700544	112.462850351151	-319.920082035026	-13.2406854802407	2	FALSE	101	0	0	0
3	africaeurope_30gen60gen_rep18	2	68.7252793858102	56.8842526200875	80.5663061515329	-319.920082035026	-10.8894447757962	2	FALSE	56.5334025083485	0	0	0
3	africaeurope_30gen60gen_rep19	1	68.2683780860222	52.0739187942452	84.4628373777993	-319.920082035026	-9.85208430261181	2	FALSE	69.5274204891339	0	0	0
3	africaeurope_30gen60gen_rep1	2	68.7252793858102	56.8842526200875	80.5663061515329	-319.920082035026	-11.1777427002575	2	FALSE	71.4318866571129	0	0	0
3	africaeurope_30gen60gen_rep20	2	68.7252793858102	56.8842526200875	80.5663061515329	-319.920082035026	-10.2736914069928	2	FALSE	78.5225219726562	0	0	0
3	africaeurope_30gen60gen_rep21	1	68.2683780860222	52.0739187942452	84.4628373777993	-319.920082035026	-9.16950568766077	2	FALSE	69.6244504528981	0	0	0
3	africaeurope_30gen60gen_rep22	2	68.7252793858102	56.8842526200875	80.5663061515329	-319.920082035026	-8.40394309404557	2	FALSE	69.5759268903684	0	0	0
3	africaeurope_30gen60gen_rep23	2	68.7252793858102	56.8842526200875	80.5663061515329	-319.920082035026	-7.87833215522457	2	FALSE	70.451976694089	0	0	0
3	africaeurope_30gen60gen_rep24	1	68.2683780860222	52.0739187942452	84.4628373777993	-319.920082035026	-8.56763929241035	2	FALSE	65.2321198823867	0	0	0
3	africaeurope_30gen60gen_rep25	1	68.2683780860222	52.0739187942452	84.4628373777993	-319.920082035026	-9.98308522778724	2	FALSE	79.0737915039062	0	0	0
3	africaeurope_30gen60gen_rep26	2	68.7252793858102	56.8842526200875	80.5663061515329	-319.920082035026	-9.68266048621748	2	FALSE	78.4537506103516	0	0	0
3	africaeurope_30gen60gen_rep27	3	96.7448354106026	81.0268204700544	112.462850351151	-319.920082035026	-9.98213865166052	2	FALSE	91.4727935791016	0	0	0
3	africaeurope_30gen60gen_rep28	3	96.7448354106026	81.0268204700544	112.462850351151	-319.920082035026	-10.4570163728542	2	FALSE	88.1597290039062	0	0	0
3	africaeurope_30gen60gen_rep29	2	68.7252793858102	56.8842526200875	80.5663061515329	-319.920082035026	-8.84888102160492	2	FALSE	75.390625	0	0	0
3	africaeurope_30gen60gen_rep2	3	96.7448354106026	81.0268204700544	112.462850351151	-319.920082035026	-9.85646211113741	2	FALSE	93.340087890625	0	0	0
3	africaeurope_30gen60gen_rep30	3	96.7448354106026	81.0268204700544	112.462850351151	-319.920082035026	-10.5541093995233	2	FALSE	106.463272094727	0	0	0
3	africaeurope_30gen60gen_rep3	1	68.2683780860222	52.0739187942452	84.4628373777993	-319.920082035026	-11.3104490183978	2	FALSE	47.9440454887651	0	0	0
3	africaeurope_30gen60gen_rep4	1	68.2683780860222	52.0739187942452	84.4628373777993	-319.920082035026	-12.0720300850326	2	FALSE	45.3711811904909	0	0	0
3	africaeurope_30gen60gen_rep5	3	96.7448354106026	81.0268204700544	112.462850351151	-319.920082035026	-16.09137333332	2	FALSE	132.353088378906	0	0	0
3	africaeurope_30gen60gen_rep6	1	68.2683780860222	52.0739187942452	84.4628373777993	-319.920082035026	-9.09172808810261	2	FALSE	75.5254516601562	0	0	0
3	africaeurope_30gen60gen_rep7	3	96.7448354106026	81.0268204700544	112.462850351151	-319.920082035026	-15.051435071905	2	FALSE	93.5654449462891	0	0	0
3	africaeurope_30gen60gen_rep8	3	96.7448354106026	81.0268204700544	112.462850351151	-319.920082035026	-14.0230741012537	2	FALSE	73.7616955297075	0	0	0
3	africaeurope_30gen60gen_rep9	3	96.7448354106026	81.0268204700544	112.462850351151	-319.920082035026	-11.942914972196	2	FALSE	109.2900390625	0	0	0
4	africaeurope_30gen60gen_rep10	2	72.8936110109176	55.0454084652184	90.7418135566167	-307.945174153726	-9.42168369495892	2	FALSE	77.0847320556641	0	0	0
4	africaeurope_30gen60gen_rep11	2	72.8936110109176	55.0454084652184	90.7418135566167	-307.945174153726	-8.8712604126516	2	FALSE	70.5496587870756	0	0	0
4	africaeurope_30gen60gen_rep12	2	72.8936110109176	55.0454084652184	90.7418135566167	-307.945174153726	-8.83421557065657	2	FALSE	78.385009765625	0	0	0
4	africaeurope_30gen60gen_rep13	2	72.8936110109176	55.0454084652184	90.7418135566167	-307.945174153726	-9.4393317966463	2	FALSE	72.964313103754	0	0	0
4	africaeurope_30gen60gen_rep14	4	96.7448354106026	81.0268204700544	112.462850351151	-307.945174153726	-9.86358923802383	2	FALSE	96.7492828369141	0	0	0
4	africaeurope_30gen60gen_rep15	1	51.3655565151491	30.5383049047056	72.1928081255926	-307.945174153726	-9.51609175087282	2	FALSE	51.2517049689447	0	0	0
4	africaeurope_30gen60gen_rep16	4	96.7448354106026	81.0268204700544	112.462850351151	-307.945174153726	-10.2204851777988	2	FALSE	99.75390625	0	0	0
4	africaeurope_30gen60gen_rep17	4	96.7448354106026	81.0268204700544	112.462850351151	-307.945174153726	-13.2406854802407	2	FALSE	101	0	0	0
4	africaeurope_30gen60gen_rep18	1	51.3655565151491	30.5383049047056	72.1928081255926	-307.945174153726	-9.18106222283163	2	FALSE	56.5334025083485	0	0	0
4	africaeurope_30gen60gen_rep19	2	72.8936110109176	55.0454084652184	90.7418135566167	-307.945174153726	-9.88504538712311	2	FALSE	69.5274204891339	0	0	0
4	africaeurope_30gen60gen_rep1	3	73.3052626358053	59.8220958412458	86.7884294303648	-307.945174153726	-10.4534774608418	2	FALSE	71.4318866571129	0	0	0
4	africaeurope_30gen60gen_rep20	3	73.3052626358053	59.8220958412458	86.7884294303648	-307.945174153726	-9.52551761858268	2	FALSE	78.5225219726562	0	0	0
4	africaeurope_30gen60gen_rep21	2	72.8936110109176	55.0454084652184	90.7418135566167	-307.945174153726	-9.12154658569736	2	FALSE	69.6244504528981	0	0	0
4	africaeurope_30gen60gen_rep22	3	73.3052626358053	59.8220958412458	86.7884294303648	-307.945174153726	-8.67143416755814	2	FALSE	69.5759268903684	0	0	0
4	africaeurope_30gen60gen_rep23	3	73.3052626358053	59.8220958412458	86.7884294303648	-307.945174153726	-7.97326496981053	2	FALSE	70.451976694089	0	0	0
4	africaeurope_30gen60gen_rep24	2	72.8936110109176	55.0454084652184	90.7418135566167	-307.945174153726	-8.98984870256695	2	FALSE	65.2321198823867	0	0	0
4	africaeurope_30gen60gen_rep25	2	72.8936110109176	55.0454084652184	90.7418135566167	-307.945174153726	-9.56888272808752	2	FALSE	79.0737915039062	0	0	0
4	africaeurope_30gen60gen_rep26	3	73.3052626358053	59.8220958412458	86.7884294303648	-307.945174153726	-8.80580957912924	2	FALSE	78.4537506103516	0	0	0
4	africaeurope_30gen60gen_rep27	4	96.7448354106026	81.0268204700544	112.462850351151	-307.945174153726	-9.98213865166052	2	FALSE	91.4727935791016	0	0	0
4	africaeurope_30gen60gen_rep28	4	96.7448354106026	81.0268204700544	112.462850351151	-307.945174153726	-10.4570163728542	2	FALSE	88.1597290039062	0	0	0
4	africaeurope_30gen60gen_rep29	3	73.3052626358053	59.8220958412458	86.7884294303648	-307.945174153726	-8.33830596066135	2	FALSE	75.390625	0	0	0
4	africaeurope_30gen60gen_rep2	4	96.7448354106026	81.0268204700544	112.462850351151	-307.945174153726	-9.85646211113741	2	FALSE	93.340087890625	0	0	0
4	africaeurope_30gen60gen_rep30	4	96.7448354106026	81.0268204700544	112.462850351151	-307.945174153726	-10.5541093995233	2	FALSE	106.463272094727	0	0	0
4	africaeurope_30gen60gen_rep3	1	51.3655565151491	30.5383049047056	72.1928081255926	-307.945174153726	-10.309129052122	2	FALSE	47.9440454887651	0	0	0
4	africaeurope_30gen60gen_rep4	1	51.3655565151491	30.5383049047056	72.1928081255926	-307.945174153726	-10.8553677615367	2	FALSE	45.3711811904909	0	0	0
4	africaeurope_30gen60gen_rep5	4	96.7448354106026	81.0268204700544	112.462850351151	-307.945174153726	-16.09137333332	2	FALSE	132.353088378906	0	0	0
4	africaeurope_30gen60gen_rep6	2	72.8936110109176	55.0454084652184	90.7418135566167	-307.945174153726	-8.90061482147728	2	FALSE	75.5254516601562	0	0	0
4	africaeurope_30gen60gen_rep7	4	96.7448354106026	81.0268204700544	112.462850351151	-307.945174153726	-15.051435071905	2	FALSE	93.5654449462891	0	0	0
4	africaeurope_30gen60gen_rep8	4	96.7448354106026	81.0268204700544	112.462850351151	-307.945174153726	-14.0230741012537	2	FALSE	73.7616955297075	0	0	0
4	africaeurope_30gen60gen_rep9	4	96.7448354106026	81.0268204700544	112.462850351151	-307.945174153726	-11.942914972196	2	FALSE	109.2900390625	0	0	0
