africaeurope_30gen10gen_rep10 0 0 27.7837043003729 7.43741523178833
africaeurope_30gen10gen_rep11 0 0 19.868628288066 5.81938832031593
africaeurope_30gen10gen_rep12 0 0 29.0953672386001 5.67437781245366
africaeurope_30gen10gen_rep13 0 0 23.0708526709491 5.38984523078087
africaeurope_30gen10gen_rep14 0 0 18.6441373653841 6.1341135693761
africaeurope_30gen10gen_rep15 0 0 25.0170249891561 7.18789108903071
africaeurope_30gen10gen_rep16 0 0 26.9826363416005 7.43365486633004
africaeurope_30gen10gen_rep17 0 0 19.1739200575435 6.01049620594557
africaeurope_30gen10gen_rep18 0 0 24.5670170898871 5.169548185463
africaeurope_30gen10gen_rep19 0 0 35.6568955480856 14.1304189102372
africaeurope_30gen10gen_rep1 0 0 34.3250485774908 7.62510373771905
africaeurope_30gen10gen_rep20 0 0 21.4309369444989 8.17221533642652
africaeurope_30gen10gen_rep21 0 0 23.5532614308884 6.34070638829475
africaeurope_30gen10gen_rep22 0 0 26.2709694599737 10.1711414726017
africaeurope_30gen10gen_rep23 0 0 28.0572382298157 5.35186905037601
africaeurope_30gen10gen_rep24 0 0 24.7379468442721 5.1658947238748
africaeurope_30gen10gen_rep25 0 0 26.7480313452522 6.64008700643618
africaeurope_30gen10gen_rep26 0 0 24.1200228703013 6.9387795379195
africaeurope_30gen10gen_rep27 0 0 25.6672760534327 10.4970556510933
africaeurope_30gen10gen_rep28 0 0 27.7837043003729 6.4382935591878
africaeurope_30gen10gen_rep29 0 0 27.1620971428959 6.38448440546979
africaeurope_30gen10gen_rep2 0 0 34.3504149313413 7.94459618735682
africaeurope_30gen10gen_rep30 0 0 24.7379468442721 9.05360858695857
africaeurope_30gen10gen_rep3 0 0 29.7276249352699 7.11057535440024
africaeurope_30gen10gen_rep4 0 0 23.7571139657364 6.78156336789309
africaeurope_30gen10gen_rep5 0 0 24.5883495324157 6.04039597192013
africaeurope_30gen10gen_rep6 0 0 21.7898923683808 5.98433373349726
africaeurope_30gen10gen_rep7 0 0 31.8371482454857 5.16756081595656
africaeurope_30gen10gen_rep8 0 0 27.5681421641105 7.82336408378177
africaeurope_30gen10gen_rep9 0 0 30.3907304729453 8.21335442733148
NewGTmethodsims_africaeurope_5050_30gen_0.5percent_rep10 10 10 20.751676322438 6.26673207875709
NewGTmethodsims_africaeurope_5050_30gen_0.5percent_rep11 10 10 27.3760090427085 6.57966490636437
NewGTmethodsims_africaeurope_5050_30gen_0.5percent_rep12 10 10 34.3948292721088 7.18132290200332
NewGTmethodsims_africaeurope_5050_30gen_0.5percent_rep13 10 10 32.5610435239635 7.88805560938814
NewGTmethodsims_africaeurope_5050_30gen_0.5percent_rep14 10 10 30.3193215570932 12.224593289885
NewGTmethodsims_africaeurope_5050_30gen_0.5percent_rep15 10 10 24.8665494812942 5.08540651567018
NewGTmethodsims_africaeurope_5050_30gen_0.5percent_rep16 10 10 29.9872283599444 5.43223365234156
NewGTmethodsims_africaeurope_5050_30gen_0.5percent_rep17 10 10 30.9290658306171 7.42229197563214
NewGTmethodsims_africaeurope_5050_30gen_0.5percent_rep18 10 10 22.1368245438712 4.55035006395771
NewGTmethodsims_africaeurope_5050_30gen_0.5percent_rep19 10 10 30.4264675013276 6.85327005015943
NewGTmethodsims_africaeurope_5050_30gen_0.5percent_rep1 10 10 32.0815955511866 5.79764636745365
NewGTmethodsims_africaeurope_5050_30gen_0.5percent_rep20 10 10 29.9872283599444 5.45663302320868
NewGTmethodsims_africaeurope_5050_30gen_0.5percent_rep21 10 10 38.1039211638136 8.91344172046867
NewGTmethodsims_africaeurope_5050_30gen_0.5percent_rep22 10 10 37.8501285497962 5.15812013402158
NewGTmethodsims_africaeurope_5050_30gen_0.5percent_rep23 10 10 21.5502414322623 9.25618901078308
NewGTmethodsims_africaeurope_5050_30gen_0.5percent_rep24 10 10 33.7820061857347 7.77853932287052
NewGTmethodsims_africaeurope_5050_30gen_0.5percent_rep25 10 10 36.3848524830887 5.33008824303474
NewGTmethodsims_africaeurope_5050_30gen_0.5percent_rep26 10 10 29.4691892217674 4.56585703386764
NewGTmethodsims_africaeurope_5050_30gen_0.5percent_rep27 10 10 28.9325969866615 3.93761194573312
NewGTmethodsims_africaeurope_5050_30gen_0.5percent_rep28 10 10 38.5467888952854 8.36346413329967
NewGTmethodsims_africaeurope_5050_30gen_0.5percent_rep29 10 10 38.6949953280287 6.63403052101801
NewGTmethodsims_africaeurope_5050_30gen_0.5percent_rep2 10 10 30.3550151582005 7.1898611882685
NewGTmethodsims_africaeurope_5050_30gen_0.5percent_rep30 10 10 21.1785681195943 5.42715701867151
NewGTmethodsims_africaeurope_5050_30gen_0.5percent_rep3 10 10 28.5219779273923 6.52502114958823
NewGTmethodsims_africaeurope_5050_30gen_0.5percent_rep4 10 10 29.0720853939493 5.03962025580414
NewGTmethodsims_africaeurope_5050_30gen_0.5percent_rep5 10 10 34.7831194741508 6.25516131898785
NewGTmethodsims_africaeurope_5050_30gen_0.5percent_rep6 10 10 30.6054783478016 4.96894614970066
NewGTmethodsims_africaeurope_5050_30gen_0.5percent_rep7 10 10 28.3666249937074 4.5468157382545
NewGTmethodsims_africaeurope_5050_30gen_0.5percent_rep8 10 10 21.910238816736 4.99771777398006
NewGTmethodsims_africaeurope_5050_30gen_0.5percent_rep9 10 10 32.1673801013756 7.86440491995603
