africaeurope_30gen60gen_rep10 0 0 77.0847320556641 29.2654002961992
africaeurope_30gen60gen_rep11 0 0 70.5496587870756 25.7323540977529
africaeurope_30gen60gen_rep12 0 0 78.385009765625 27.5314104907875
africaeurope_30gen60gen_rep13 0 0 72.964313103754 24.7610669078385
africaeurope_30gen60gen_rep14 0 0 96.7492828369141 27.4301608307406
africaeurope_30gen60gen_rep15 0 0 51.2517049689447 16.1029399247782
africaeurope_30gen60gen_rep16 0 0 99.75390625 30.2752479200041
africaeurope_30gen60gen_rep17 0 0 101 46.8259764339944
africaeurope_30gen60gen_rep18 0 0 56.5334025083485 20.3655928482555
africaeurope_30gen60gen_rep19 0 0 69.5274204891339 30.0209638144761
africaeurope_30gen60gen_rep1 0 0 71.4318866571129 12.4889577231393
africaeurope_30gen60gen_rep20 0 0 78.5225219726562 20.4081049976128
africaeurope_30gen60gen_rep21 0 0 69.6244504528981 25.3215313539476
africaeurope_30gen60gen_rep22 0 0 69.5759268903684 18.9456260684366
africaeurope_30gen60gen_rep23 0 0 70.451976694089 16.2784591843188
africaeurope_30gen60gen_rep24 0 0 65.2321198823867 27.2017820143833
africaeurope_30gen60gen_rep25 0 0 79.0737915039062 29.311438873716
africaeurope_30gen60gen_rep26 0 0 78.4537506103516 18.8382934774859
africaeurope_30gen60gen_rep27 0 0 91.4727935791016 25.6807985564135
africaeurope_30gen60gen_rep28 0 0 88.1597290039062 23.7193818130934
africaeurope_30gen60gen_rep29 0 0 75.390625 18.4381859396349
africaeurope_30gen60gen_rep2 0 0 93.340087890625 24.9604073922345
africaeurope_30gen60gen_rep30 0 0 106.463272094727 28.6937031419493
africaeurope_30gen60gen_rep3 0 0 47.9440454887651 27.1252696540417
africaeurope_30gen60gen_rep4 0 0 45.3711811904909 28.5179418846245
africaeurope_30gen60gen_rep5 0 0 132.353088378906 35.0657994023028
africaeurope_30gen60gen_rep6 0 0 75.5254516601562 28.3226874373104
africaeurope_30gen60gen_rep7 0 0 93.5654449462891 14.8721811482515
africaeurope_30gen60gen_rep8 0 0 73.7616955297075 44.0926071677197
africaeurope_30gen60gen_rep9 0 0 109.2900390625 37.4974333178694
NewGTmethodsims_africaeurope_5050_75gen_0.5percent_rep10 15 15 74.1620342270354 26.0112997111963
NewGTmethodsims_africaeurope_5050_75gen_0.5percent_rep11 15 15 90.4354400634766 29.0779881501001
NewGTmethodsims_africaeurope_5050_75gen_0.5percent_rep12 15 15 86.8880043029785 24.5854350172259
NewGTmethodsims_africaeurope_5050_75gen_0.5percent_rep13 15 15 43.2127021097676 17.2649550748667
NewGTmethodsims_africaeurope_5050_75gen_0.5percent_rep14 15 15 102.175308227539 21.6933434083707
NewGTmethodsims_africaeurope_5050_75gen_0.5percent_rep17 15 15 80.599853515625 27.193604345023
NewGTmethodsims_africaeurope_5050_75gen_0.5percent_rep18 15 15 96.367431640625 14.5797323159691
NewGTmethodsims_africaeurope_5050_75gen_0.5percent_rep19 15 15 77.5625 23.4780187490812
NewGTmethodsims_africaeurope_5050_75gen_0.5percent_rep1 15 15 76.744384765625 28.5530075888763
NewGTmethodsims_africaeurope_5050_75gen_0.5percent_rep20 15 15 85.9853515625 23.0355703065515
NewGTmethodsims_africaeurope_5050_75gen_0.5percent_rep21 15 15 52.6736555769349 17.1989107007839
NewGTmethodsims_africaeurope_5050_75gen_0.5percent_rep22 15 15 68.9466822553558 20.0791509233645
NewGTmethodsims_africaeurope_5050_75gen_0.5percent_rep23 15 15 83.3060035705566 17.0972789472434
NewGTmethodsims_africaeurope_5050_75gen_0.5percent_rep24 15 15 73.6118516795824 24.6943119081369
NewGTmethodsims_africaeurope_5050_75gen_0.5percent_rep25 15 15 76.201416015625 17.1187924246489
NewGTmethodsims_africaeurope_5050_75gen_0.5percent_rep26 15 15 73.0637456488637 17.3288638113715
NewGTmethodsims_africaeurope_5050_75gen_0.5percent_rep27 15 15 85.123291015625 19.2829252507971
NewGTmethodsims_africaeurope_5050_75gen_0.5percent_rep28 15 15 81.0186157226562 18.2444144881756
NewGTmethodsims_africaeurope_5050_75gen_0.5percent_rep29 15 15 91.9937133789062 21.0292663471127
NewGTmethodsims_africaeurope_5050_75gen_0.5percent_rep2 15 15 100.3759765625 21.9344258956151
NewGTmethodsims_africaeurope_5050_75gen_0.5percent_rep30 15 15 94.2431640625 25.8589999081093
NewGTmethodsims_africaeurope_5050_75gen_0.5percent_rep3 15 15 67.6490566513433 11.3168727728876
NewGTmethodsims_africaeurope_5050_75gen_0.5percent_rep4 15 15 76.201416015625 25.5397542036436
NewGTmethodsims_africaeurope_5050_75gen_0.5percent_rep5 15 15 63.5529214574836 35.8537931222044
NewGTmethodsims_africaeurope_5050_75gen_0.5percent_rep6 15 15 77.1528930664062 18.8070168177161
NewGTmethodsims_africaeurope_5050_75gen_0.5percent_rep7 15 15 76.8123931884766 24.7067870061824
NewGTmethodsims_africaeurope_5050_75gen_0.5percent_rep8 15 15 64.5764554332222 19.7418193553204
NewGTmethodsims_africaeurope_5050_75gen_0.5percent_rep9 15 15 97.8994140625 25.0108531563242
