# CLUSTERING STRENGTH + LIKELIHOOD K SELECTION RESULTS (GLOBETROTTER)
# Recommended K: 2
# Method: GLOBETROTTER
# Clustering strength threshold: 0.78
# Likelihood thresholds: k1 to k2(k=2):0.69 k1 to k2(k=3):0.9 k2 to k3:0.43 k3 to k4:0.31
#
model_k	pop	cluster	joint_date_est_best	joint_date_lowerci	joint_date_upperci	likelihood_mean	likelihood_per_ind	recommended_k	is_recommended	ind_date_est	sample_age_est_best	sample_age_lowerci_mean	sample_age_upperci_mean
1	africaeurope_30gen10gen_rep10	1	33.4449638359805	31.8682123084422	35.0217153635187	-886.116258345705	-9.12452676871077	2	FALSE	27.7837043003729	0	NA	NA
1	africaeurope_30gen10gen_rep11	1	33.4449638359805	31.8682123084422	35.0217153635187	-886.116258345705	-32.4865888462108	2	FALSE	19.868628288066	0	NA	NA
1	africaeurope_30gen10gen_rep12	1	33.4449638359805	31.8682123084422	35.0217153635187	-886.116258345705	-8.1746347341391	2	FALSE	29.0953672386001	0	NA	NA
1	africaeurope_30gen10gen_rep13	1	33.4449638359805	31.8682123084422	35.0217153635187	-886.116258345705	-23.7293684507023	2	FALSE	23.0708526709491	0	NA	NA
1	africaeurope_30gen10gen_rep14	1	33.4449638359805	31.8682123084422	35.0217153635187	-886.116258345705	-34.501192694182	2	FALSE	18.6441373653841	0	NA	NA
1	africaeurope_30gen10gen_rep15	1	33.4449638359805	31.8682123084422	35.0217153635187	-886.116258345705	-12.9133238611556	2	FALSE	25.0170249891561	0	NA	NA
1	africaeurope_30gen10gen_rep16	1	33.4449638359805	31.8682123084422	35.0217153635187	-886.116258345705	-10.0033099464201	2	FALSE	26.9826363416005	0	NA	NA
1	africaeurope_30gen10gen_rep17	1	33.4449638359805	31.8682123084422	35.0217153635187	-886.116258345705	-33.5271285861411	2	FALSE	19.1739200575435	0	NA	NA
1	africaeurope_30gen10gen_rep18	1	33.4449638359805	31.8682123084422	35.0217153635187	-886.116258345705	-19.9743609403584	2	FALSE	24.5670170898871	0	NA	NA
1	africaeurope_30gen10gen_rep19	1	33.4449638359805	31.8682123084422	35.0217153635187	-886.116258345705	-11.8110793568902	2	FALSE	35.6568955480856	0	NA	NA
1	africaeurope_30gen10gen_rep1	1	33.4449638359805	31.8682123084422	35.0217153635187	-886.116258345705	-6.44094743730865	2	FALSE	34.3250485774908	0	NA	NA
1	africaeurope_30gen10gen_rep20	1	33.4449638359805	31.8682123084422	35.0217153635187	-886.116258345705	-17.6269774923302	2	FALSE	21.4309369444989	0	NA	NA
1	africaeurope_30gen10gen_rep21	1	33.4449638359805	31.8682123084422	35.0217153635187	-886.116258345705	-17.6611184351103	2	FALSE	23.5532614308884	0	NA	NA
1	africaeurope_30gen10gen_rep22	1	33.4449638359805	31.8682123084422	35.0217153635187	-886.116258345705	-11.0207840117611	2	FALSE	26.2709694599737	0	NA	NA
1	africaeurope_30gen10gen_rep23	1	33.4449638359805	31.8682123084422	35.0217153635187	-886.116258345705	-10.2738870121066	2	FALSE	28.0572382298157	0	NA	NA
1	africaeurope_30gen10gen_rep24	1	33.4449638359805	31.8682123084422	35.0217153635187	-886.116258345705	-19.432811457795	2	FALSE	24.7379468442721	0	NA	NA
1	africaeurope_30gen10gen_rep25	1	33.4449638359805	31.8682123084422	35.0217153635187	-886.116258345705	-10.7511892171136	2	FALSE	26.7480313452522	0	NA	NA
1	africaeurope_30gen10gen_rep26	1	33.4449638359805	31.8682123084422	35.0217153635187	-886.116258345705	-14.8916435081438	2	FALSE	24.1200228703013	0	NA	NA
1	africaeurope_30gen10gen_rep27	1	33.4449638359805	31.8682123084422	35.0217153635187	-886.116258345705	-11.5556971024135	2	FALSE	25.6672760534327	0	NA	NA
1	africaeurope_30gen10gen_rep28	1	33.4449638359805	31.8682123084422	35.0217153635187	-886.116258345705	-9.41174473110484	2	FALSE	27.7837043003729	0	NA	NA
1	africaeurope_30gen10gen_rep29	1	33.4449638359805	31.8682123084422	35.0217153635187	-886.116258345705	-10.3581905369069	2	FALSE	27.1620971428959	0	NA	NA
1	africaeurope_30gen10gen_rep2	1	33.4449638359805	31.8682123084422	35.0217153635187	-886.116258345705	-6.6973022638287	2	FALSE	34.3504149313413	0	NA	NA
1	africaeurope_30gen10gen_rep30	1	33.4449638359805	31.8682123084422	35.0217153635187	-886.116258345705	-12.1961782104055	2	FALSE	24.7379468442721	0	NA	NA
1	africaeurope_30gen10gen_rep3	1	33.4449638359805	31.8682123084422	35.0217153635187	-886.116258345705	-7.34948400921923	2	FALSE	29.7276249352699	0	NA	NA
1	africaeurope_30gen10gen_rep4	1	33.4449638359805	31.8682123084422	35.0217153635187	-886.116258345705	-15.9594388763619	2	FALSE	23.7571139657364	0	NA	NA
1	africaeurope_30gen10gen_rep5	1	33.4449638359805	31.8682123084422	35.0217153635187	-886.116258345705	-16.1004841012459	2	FALSE	24.5883495324157	0	NA	NA
1	africaeurope_30gen10gen_rep6	1	33.4449638359805	31.8682123084422	35.0217153635187	-886.116258345705	-24.2948983406899	2	FALSE	21.7898923683808	0	NA	NA
1	africaeurope_30gen10gen_rep7	1	33.4449638359805	31.8682123084422	35.0217153635187	-886.116258345705	-5.71226562621145	2	FALSE	31.8371482454857	0	NA	NA
1	africaeurope_30gen10gen_rep8	1	33.4449638359805	31.8682123084422	35.0217153635187	-886.116258345705	-9.35483422086963	2	FALSE	27.5681421641105	0	NA	NA
1	africaeurope_30gen10gen_rep9	1	33.4449638359805	31.8682123084422	35.0217153635187	-886.116258345705	-7.54672821427756	2	FALSE	30.3907304729453	0	NA	NA
1	NewGTmethodsims_africaeurope_5050_30gen_0.5percent_rep10	1	33.4449638359805	31.8682123084422	35.0217153635187	-886.116258345705	-6.37805831558218	2	FALSE	30.751676322438	10	NA	NA
1	NewGTmethodsims_africaeurope_5050_30gen_0.5percent_rep11	1	33.4449638359805	31.8682123084422	35.0217153635187	-886.116258345705	-7.41297601177661	2	FALSE	37.3760090427085	10	NA	NA
1	NewGTmethodsims_africaeurope_5050_30gen_0.5percent_rep12	1	33.4449638359805	31.8682123084422	35.0217153635187	-886.116258345705	-17.6591087119199	2	FALSE	44.3948292721088	10	NA	NA
1	NewGTmethodsims_africaeurope_5050_30gen_0.5percent_rep13	1	33.4449638359805	31.8682123084422	35.0217153635187	-886.116258345705	-13.2640657944656	2	FALSE	42.5610435239635	10	NA	NA
1	NewGTmethodsims_africaeurope_5050_30gen_0.5percent_rep14	1	33.4449638359805	31.8682123084422	35.0217153635187	-886.116258345705	-11.8144438151749	2	FALSE	40.3193215570932	10	NA	NA
1	NewGTmethodsims_africaeurope_5050_30gen_0.5percent_rep15	1	33.4449638359805	31.8682123084422	35.0217153635187	-886.116258345705	-5.63945044819133	2	FALSE	34.8665494812942	10	NA	NA
1	NewGTmethodsims_africaeurope_5050_30gen_0.5percent_rep16	1	33.4449638359805	31.8682123084422	35.0217153635187	-886.116258345705	-12.4589349991726	2	FALSE	39.9872283599444	10	NA	NA
1	NewGTmethodsims_africaeurope_5050_30gen_0.5percent_rep17	1	33.4449638359805	31.8682123084422	35.0217153635187	-886.116258345705	-11.2994765049223	2	FALSE	40.9290658306171	10	NA	NA
1	NewGTmethodsims_africaeurope_5050_30gen_0.5percent_rep18	1	33.4449638359805	31.8682123084422	35.0217153635187	-886.116258345705	-6.00904178294791	2	FALSE	32.1368245438712	10	NA	NA
1	NewGTmethodsims_africaeurope_5050_30gen_0.5percent_rep19	1	33.4449638359805	31.8682123084422	35.0217153635187	-886.116258345705	-10.9920592877844	2	FALSE	40.4264675013276	10	NA	NA
1	NewGTmethodsims_africaeurope_5050_30gen_0.5percent_rep1	1	33.4449638359805	31.8682123084422	35.0217153635187	-886.116258345705	-16.3627787188172	2	FALSE	42.0815955511866	10	NA	NA
1	NewGTmethodsims_africaeurope_5050_30gen_0.5percent_rep20	1	33.4449638359805	31.8682123084422	35.0217153635187	-886.116258345705	-12.3952881648679	2	FALSE	39.9872283599444	10	NA	NA
1	NewGTmethodsims_africaeurope_5050_30gen_0.5percent_rep21	1	33.4449638359805	31.8682123084422	35.0217153635187	-886.116258345705	-20.9743994557624	2	FALSE	48.1039211638136	10	NA	NA
1	NewGTmethodsims_africaeurope_5050_30gen_0.5percent_rep22	1	33.4449638359805	31.8682123084422	35.0217153635187	-886.116258345705	-44.22654347234	2	FALSE	47.8501285497962	10	NA	NA
1	NewGTmethodsims_africaeurope_5050_30gen_0.5percent_rep23	1	33.4449638359805	31.8682123084422	35.0217153635187	-886.116258345705	-7.95585887533973	2	FALSE	31.5502414322623	10	NA	NA
1	NewGTmethodsims_africaeurope_5050_30gen_0.5percent_rep24	1	33.4449638359805	31.8682123084422	35.0217153635187	-886.116258345705	-15.3272503708453	2	FALSE	43.7820061857347	10	NA	NA
1	NewGTmethodsims_africaeurope_5050_30gen_0.5percent_rep25	1	33.4449638359805	31.8682123084422	35.0217153635187	-886.116258345705	-34.6763739538053	2	FALSE	46.3848524830887	10	NA	NA
1	NewGTmethodsims_africaeurope_5050_30gen_0.5percent_rep26	1	33.4449638359805	31.8682123084422	35.0217153635187	-886.116258345705	-14.2836041273275	2	FALSE	39.4691892217674	10	NA	NA
1	NewGTmethodsims_africaeurope_5050_30gen_0.5percent_rep27	1	33.4449638359805	31.8682123084422	35.0217153635187	-886.116258345705	-16.4037324304072	2	FALSE	38.9325969866615	10	NA	NA
1	NewGTmethodsims_africaeurope_5050_30gen_0.5percent_rep28	1	33.4449638359805	31.8682123084422	35.0217153635187	-886.116258345705	-23.2841803876615	2	FALSE	48.5467888952854	10	NA	NA
1	NewGTmethodsims_africaeurope_5050_30gen_0.5percent_rep29	1	33.4449638359805	31.8682123084422	35.0217153635187	-886.116258345705	-32.0829046409305	2	FALSE	48.6949953280287	10	NA	NA
1	NewGTmethodsims_africaeurope_5050_30gen_0.5percent_rep2	1	33.4449638359805	31.8682123084422	35.0217153635187	-886.116258345705	-10.6591694035277	2	FALSE	40.3550151582005	10	NA	NA
1	NewGTmethodsims_africaeurope_5050_30gen_0.5percent_rep30	1	33.4449638359805	31.8682123084422	35.0217153635187	-886.116258345705	-6.07854085120843	2	FALSE	31.1785681195943	10	NA	NA
1	NewGTmethodsims_africaeurope_5050_30gen_0.5percent_rep3	1	33.4449638359805	31.8682123084422	35.0217153635187	-886.116258345705	-8.62272830804818	2	FALSE	38.5219779273923	10	NA	NA
1	NewGTmethodsims_africaeurope_5050_30gen_0.5percent_rep4	1	33.4449638359805	31.8682123084422	35.0217153635187	-886.116258345705	-11.4970775734979	2	FALSE	39.0720853939493	10	NA	NA
1	NewGTmethodsims_africaeurope_5050_30gen_0.5percent_rep5	1	33.4449638359805	31.8682123084422	35.0217153635187	-886.116258345705	-21.8764856966421	2	FALSE	44.7831194741508	10	NA	NA
1	NewGTmethodsims_africaeurope_5050_30gen_0.5percent_rep6	1	33.4449638359805	31.8682123084422	35.0217153635187	-886.116258345705	-15.6739163106313	2	FALSE	40.6054783478016	10	NA	NA
1	NewGTmethodsims_africaeurope_5050_30gen_0.5percent_rep7	1	33.4449638359805	31.8682123084422	35.0217153635187	-886.116258345705	-11.45800932797	2	FALSE	38.3666249937074	10	NA	NA
1	NewGTmethodsims_africaeurope_5050_30gen_0.5percent_rep8	1	33.4449638359805	31.8682123084422	35.0217153635187	-886.116258345705	-5.75038251226055	2	FALSE	31.910238816736	10	NA	NA
1	NewGTmethodsims_africaeurope_5050_30gen_0.5percent_rep9	1	33.4449638359805	31.8682123084422	35.0217153635187	-886.116258345705	-12.717299101762	2	FALSE	42.1673801013756	10	NA	NA
2	africaeurope_30gen10gen_rep10	1	26.5093860031481	24.3212900387346	28.6974819675615	-483.289394581336	-6.23626542307843	2	TRUE	27.7837043003729	0	0	0
2	africaeurope_30gen10gen_rep11	1	26.5093860031481	24.3212900387346	28.6974819675615	-483.289394581336	-11.6552333559873	2	TRUE	19.868628288066	0	0	0
2	africaeurope_30gen10gen_rep12	1	26.5093860031481	24.3212900387346	28.6974819675615	-483.289394581336	-6.17647784982545	2	TRUE	29.0953672386001	0	0	0
2	africaeurope_30gen10gen_rep13	1	26.5093860031481	24.3212900387346	28.6974819675615	-483.289394581336	-7.22525206977897	2	TRUE	23.0708526709491	0	0	0
2	africaeurope_30gen10gen_rep14	1	26.5093860031481	24.3212900387346	28.6974819675615	-483.289394581336	-13.4392307308631	2	TRUE	18.6441373653841	0	0	0
2	africaeurope_30gen10gen_rep15	1	26.5093860031481	24.3212900387346	28.6974819675615	-483.289394581336	-6.0915063207153	2	TRUE	25.0170249891561	0	0	0
2	africaeurope_30gen10gen_rep16	1	26.5093860031481	24.3212900387346	28.6974819675615	-483.289394581336	-6.10641791895216	2	TRUE	26.9826363416005	0	0	0
2	africaeurope_30gen10gen_rep17	1	26.5093860031481	24.3212900387346	28.6974819675615	-483.289394581336	-12.6278664651967	2	TRUE	19.1739200575435	0	0	0
2	africaeurope_30gen10gen_rep18	1	26.5093860031481	24.3212900387346	28.6974819675615	-483.289394581336	-6.00760770544051	2	TRUE	24.5670170898871	0	0	0
2	africaeurope_30gen10gen_rep19	2	40.9365851712879	38.6624674152801	43.2107029272957	-483.289394581336	-11.8707421336576	2	TRUE	35.6568955480856	0	0	0
2	africaeurope_30gen10gen_rep1	2	40.9365851712879	38.6624674152801	43.2107029272957	-483.289394581336	-10.1837106781923	2	TRUE	34.3250485774908	0	0	0
2	africaeurope_30gen10gen_rep20	1	26.5093860031481	24.3212900387346	28.6974819675615	-483.289394581336	-8.7190474985546	2	TRUE	21.4309369444989	0	0	0
2	africaeurope_30gen10gen_rep21	1	26.5093860031481	24.3212900387346	28.6974819675615	-483.289394581336	-6.39236418404356	2	TRUE	23.5532614308884	0	0	0
2	africaeurope_30gen10gen_rep22	1	26.5093860031481	24.3212900387346	28.6974819675615	-483.289394581336	-8.90797494966021	2	TRUE	26.2709694599737	0	0	0
2	africaeurope_30gen10gen_rep23	1	26.5093860031481	24.3212900387346	28.6974819675615	-483.289394581336	-5.62284865614667	2	TRUE	28.0572382298157	0	0	0
2	africaeurope_30gen10gen_rep24	1	26.5093860031481	24.3212900387346	28.6974819675615	-483.289394581336	-5.89212574031764	2	TRUE	24.7379468442721	0	0	0
2	africaeurope_30gen10gen_rep25	1	26.5093860031481	24.3212900387346	28.6974819675615	-483.289394581336	-5.47968600931715	2	TRUE	26.7480313452522	0	0	0
2	africaeurope_30gen10gen_rep26	1	26.5093860031481	24.3212900387346	28.6974819675615	-483.289394581336	-6.27280834192649	2	TRUE	24.1200228703013	0	0	0
2	africaeurope_30gen10gen_rep27	1	26.5093860031481	24.3212900387346	28.6974819675615	-483.289394581336	-9.28775816012764	2	TRUE	25.6672760534327	0	0	0
2	africaeurope_30gen10gen_rep28	1	26.5093860031481	24.3212900387346	28.6974819675615	-483.289394581336	-5.55111820225158	2	TRUE	27.7837043003729	0	0	0
2	africaeurope_30gen10gen_rep29	1	26.5093860031481	24.3212900387346	28.6974819675615	-483.289394581336	-5.3794801076761	2	TRUE	27.1620971428959	0	0	0
2	africaeurope_30gen10gen_rep2	2	40.9365851712879	38.6624674152801	43.2107029272957	-483.289394581336	-10.0979467008541	2	TRUE	34.3504149313413	0	0	0
2	africaeurope_30gen10gen_rep30	1	26.5093860031481	24.3212900387346	28.6974819675615	-483.289394581336	-7.89542091363886	2	TRUE	24.7379468442721	0	0	0
2	africaeurope_30gen10gen_rep3	1	26.5093860031481	24.3212900387346	28.6974819675615	-483.289394581336	-6.83735052197592	2	TRUE	29.7276249352699	0	0	0
2	africaeurope_30gen10gen_rep4	1	26.5093860031481	24.3212900387346	28.6974819675615	-483.289394581336	-6.39037085186323	2	TRUE	23.7571139657364	0	0	0
2	africaeurope_30gen10gen_rep5	1	26.5093860031481	24.3212900387346	28.6974819675615	-483.289394581336	-5.69446461711834	2	TRUE	24.5883495324157	0	0	0
2	africaeurope_30gen10gen_rep6	1	26.5093860031481	24.3212900387346	28.6974819675615	-483.289394581336	-8.28354810694987	2	TRUE	21.7898923683808	0	0	0
2	africaeurope_30gen10gen_rep7	1	26.5093860031481	24.3212900387346	28.6974819675615	-483.289394581336	-10.617884352877	2	TRUE	31.8371482454857	0	0	0
2	africaeurope_30gen10gen_rep8	1	26.5093860031481	24.3212900387346	28.6974819675615	-483.289394581336	-6.53740502591129	2	TRUE	27.5681421641105	0	0	0
2	africaeurope_30gen10gen_rep9	1	26.5093860031481	24.3212900387346	28.6974819675615	-483.289394581336	-7.94612294776789	2	TRUE	30.3907304729453	0	0	0
2	NewGTmethodsims_africaeurope_5050_30gen_0.5percent_rep10	1	26.5093860031481	24.3212900387346	28.6974819675615	-483.289394581336	-7.5628567435652	2	TRUE	30.751676322438	10	10	10
2	NewGTmethodsims_africaeurope_5050_30gen_0.5percent_rep11	2	40.9365851712879	38.6624674152801	43.2107029272957	-483.289394581336	-7.18658532769945	2	TRUE	37.3760090427085	10	10	10
2	NewGTmethodsims_africaeurope_5050_30gen_0.5percent_rep12	2	40.9365851712879	38.6624674152801	43.2107029272957	-483.289394581336	-7.26847435321961	2	TRUE	44.3948292721088	10	10	10
2	NewGTmethodsims_africaeurope_5050_30gen_0.5percent_rep13	2	40.9365851712879	38.6624674152801	43.2107029272957	-483.289394581336	-6.83129954314605	2	TRUE	42.5610435239635	10	10	10
2	NewGTmethodsims_africaeurope_5050_30gen_0.5percent_rep14	2	40.9365851712879	38.6624674152801	43.2107029272957	-483.289394581336	-9.89931539352076	2	TRUE	40.3193215570932	10	10	10
2	NewGTmethodsims_africaeurope_5050_30gen_0.5percent_rep15	2	40.9365851712879	38.6624674152801	43.2107029272957	-483.289394581336	-12.3819826278456	2	TRUE	34.8665494812942	10	10	10
2	NewGTmethodsims_africaeurope_5050_30gen_0.5percent_rep16	2	40.9365851712879	38.6624674152801	43.2107029272957	-483.289394581336	-5.41500800338355	2	TRUE	39.9872283599444	10	10	10
2	NewGTmethodsims_africaeurope_5050_30gen_0.5percent_rep17	2	40.9365851712879	38.6624674152801	43.2107029272957	-483.289394581336	-6.27800960662148	2	TRUE	40.9290658306171	10	10	10
2	NewGTmethodsims_africaeurope_5050_30gen_0.5percent_rep18	1	26.5093860031481	24.3212900387346	28.6974819675615	-483.289394581336	-13.735402433706	2	TRUE	32.1368245438712	10	10	10
2	NewGTmethodsims_africaeurope_5050_30gen_0.5percent_rep19	2	40.9365851712879	38.6624674152801	43.2107029272957	-483.289394581336	-5.9183675705017	2	TRUE	40.4264675013276	10	10	10
2	NewGTmethodsims_africaeurope_5050_30gen_0.5percent_rep1	2	40.9365851712879	38.6624674152801	43.2107029272957	-483.289394581336	-5.54520837024899	2	TRUE	42.0815955511866	10	10	10
2	NewGTmethodsims_africaeurope_5050_30gen_0.5percent_rep20	2	40.9365851712879	38.6624674152801	43.2107029272957	-483.289394581336	-5.41714650907859	2	TRUE	39.9872283599444	10	10	10
2	NewGTmethodsims_africaeurope_5050_30gen_0.5percent_rep21	2	40.9365851712879	38.6624674152801	43.2107029272957	-483.289394581336	-10.6377285155288	2	TRUE	48.1039211638136	10	10	10
2	NewGTmethodsims_africaeurope_5050_30gen_0.5percent_rep22	2	40.9365851712879	38.6624674152801	43.2107029272957	-483.289394581336	-14.2337085376126	2	TRUE	47.8501285497962	10	10	10
2	NewGTmethodsims_africaeurope_5050_30gen_0.5percent_rep23	1	26.5093860031481	24.3212900387346	28.6974819675615	-483.289394581336	-9.40323054100104	2	TRUE	31.5502414322623	10	10	10
2	NewGTmethodsims_africaeurope_5050_30gen_0.5percent_rep24	2	40.9365851712879	38.6624674152801	43.2107029272957	-483.289394581336	-7.2067075374578	2	TRUE	43.7820061857347	10	10	10
2	NewGTmethodsims_africaeurope_5050_30gen_0.5percent_rep25	2	40.9365851712879	38.6624674152801	43.2107029272957	-483.289394581336	-10.476063557519	2	TRUE	46.3848524830887	10	10	10
2	NewGTmethodsims_africaeurope_5050_30gen_0.5percent_rep26	2	40.9365851712879	38.6624674152801	43.2107029272957	-483.289394581336	-5.98474115399359	2	TRUE	39.4691892217674	10	10	10
2	NewGTmethodsims_africaeurope_5050_30gen_0.5percent_rep27	2	40.9365851712879	38.6624674152801	43.2107029272957	-483.289394581336	-7.59565305738895	2	TRUE	38.9325969866615	10	10	10
2	NewGTmethodsims_africaeurope_5050_30gen_0.5percent_rep28	2	40.9365851712879	38.6624674152801	43.2107029272957	-483.289394581336	-11.11991819207	2	TRUE	48.5467888952854	10	10	10
2	NewGTmethodsims_africaeurope_5050_30gen_0.5percent_rep29	2	40.9365851712879	38.6624674152801	43.2107029272957	-483.289394581336	-12.5931268815891	2	TRUE	48.6949953280287	10	10	10
2	NewGTmethodsims_africaeurope_5050_30gen_0.5percent_rep2	2	40.9365851712879	38.6624674152801	43.2107029272957	-483.289394581336	-6.14756193434302	2	TRUE	40.3550151582005	10	10	10
2	NewGTmethodsims_africaeurope_5050_30gen_0.5percent_rep30	1	26.5093860031481	24.3212900387346	28.6974819675615	-483.289394581336	-8.87886147866772	2	TRUE	31.1785681195943	10	10	10
2	NewGTmethodsims_africaeurope_5050_30gen_0.5percent_rep3	2	40.9365851712879	38.6624674152801	43.2107029272957	-483.289394581336	-6.37531020066815	2	TRUE	38.5219779273923	10	10	10
2	NewGTmethodsims_africaeurope_5050_30gen_0.5percent_rep4	2	40.9365851712879	38.6624674152801	43.2107029272957	-483.289394581336	-5.94952526758588	2	TRUE	39.0720853939493	10	10	10
2	NewGTmethodsims_africaeurope_5050_30gen_0.5percent_rep5	2	40.9365851712879	38.6624674152801	43.2107029272957	-483.289394581336	-7.43535937747006	2	TRUE	44.7831194741508	10	10	10
2	NewGTmethodsims_africaeurope_5050_30gen_0.5percent_rep6	2	40.9365851712879	38.6624674152801	43.2107029272957	-483.289394581336	-5.30168859602393	2	TRUE	40.6054783478016	10	10	10
2	NewGTmethodsims_africaeurope_5050_30gen_0.5percent_rep7	2	40.9365851712879	38.6624674152801	43.2107029272957	-483.289394581336	-7.07990144314839	2	TRUE	38.3666249937074	10	10	10
2	NewGTmethodsims_africaeurope_5050_30gen_0.5percent_rep8	1	26.5093860031481	24.3212900387346	28.6974819675615	-483.289394581336	-11.280586911466	2	TRUE	31.910238816736	10	10	10
2	NewGTmethodsims_africaeurope_5050_30gen_0.5percent_rep9	2	40.9365851712879	38.6624674152801	43.2107029272957	-483.289394581336	-6.72402837459929	2	TRUE	42.1673801013756	10	10	10
3	africaeurope_30gen10gen_rep10	2	30.8448418587795	27.9277144452174	33.7619692723417	-426.569767489793	-6.98987306391643	2	FALSE	27.7837043003729	0	0	0
3	africaeurope_30gen10gen_rep11	1	23.4003844948824	20.4032334278277	26.3975355619372	-426.569767489793	-6.75383178845876	2	FALSE	19.868628288066	0	0	0
3	africaeurope_30gen10gen_rep12	2	30.8448418587795	27.9277144452174	33.7619692723417	-426.569767489793	-5.92163582976216	2	FALSE	29.0953672386001	0	0	0
3	africaeurope_30gen10gen_rep13	1	23.4003844948824	20.4032334278277	26.3975355619372	-426.569767489793	-5.13761791148258	2	FALSE	23.0708526709491	0	0	0
3	africaeurope_30gen10gen_rep14	1	23.4003844948824	20.4032334278277	26.3975355619372	-426.569767489793	-7.95420218876493	2	FALSE	18.6441373653841	0	0	0
3	africaeurope_30gen10gen_rep15	1	23.4003844948824	20.4032334278277	26.3975355619372	-426.569767489793	-6.03278931322311	2	FALSE	25.0170249891561	0	0	0
3	africaeurope_30gen10gen_rep16	1	23.4003844948824	20.4032334278277	26.3975355619372	-426.569767489793	-7.23589225326503	2	FALSE	26.9826363416005	0	0	0
3	africaeurope_30gen10gen_rep17	1	23.4003844948824	20.4032334278277	26.3975355619372	-426.569767489793	-7.39062881609861	2	FALSE	19.1739200575435	0	0	0
3	africaeurope_30gen10gen_rep18	1	23.4003844948824	20.4032334278277	26.3975355619372	-426.569767489793	-5.63066971765639	2	FALSE	24.5670170898871	0	0	0
3	africaeurope_30gen10gen_rep19	2	30.8448418587795	27.9277144452174	33.7619692723417	-426.569767489793	-11.4092004023014	2	FALSE	35.6568955480856	0	0	0
3	africaeurope_30gen10gen_rep1	2	30.8448418587795	27.9277144452174	33.7619692723417	-426.569767489793	-7.30279215119194	2	FALSE	34.3250485774908	0	0	0
3	africaeurope_30gen10gen_rep20	1	23.4003844948824	20.4032334278277	26.3975355619372	-426.569767489793	-7.37989090621416	2	FALSE	21.4309369444989	0	0	0
3	africaeurope_30gen10gen_rep21	1	23.4003844948824	20.4032334278277	26.3975355619372	-426.569767489793	-5.04020961269928	2	FALSE	23.5532614308884	0	0	0
3	africaeurope_30gen10gen_rep22	2	30.8448418587795	27.9277144452174	33.7619692723417	-426.569767489793	-9.09083377317039	2	FALSE	26.2709694599737	0	0	0
3	africaeurope_30gen10gen_rep23	2	30.8448418587795	27.9277144452174	33.7619692723417	-426.569767489793	-6.83185076195707	2	FALSE	28.0572382298157	0	0	0
3	africaeurope_30gen10gen_rep24	1	23.4003844948824	20.4032334278277	26.3975355619372	-426.569767489793	-5.71653338619289	2	FALSE	24.7379468442721	0	0	0
3	africaeurope_30gen10gen_rep25	1	23.4003844948824	20.4032334278277	26.3975355619372	-426.569767489793	-6.51073695381724	2	FALSE	26.7480313452522	0	0	0
3	africaeurope_30gen10gen_rep26	1	23.4003844948824	20.4032334278277	26.3975355619372	-426.569767489793	-5.56518176406527	2	FALSE	24.1200228703013	0	0	0
3	africaeurope_30gen10gen_rep27	2	30.8448418587795	27.9277144452174	33.7619692723417	-426.569767489793	-9.53525715965024	2	FALSE	25.6672760534327	0	0	0
3	africaeurope_30gen10gen_rep28	2	30.8448418587795	27.9277144452174	33.7619692723417	-426.569767489793	-6.75212327234034	2	FALSE	27.7837043003729	0	0	0
3	africaeurope_30gen10gen_rep29	1	23.4003844948824	20.4032334278277	26.3975355619372	-426.569767489793	-6.79763570564321	2	FALSE	27.1620971428959	0	0	0
3	africaeurope_30gen10gen_rep2	2	30.8448418587795	27.9277144452174	33.7619692723417	-426.569767489793	-7.44546757045972	2	FALSE	34.3504149313413	0	0	0
3	africaeurope_30gen10gen_rep30	1	23.4003844948824	20.4032334278277	26.3975355619372	-426.569767489793	-8.55814184359396	2	FALSE	24.7379468442721	0	0	0
3	africaeurope_30gen10gen_rep3	2	30.8448418587795	27.9277144452174	33.7619692723417	-426.569767489793	-6.07256652682866	2	FALSE	29.7276249352699	0	0	0
3	africaeurope_30gen10gen_rep4	1	23.4003844948824	20.4032334278277	26.3975355619372	-426.569767489793	-5.37468262136672	2	FALSE	23.7571139657364	0	0	0
3	africaeurope_30gen10gen_rep5	1	23.4003844948824	20.4032334278277	26.3975355619372	-426.569767489793	-5.1171768325888	2	FALSE	24.5883495324157	0	0	0
3	africaeurope_30gen10gen_rep6	1	23.4003844948824	20.4032334278277	26.3975355619372	-426.569767489793	-5.27660836026219	2	FALSE	21.7898923683808	0	0	0
3	africaeurope_30gen10gen_rep7	2	30.8448418587795	27.9277144452174	33.7619692723417	-426.569767489793	-5.7157078503449	2	FALSE	31.8371482454857	0	0	0
3	africaeurope_30gen10gen_rep8	2	30.8448418587795	27.9277144452174	33.7619692723417	-426.569767489793	-7.26789274827986	2	FALSE	27.5681421641105	0	0	0
3	africaeurope_30gen10gen_rep9	2	30.8448418587795	27.9277144452174	33.7619692723417	-426.569767489793	-6.67152865654374	2	FALSE	30.3907304729453	0	0	0
3	NewGTmethodsims_africaeurope_5050_30gen_0.5percent_rep10	2	30.8448418587795	27.9277144452174	33.7619692723417	-426.569767489793	-5.56082518329972	2	FALSE	30.751676322438	10	10	10
3	NewGTmethodsims_africaeurope_5050_30gen_0.5percent_rep11	3	41.6560193883063	39.2545087087716	44.057530067841	-426.569767489793	-7.75191999021443	2	FALSE	37.3760090427085	10	10	10
3	NewGTmethodsims_africaeurope_5050_30gen_0.5percent_rep12	3	41.6560193883063	39.2545087087716	44.057530067841	-426.569767489793	-6.81254554663599	2	FALSE	44.3948292721088	10	10	10
3	NewGTmethodsims_africaeurope_5050_30gen_0.5percent_rep13	3	41.6560193883063	39.2545087087716	44.057530067841	-426.569767489793	-6.74837421284648	2	FALSE	42.5610435239635	10	10	10
3	NewGTmethodsims_africaeurope_5050_30gen_0.5percent_rep14	3	41.6560193883063	39.2545087087716	44.057530067841	-426.569767489793	-10.600766361654	2	FALSE	40.3193215570932	10	10	10
3	NewGTmethodsims_africaeurope_5050_30gen_0.5percent_rep15	2	30.8448418587795	27.9277144452174	33.7619692723417	-426.569767489793	-8.69439459989492	2	FALSE	34.8665494812942	10	10	10
3	NewGTmethodsims_africaeurope_5050_30gen_0.5percent_rep16	3	41.6560193883063	39.2545087087716	44.057530067841	-426.569767489793	-5.59199631277189	2	FALSE	39.9872283599444	10	10	10
3	NewGTmethodsims_africaeurope_5050_30gen_0.5percent_rep17	3	41.6560193883063	39.2545087087716	44.057530067841	-426.569767489793	-6.33070641868315	2	FALSE	40.9290658306171	10	10	10
3	NewGTmethodsims_africaeurope_5050_30gen_0.5percent_rep18	2	30.8448418587795	27.9277144452174	33.7619692723417	-426.569767489793	-6.41979675518359	2	FALSE	32.1368245438712	10	10	10
3	NewGTmethodsims_africaeurope_5050_30gen_0.5percent_rep19	3	41.6560193883063	39.2545087087716	44.057530067841	-426.569767489793	-5.99209855790975	2	FALSE	40.4264675013276	10	10	10
3	NewGTmethodsims_africaeurope_5050_30gen_0.5percent_rep1	3	41.6560193883063	39.2545087087716	44.057530067841	-426.569767489793	-5.23969543843007	2	FALSE	42.0815955511866	10	10	10
3	NewGTmethodsims_africaeurope_5050_30gen_0.5percent_rep20	3	41.6560193883063	39.2545087087716	44.057530067841	-426.569767489793	-5.59108005564777	2	FALSE	39.9872283599444	10	10	10
3	NewGTmethodsims_africaeurope_5050_30gen_0.5percent_rep21	3	41.6560193883063	39.2545087087716	44.057530067841	-426.569767489793	-10.2231773181799	2	FALSE	48.1039211638136	10	10	10
3	NewGTmethodsims_africaeurope_5050_30gen_0.5percent_rep22	3	41.6560193883063	39.2545087087716	44.057530067841	-426.569767489793	-12.3279493977754	2	FALSE	47.8501285497962	10	10	10
3	NewGTmethodsims_africaeurope_5050_30gen_0.5percent_rep23	2	30.8448418587795	27.9277144452174	33.7619692723417	-426.569767489793	-7.43516067230783	2	FALSE	31.5502414322623	10	10	10
3	NewGTmethodsims_africaeurope_5050_30gen_0.5percent_rep24	3	41.6560193883063	39.2545087087716	44.057530067841	-426.569767489793	-6.96033251513782	2	FALSE	43.7820061857347	10	10	10
3	NewGTmethodsims_africaeurope_5050_30gen_0.5percent_rep25	3	41.6560193883063	39.2545087087716	44.057530067841	-426.569767489793	-9.04710461742707	2	FALSE	46.3848524830887	10	10	10
3	NewGTmethodsims_africaeurope_5050_30gen_0.5percent_rep26	3	41.6560193883063	39.2545087087716	44.057530067841	-426.569767489793	-6.55256321490308	2	FALSE	39.4691892217674	10	10	10
3	NewGTmethodsims_africaeurope_5050_30gen_0.5percent_rep27	3	41.6560193883063	39.2545087087716	44.057530067841	-426.569767489793	-8.83466701673353	2	FALSE	38.9325969866615	10	10	10
3	NewGTmethodsims_africaeurope_5050_30gen_0.5percent_rep28	3	41.6560193883063	39.2545087087716	44.057530067841	-426.569767489793	-10.5006339339835	2	FALSE	48.5467888952854	10	10	10
3	NewGTmethodsims_africaeurope_5050_30gen_0.5percent_rep29	3	41.6560193883063	39.2545087087716	44.057530067841	-426.569767489793	-11.3025387413237	2	FALSE	48.6949953280287	10	10	10
3	NewGTmethodsims_africaeurope_5050_30gen_0.5percent_rep2	3	41.6560193883063	39.2545087087716	44.057530067841	-426.569767489793	-6.25586545925525	2	FALSE	40.3550151582005	10	10	10
3	NewGTmethodsims_africaeurope_5050_30gen_0.5percent_rep30	2	30.8448418587795	27.9277144452174	33.7619692723417	-426.569767489793	-5.48023955073948	2	FALSE	31.1785681195943	10	10	10
3	NewGTmethodsims_africaeurope_5050_30gen_0.5percent_rep3	3	41.6560193883063	39.2545087087716	44.057530067841	-426.569767489793	-6.75306800493024	2	FALSE	38.5219779273923	10	10	10
3	NewGTmethodsims_africaeurope_5050_30gen_0.5percent_rep4	3	41.6560193883063	39.2545087087716	44.057530067841	-426.569767489793	-6.45371591539768	2	FALSE	39.0720853939493	10	10	10
3	NewGTmethodsims_africaeurope_5050_30gen_0.5percent_rep5	3	41.6560193883063	39.2545087087716	44.057530067841	-426.569767489793	-6.68152891399167	2	FALSE	44.7831194741508	10	10	10
3	NewGTmethodsims_africaeurope_5050_30gen_0.5percent_rep6	3	41.6560193883063	39.2545087087716	44.057530067841	-426.569767489793	-5.38308257433339	2	FALSE	40.6054783478016	10	10	10
3	NewGTmethodsims_africaeurope_5050_30gen_0.5percent_rep7	3	41.6560193883063	39.2545087087716	44.057530067841	-426.569767489793	-8.04055311924563	2	FALSE	38.3666249937074	10	10	10
3	NewGTmethodsims_africaeurope_5050_30gen_0.5percent_rep8	2	30.8448418587795	27.9277144452174	33.7619692723417	-426.569767489793	-5.8412801245129	2	FALSE	31.910238816736	10	10	10
3	NewGTmethodsims_africaeurope_5050_30gen_0.5percent_rep9	3	41.6560193883063	39.2545087087716	44.057530067841	-426.569767489793	-6.68294722430311	2	FALSE	42.1673801013756	10	10	10
4	africaeurope_30gen10gen_rep10	2	29.8593459201752	27.0601553614269	32.6585364789236	-392.716634642131	-6.45726921926354	2	FALSE	27.7837043003729	0	0	0
4	africaeurope_30gen10gen_rep11	1	22.6882359331029	19.3759244331306	26.0005474330753	-392.716634642131	-5.86905225748019	2	FALSE	19.868628288066	0	0	0
4	africaeurope_30gen10gen_rep12	2	29.8593459201752	27.0601553614269	32.6585364789236	-392.716634642131	-5.58468847597181	2	FALSE	29.0953672386001	0	0	0
4	africaeurope_30gen10gen_rep13	1	22.6882359331029	19.3759244331306	26.0005474330753	-392.716634642131	-4.88235655790087	2	FALSE	23.0708526709491	0	0	0
4	africaeurope_30gen10gen_rep14	1	22.6882359331029	19.3759244331306	26.0005474330753	-392.716634642131	-6.97526304797073	2	FALSE	18.6441373653841	0	0	0
4	africaeurope_30gen10gen_rep15	1	22.6882359331029	19.3759244331306	26.0005474330753	-392.716634642131	-6.53460208124294	2	FALSE	25.0170249891561	0	0	0
4	africaeurope_30gen10gen_rep16	2	29.8593459201752	27.0601553614269	32.6585364789236	-392.716634642131	-6.81437784460037	2	FALSE	26.9826363416005	0	0	0
4	africaeurope_30gen10gen_rep17	1	22.6882359331029	19.3759244331306	26.0005474330753	-392.716634642131	-6.4505504838035	2	FALSE	19.1739200575435	0	0	0
4	africaeurope_30gen10gen_rep18	1	22.6882359331029	19.3759244331306	26.0005474330753	-392.716634642131	-5.78284362576439	2	FALSE	24.5670170898871	0	0	0
4	africaeurope_30gen10gen_rep19	2	29.8593459201752	27.0601553614269	32.6585364789236	-392.716634642131	-11.7542656499351	2	FALSE	35.6568955480856	0	0	0
4	africaeurope_30gen10gen_rep1	2	29.8593459201752	27.0601553614269	32.6585364789236	-392.716634642131	-7.89790297231229	2	FALSE	34.3250485774908	0	0	0
4	africaeurope_30gen10gen_rep20	1	22.6882359331029	19.3759244331306	26.0005474330753	-392.716634642131	-7.88542529489203	2	FALSE	21.4309369444989	0	0	0
4	africaeurope_30gen10gen_rep21	1	22.6882359331029	19.3759244331306	26.0005474330753	-392.716634642131	-5.04373451910585	2	FALSE	23.5532614308884	0	0	0
4	africaeurope_30gen10gen_rep22	2	29.8593459201752	27.0601553614269	32.6585364789236	-392.716634642131	-8.65256195698097	2	FALSE	26.2709694599737	0	0	0
4	africaeurope_30gen10gen_rep23	2	29.8593459201752	27.0601553614269	32.6585364789236	-392.716634642131	-6.14310258341427	2	FALSE	28.0572382298157	0	0	0
4	africaeurope_30gen10gen_rep24	1	22.6882359331029	19.3759244331306	26.0005474330753	-392.716634642131	-5.9152475166068	2	FALSE	24.7379468442721	0	0	0
4	africaeurope_30gen10gen_rep25	2	29.8593459201752	27.0601553614269	32.6585364789236	-392.716634642131	-6.76044734039325	2	FALSE	26.7480313452522	0	0	0
4	africaeurope_30gen10gen_rep26	1	22.6882359331029	19.3759244331306	26.0005474330753	-392.716634642131	-5.85174722041451	2	FALSE	24.1200228703013	0	0	0
4	africaeurope_30gen10gen_rep27	2	29.8593459201752	27.0601553614269	32.6585364789236	-392.716634642131	-9.07583921445705	2	FALSE	25.6672760534327	0	0	0
4	africaeurope_30gen10gen_rep28	2	29.8593459201752	27.0601553614269	32.6585364789236	-392.716634642131	-6.10974507646713	2	FALSE	27.7837043003729	0	0	0
4	africaeurope_30gen10gen_rep29	2	29.8593459201752	27.0601553614269	32.6585364789236	-392.716634642131	-6.46580271978354	2	FALSE	27.1620971428959	0	0	0
4	africaeurope_30gen10gen_rep2	2	29.8593459201752	27.0601553614269	32.6585364789236	-392.716634642131	-7.98840819000978	2	FALSE	34.3504149313413	0	0	0
4	africaeurope_30gen10gen_rep30	2	29.8593459201752	27.0601553614269	32.6585364789236	-392.716634642131	-8.7836973369915	2	FALSE	24.7379468442721	0	0	0
4	africaeurope_30gen10gen_rep3	2	29.8593459201752	27.0601553614269	32.6585364789236	-392.716634642131	-5.8846556526756	2	FALSE	29.7276249352699	0	0	0
4	africaeurope_30gen10gen_rep4	1	22.6882359331029	19.3759244331306	26.0005474330753	-392.716634642131	-5.55132669251023	2	FALSE	23.7571139657364	0	0	0
4	africaeurope_30gen10gen_rep5	1	22.6882359331029	19.3759244331306	26.0005474330753	-392.716634642131	-5.24857344394865	2	FALSE	24.5883495324157	0	0	0
4	africaeurope_30gen10gen_rep6	1	22.6882359331029	19.3759244331306	26.0005474330753	-392.716634642131	-4.8439889667528	2	FALSE	21.7898923683808	0	0	0
4	africaeurope_30gen10gen_rep7	2	29.8593459201752	27.0601553614269	32.6585364789236	-392.716634642131	-6.40214955650919	2	FALSE	31.8371482454857	0	0	0
4	africaeurope_30gen10gen_rep8	2	29.8593459201752	27.0601553614269	32.6585364789236	-392.716634642131	-6.73909652044591	2	FALSE	27.5681421641105	0	0	0
4	africaeurope_30gen10gen_rep9	2	29.8593459201752	27.0601553614269	32.6585364789236	-392.716634642131	-6.59533977792507	2	FALSE	30.3907304729453	0	0	0
4	NewGTmethodsims_africaeurope_5050_30gen_0.5percent_rep10	2	29.8593459201752	27.0601553614269	32.6585364789236	-392.716634642131	-5.64269278874366	2	FALSE	30.751676322438	10	10	10
4	NewGTmethodsims_africaeurope_5050_30gen_0.5percent_rep11	3	39.2006412649858	36.3774319780947	42.0238505518768	-392.716634642131	-6.21145041655922	2	FALSE	37.3760090427085	10	10	10
4	NewGTmethodsims_africaeurope_5050_30gen_0.5percent_rep12	4	45.7893908848651	41.6369668886488	49.9418148810815	-392.716634642131	-5.97514427987127	2	FALSE	44.3948292721088	10	10	10
4	NewGTmethodsims_africaeurope_5050_30gen_0.5percent_rep13	4	45.7893908848651	41.6369668886488	49.9418148810815	-392.716634642131	-7.02733128002421	2	FALSE	42.5610435239635	10	10	10
4	NewGTmethodsims_africaeurope_5050_30gen_0.5percent_rep14	4	45.7893908848651	41.6369668886488	49.9418148810815	-392.716634642131	-10.6811017125744	2	FALSE	40.3193215570932	10	10	10
4	NewGTmethodsims_africaeurope_5050_30gen_0.5percent_rep15	3	39.2006412649858	36.3774319780947	42.0238505518768	-392.716634642131	-8.1902507995863	2	FALSE	34.8665494812942	10	10	10
4	NewGTmethodsims_africaeurope_5050_30gen_0.5percent_rep16	3	39.2006412649858	36.3774319780947	42.0238505518768	-392.716634642131	-4.77577862769313	2	FALSE	39.9872283599444	10	10	10
4	NewGTmethodsims_africaeurope_5050_30gen_0.5percent_rep17	3	39.2006412649858	36.3774319780947	42.0238505518768	-392.716634642131	-7.31734937946941	2	FALSE	40.9290658306171	10	10	10
4	NewGTmethodsims_africaeurope_5050_30gen_0.5percent_rep18	2	29.8593459201752	27.0601553614269	32.6585364789236	-392.716634642131	-7.58569311937478	2	FALSE	32.1368245438712	10	10	10
4	NewGTmethodsims_africaeurope_5050_30gen_0.5percent_rep19	3	39.2006412649858	36.3774319780947	42.0238505518768	-392.716634642131	-6.36296058955763	2	FALSE	40.4264675013276	10	10	10
4	NewGTmethodsims_africaeurope_5050_30gen_0.5percent_rep1	3	39.2006412649858	36.3774319780947	42.0238505518768	-392.716634642131	-6.17182224646596	2	FALSE	42.0815955511866	10	10	10
4	NewGTmethodsims_africaeurope_5050_30gen_0.5percent_rep20	3	39.2006412649858	36.3774319780947	42.0238505518768	-392.716634642131	-4.78845843963873	2	FALSE	39.9872283599444	10	10	10
4	NewGTmethodsims_africaeurope_5050_30gen_0.5percent_rep21	4	45.7893908848651	41.6369668886488	49.9418148810815	-392.716634642131	-7.27201233390021	2	FALSE	48.1039211638136	10	10	10
4	NewGTmethodsims_africaeurope_5050_30gen_0.5percent_rep22	4	45.7893908848651	41.6369668886488	49.9418148810815	-392.716634642131	-6.87223567144978	2	FALSE	47.8501285497962	10	10	10
4	NewGTmethodsims_africaeurope_5050_30gen_0.5percent_rep23	2	29.8593459201752	27.0601553614269	32.6585364789236	-392.716634642131	-7.50241154183896	2	FALSE	31.5502414322623	10	10	10
4	NewGTmethodsims_africaeurope_5050_30gen_0.5percent_rep24	4	45.7893908848651	41.6369668886488	49.9418148810815	-392.716634642131	-6.45259183387582	2	FALSE	43.7820061857347	10	10	10
4	NewGTmethodsims_africaeurope_5050_30gen_0.5percent_rep25	4	45.7893908848651	41.6369668886488	49.9418148810815	-392.716634642131	-5.95466519256732	2	FALSE	46.3848524830887	10	10	10
4	NewGTmethodsims_africaeurope_5050_30gen_0.5percent_rep26	3	39.2006412649858	36.3774319780947	42.0238505518768	-392.716634642131	-4.7921853985167	2	FALSE	39.4691892217674	10	10	10
4	NewGTmethodsims_africaeurope_5050_30gen_0.5percent_rep27	3	39.2006412649858	36.3774319780947	42.0238505518768	-392.716634642131	-6.10080744699708	2	FALSE	38.9325969866615	10	10	10
4	NewGTmethodsims_africaeurope_5050_30gen_0.5percent_rep28	4	45.7893908848651	41.6369668886488	49.9418148810815	-392.716634642131	-7.06211547279361	2	FALSE	48.5467888952854	10	10	10
4	NewGTmethodsims_africaeurope_5050_30gen_0.5percent_rep29	4	45.7893908848651	41.6369668886488	49.9418148810815	-392.716634642131	-6.54428193747921	2	FALSE	48.6949953280287	10	10	10
4	NewGTmethodsims_africaeurope_5050_30gen_0.5percent_rep2	3	39.2006412649858	36.3774319780947	42.0238505518768	-392.716634642131	-6.82275635458492	2	FALSE	40.3550151582005	10	10	10
4	NewGTmethodsims_africaeurope_5050_30gen_0.5percent_rep30	2	29.8593459201752	27.0601553614269	32.6585364789236	-392.716634642131	-5.84386835540203	2	FALSE	31.1785681195943	10	10	10
4	NewGTmethodsims_africaeurope_5050_30gen_0.5percent_rep3	3	39.2006412649858	36.3774319780947	42.0238505518768	-392.716634642131	-5.80900922587123	2	FALSE	38.5219779273923	10	10	10
4	NewGTmethodsims_africaeurope_5050_30gen_0.5percent_rep4	3	39.2006412649858	36.3774319780947	42.0238505518768	-392.716634642131	-4.55989550462565	2	FALSE	39.0720853939493	10	10	10
4	NewGTmethodsims_africaeurope_5050_30gen_0.5percent_rep5	4	45.7893908848651	41.6369668886488	49.9418148810815	-392.716634642131	-5.66102311012427	2	FALSE	44.7831194741508	10	10	10
4	NewGTmethodsims_africaeurope_5050_30gen_0.5percent_rep6	3	39.2006412649858	36.3774319780947	42.0238505518768	-392.716634642131	-4.96031579360054	2	FALSE	40.6054783478016	10	10	10
4	NewGTmethodsims_africaeurope_5050_30gen_0.5percent_rep7	3	39.2006412649858	36.3774319780947	42.0238505518768	-392.716634642131	-4.96274955383455	2	FALSE	38.3666249937074	10	10	10
4	NewGTmethodsims_africaeurope_5050_30gen_0.5percent_rep8	2	29.8593459201752	27.0601553614269	32.6585364789236	-392.716634642131	-6.63459204122947	2	FALSE	31.910238816736	10	10	10
4	NewGTmethodsims_africaeurope_5050_30gen_0.5percent_rep9	4	45.7893908848651	41.6369668886488	49.9418148810815	-392.716634642131	-7.23502239735117	2	FALSE	42.1673801013756	10	10	10
