africaeurope_30gen30gen_rep10 0 0 44.4009244560869 9.94779510618546
africaeurope_30gen30gen_rep11 0 0 50.1366412245933 13.3880566409199
africaeurope_30gen30gen_rep12 0 0 45.2152193385826 9.0327908006907
africaeurope_30gen30gen_rep13 0 0 33.9457113303989 7.73378442201
africaeurope_30gen30gen_rep14 0 0 51.0442678117109 11.978322716657
africaeurope_30gen30gen_rep15 0 0 52.5894622620733 13.0409809858154
africaeurope_30gen30gen_rep16 0 0 46.7871939902988 6.51863104226618
africaeurope_30gen30gen_rep17 0 0 40.662077176257 8.73487200998034
africaeurope_30gen30gen_rep18 0 0 41.5523942167126 8.45507955679402
africaeurope_30gen30gen_rep19 0 0 45.5274176231243 9.52925701113969
africaeurope_30gen30gen_rep1 0 0 43.2888639384173 13.7199507897382
africaeurope_30gen30gen_rep20 0 0 51.6678663805617 11.1199510579069
africaeurope_30gen30gen_rep21 0 0 32.3024232445423 9.35608371871653
africaeurope_30gen30gen_rep22 0 0 37.5440712103208 10.6466053939826
africaeurope_30gen30gen_rep23 0 0 45.5274176231243 16.6707809676521
africaeurope_30gen30gen_rep24 0 0 36.3848524830887 12.0719827325731
africaeurope_30gen30gen_rep25 0 0 52.505337592393 17.0014290359521
africaeurope_30gen30gen_rep26 0 0 50.7545765659871 11.6698703660474
africaeurope_30gen30gen_rep27 0 0 58.1605078212944 9.06724279091923
africaeurope_30gen30gen_rep28 0 0 60.3514818147144 12.760760904498
africaeurope_30gen30gen_rep29 0 0 44.1311746355301 15.7673769325846
africaeurope_30gen30gen_rep2 0 0 47.3438720880321 11.6484453074131
africaeurope_30gen30gen_rep30 0 0 45.5274176231243 14.7993046193672
africaeurope_30gen30gen_rep3 0 0 41.5803758575685 8.29063410113443
africaeurope_30gen30gen_rep4 0 0 40.1931156840785 11.8153391365693
africaeurope_30gen30gen_rep5 0 0 67.076349903777 15.2562780524172
africaeurope_30gen30gen_rep6 0 0 53.3496733223541 14.2926800271241
africaeurope_30gen30gen_rep7 0 0 61.7132305987066 15.640431990258
africaeurope_30gen30gen_rep8 0 0 47.903913799649 8.7364897520842
africaeurope_30gen30gen_rep9 0 0 46.0764074605523 11.3068096379954
NewGTmethodsims_africaeurope_5050_60gen_0.5percent_rep10 0 0 67.12398107895 21.8782977501845
NewGTmethodsims_africaeurope_5050_60gen_0.5percent_rep11 0 0 53.9447927216141 10.4370546469826
NewGTmethodsims_africaeurope_5050_60gen_0.5percent_rep12 0 0 73.0140207956612 21.3357694747493
NewGTmethodsims_africaeurope_5050_60gen_0.5percent_rep13 0 0 50.9614130778846 10.7391671969458
NewGTmethodsims_africaeurope_5050_60gen_0.5percent_rep14 0 0 70.013256759768 16.7000107626211
NewGTmethodsims_africaeurope_5050_60gen_0.5percent_rep15 0 0 66.387626364332 10.408221248785
NewGTmethodsims_africaeurope_5050_60gen_0.5percent_rep16 0 0 66.9335593460303 14.0518239555096
NewGTmethodsims_africaeurope_5050_60gen_0.5percent_rep17 0 0 39.8090062619898 16.6346026814154
NewGTmethodsims_africaeurope_5050_60gen_0.5percent_rep18 0 0 49.0340880645335 13.6469083876699
NewGTmethodsims_africaeurope_5050_60gen_0.5percent_rep19 0 0 72.6168397766729 16.9376803107975
NewGTmethodsims_africaeurope_5050_60gen_0.5percent_rep1 0 0 38.2244427087469 9.25040986641904
NewGTmethodsims_africaeurope_5050_60gen_0.5percent_rep20 0 0 52.4212815678941 14.6386697765935
NewGTmethodsims_africaeurope_5050_60gen_0.5percent_rep21 0 0 56.4025047282615 17.5570756019742
NewGTmethodsims_africaeurope_5050_60gen_0.5percent_rep22 0 0 44.9429468076131 14.4370810906921
NewGTmethodsims_africaeurope_5050_60gen_0.5percent_rep23 0 0 65.7967951437412 15.2559111593623
NewGTmethodsims_africaeurope_5050_60gen_0.5percent_rep24 0 0 72.5177161348792 23.9185900540992
NewGTmethodsims_africaeurope_5050_60gen_0.5percent_rep25 0 0 65.3260608129926 16.9239710207347
NewGTmethodsims_africaeurope_5050_60gen_0.5percent_rep26 0 0 67.2669775722406 10.8506372792793
NewGTmethodsims_africaeurope_5050_60gen_0.5percent_rep27 0 0 48.2053197745935 18.6743673740132
NewGTmethodsims_africaeurope_5050_60gen_0.5percent_rep28 0 0 64.6231770597429 12.1473460837077
NewGTmethodsims_africaeurope_5050_60gen_0.5percent_rep29 0 0 37.9168316378772 12.6199181118342
NewGTmethodsims_africaeurope_5050_60gen_0.5percent_rep2 0 0 64.8570426117764 23.9562330760156
NewGTmethodsims_africaeurope_5050_60gen_0.5percent_rep30 0 0 71.7271982270554 12.7550317246721
NewGTmethodsims_africaeurope_5050_60gen_0.5percent_rep3 0 0 52.1066828471689 10.1753815280704
NewGTmethodsims_africaeurope_5050_60gen_0.5percent_rep4 0 0 44.9817913995799 19.3176948951037
NewGTmethodsims_africaeurope_5050_60gen_0.5percent_rep5 0 0 57.5861450087293 15.7216876583036
NewGTmethodsims_africaeurope_5050_60gen_0.5percent_rep6 0 0 51.501195880371 19.1249437429913
NewGTmethodsims_africaeurope_5050_60gen_0.5percent_rep7 0 0 63.0904245484907 13.8431509815939
NewGTmethodsims_africaeurope_5050_60gen_0.5percent_rep8 0 0 76.8804321289062 13.4730801758834
NewGTmethodsims_africaeurope_5050_60gen_0.5percent_rep9 0 0 57.0585381452755 18.702706794434
