africaeurope_30gen10gen_rep10 0 0 27.7837043003729 7.43741523178833
africaeurope_30gen10gen_rep11 0 0 19.868628288066 5.81938832031593
africaeurope_30gen10gen_rep12 0 0 29.0953672386001 5.67437781245366
africaeurope_30gen10gen_rep13 0 0 23.0708526709491 5.38984523078087
africaeurope_30gen10gen_rep14 0 0 18.6441373653841 6.1341135693761
africaeurope_30gen10gen_rep15 0 0 25.0170249891561 7.18789108903071
africaeurope_30gen10gen_rep16 0 0 26.9826363416005 7.43365486633004
africaeurope_30gen10gen_rep17 0 0 19.1739200575435 6.01049620594557
africaeurope_30gen10gen_rep18 0 0 24.5670170898871 5.169548185463
africaeurope_30gen10gen_rep19 0 0 35.6568955480856 14.1304189102372
africaeurope_30gen10gen_rep1 0 0 34.3250485774908 7.62510373771905
africaeurope_30gen10gen_rep20 0 0 21.4309369444989 8.17221533642652
africaeurope_30gen10gen_rep21 0 0 23.5532614308884 6.34070638829475
africaeurope_30gen10gen_rep22 0 0 26.2709694599737 10.1711414726017
africaeurope_30gen10gen_rep23 0 0 28.0572382298157 5.35186905037601
africaeurope_30gen10gen_rep24 0 0 24.7379468442721 5.1658947238748
africaeurope_30gen10gen_rep25 0 0 26.7480313452522 6.64008700643618
africaeurope_30gen10gen_rep26 0 0 24.1200228703013 6.9387795379195
africaeurope_30gen10gen_rep27 0 0 25.6672760534327 10.4970556510933
africaeurope_30gen10gen_rep28 0 0 27.7837043003729 6.4382935591878
africaeurope_30gen10gen_rep29 0 0 27.1620971428959 6.38448440546979
africaeurope_30gen10gen_rep2 0 0 34.3504149313413 7.94459618735682
africaeurope_30gen10gen_rep30 0 0 24.7379468442721 9.05360858695857
africaeurope_30gen10gen_rep3 0 0 29.7276249352699 7.11057535440024
africaeurope_30gen10gen_rep4 0 0 23.7571139657364 6.78156336789309
africaeurope_30gen10gen_rep5 0 0 24.5883495324157 6.04039597192013
africaeurope_30gen10gen_rep6 0 0 21.7898923683808 5.98433373349726
africaeurope_30gen10gen_rep7 0 0 31.8371482454857 5.16756081595656
africaeurope_30gen10gen_rep8 0 0 27.5681421641105 7.82336408378177
africaeurope_30gen10gen_rep9 0 0 30.3907304729453 8.21335442733148
