# CLUSTERING STRENGTH + LIKELIHOOD K SELECTION RESULTS (GLOBETROTTER)
# Recommended K: 1
# Method: GLOBETROTTER
# Clustering strength threshold: 0.78
# Likelihood thresholds: k1 to k2(k=2):0.69 k1 to k2(k=3):0.9 k2 to k3:0.43 k3 to k4:0.31
#
model_k	pop	cluster	joint_date_est_best	joint_date_lowerci	joint_date_upperci	likelihood_mean	likelihood_per_ind	recommended_k	is_recommended	ind_date_est	sample_age_est_best	sample_age_lowerci_mean	sample_age_upperci_mean
1	africaeurope_30gen30gen_rep10	1	45.5745928969186	41.7616518191308	49.3875339747064	-307.90181403528	-6.87696066360925	1	TRUE	44.4009244560869	0	NA	NA
1	africaeurope_30gen30gen_rep11	1	45.5745928969186	41.7616518191308	49.3875339747064	-307.90181403528	-8.56220616081802	1	TRUE	50.1366412245933	0	NA	NA
1	africaeurope_30gen30gen_rep12	1	45.5745928969186	41.7616518191308	49.3875339747064	-307.90181403528	-6.96330617095293	1	TRUE	45.2152193385826	0	NA	NA
1	africaeurope_30gen30gen_rep13	1	45.5745928969186	41.7616518191308	49.3875339747064	-307.90181403528	-19.2778202582327	1	TRUE	33.9457113303989	0	NA	NA
1	africaeurope_30gen30gen_rep14	1	45.5745928969186	41.7616518191308	49.3875339747064	-307.90181403528	-8.34695980984496	1	TRUE	51.0442678117109	0	NA	NA
1	africaeurope_30gen30gen_rep15	1	45.5745928969186	41.7616518191308	49.3875339747064	-307.90181403528	-9.24722736428161	1	TRUE	52.5894622620733	0	NA	NA
1	africaeurope_30gen30gen_rep16	1	45.5745928969186	41.7616518191308	49.3875339747064	-307.90181403528	-10.7453620894716	1	TRUE	46.7871939902988	0	NA	NA
1	africaeurope_30gen30gen_rep17	1	45.5745928969186	41.7616518191308	49.3875339747064	-307.90181403528	-8.66819886968499	1	TRUE	40.662077176257	0	NA	NA
1	africaeurope_30gen30gen_rep18	1	45.5745928969186	41.7616518191308	49.3875339747064	-307.90181403528	-8.38958149937446	1	TRUE	41.5523942167126	0	NA	NA
1	africaeurope_30gen30gen_rep19	1	45.5745928969186	41.7616518191308	49.3875339747064	-307.90181403528	-6.83370924765263	1	TRUE	45.5274176231243	0	NA	NA
1	africaeurope_30gen30gen_rep1	1	45.5745928969186	41.7616518191308	49.3875339747064	-307.90181403528	-8.30009635139488	1	TRUE	43.2888639384173	0	NA	NA
1	africaeurope_30gen30gen_rep20	1	45.5745928969186	41.7616518191308	49.3875339747064	-307.90181403528	-8.49957266766821	1	TRUE	51.6678663805617	0	NA	NA
1	africaeurope_30gen30gen_rep21	1	45.5745928969186	41.7616518191308	49.3875339747064	-307.90181403528	-16.9253087658583	1	TRUE	32.3024232445423	0	NA	NA
1	africaeurope_30gen30gen_rep22	1	45.5745928969186	41.7616518191308	49.3875339747064	-307.90181403528	-9.72716455756618	1	TRUE	37.5440712103208	0	NA	NA
1	africaeurope_30gen30gen_rep23	1	45.5745928969186	41.7616518191308	49.3875339747064	-307.90181403528	-9.90751310163233	1	TRUE	45.5274176231243	0	NA	NA
1	africaeurope_30gen30gen_rep24	1	45.5745928969186	41.7616518191308	49.3875339747064	-307.90181403528	-10.2411959858086	1	TRUE	36.3848524830887	0	NA	NA
1	africaeurope_30gen30gen_rep25	1	45.5745928969186	41.7616518191308	49.3875339747064	-307.90181403528	-10.9410639878338	1	TRUE	52.505337592393	0	NA	NA
1	africaeurope_30gen30gen_rep26	1	45.5745928969186	41.7616518191308	49.3875339747064	-307.90181403528	-8.16752112794435	1	TRUE	50.7545765659871	0	NA	NA
1	africaeurope_30gen30gen_rep27	1	45.5745928969186	41.7616518191308	49.3875339747064	-307.90181403528	-16.5768623338607	1	TRUE	58.1605078212944	0	NA	NA
1	africaeurope_30gen30gen_rep28	1	45.5745928969186	41.7616518191308	49.3875339747064	-307.90181403528	-14.3649556208799	1	TRUE	60.3514818147144	0	NA	NA
1	africaeurope_30gen30gen_rep29	1	45.5745928969186	41.7616518191308	49.3875339747064	-307.90181403528	-9.39852650804887	1	TRUE	44.1311746355301	0	NA	NA
1	africaeurope_30gen30gen_rep2	1	45.5745928969186	41.7616518191308	49.3875339747064	-307.90181403528	-7.28972359061902	1	TRUE	47.3438720880321	0	NA	NA
1	africaeurope_30gen30gen_rep30	1	45.5745928969186	41.7616518191308	49.3875339747064	-307.90181403528	-8.77772981537707	1	TRUE	45.5274176231243	0	NA	NA
1	africaeurope_30gen30gen_rep3	1	45.5745928969186	41.7616518191308	49.3875339747064	-307.90181403528	-8.54409992034317	1	TRUE	41.5803758575685	0	NA	NA
1	africaeurope_30gen30gen_rep4	1	45.5745928969186	41.7616518191308	49.3875339747064	-307.90181403528	-8.27567997076716	1	TRUE	40.1931156840785	0	NA	NA
1	africaeurope_30gen30gen_rep5	1	45.5745928969186	41.7616518191308	49.3875339747064	-307.90181403528	-18.980486696193	1	TRUE	67.076349903777	0	NA	NA
1	africaeurope_30gen30gen_rep6	1	45.5745928969186	41.7616518191308	49.3875339747064	-307.90181403528	-9.96290375934081	1	TRUE	53.3496733223541	0	NA	NA
1	africaeurope_30gen30gen_rep7	1	45.5745928969186	41.7616518191308	49.3875339747064	-307.90181403528	-14.6034396332872	1	TRUE	61.7132305987066	0	NA	NA
1	africaeurope_30gen30gen_rep8	1	45.5745928969186	41.7616518191308	49.3875339747064	-307.90181403528	-7.44129701065978	1	TRUE	47.903913799649	0	NA	NA
1	africaeurope_30gen30gen_rep9	1	45.5745928969186	41.7616518191308	49.3875339747064	-307.90181403528	-7.06534049627342	1	TRUE	46.0764074605523	0	NA	NA
2	africaeurope_30gen30gen_rep10	1	41.8016001793902	37.1266757431066	46.4765246156739	-259.189825529209	-6.93670057619511	1	FALSE	44.4009244560869	0	0	0
2	africaeurope_30gen30gen_rep11	2	53.0719601322715	46.4819511887452	59.6619690757977	-259.189825529209	-7.4931833156069	1	FALSE	50.1366412245933	0	0	0
2	africaeurope_30gen30gen_rep12	1	41.8016001793902	37.1266757431066	46.4765246156739	-259.189825529209	-6.95877644567896	1	FALSE	45.2152193385826	0	0	0
2	africaeurope_30gen30gen_rep13	1	41.8016001793902	37.1266757431066	46.4765246156739	-259.189825529209	-11.5723663067147	1	FALSE	33.9457113303989	0	0	0
2	africaeurope_30gen30gen_rep14	2	53.0719601322715	46.4819511887452	59.6619690757977	-259.189825529209	-7.28503462135635	1	FALSE	51.0442678117109	0	0	0
2	africaeurope_30gen30gen_rep15	2	53.0719601322715	46.4819511887452	59.6619690757977	-259.189825529209	-7.17791417973098	1	FALSE	52.5894622620733	0	0	0
2	africaeurope_30gen30gen_rep16	1	41.8016001793902	37.1266757431066	46.4765246156739	-259.189825529209	-10.9139167530628	1	FALSE	46.7871939902988	0	0	0
2	africaeurope_30gen30gen_rep17	1	41.8016001793902	37.1266757431066	46.4765246156739	-259.189825529209	-6.28298606749559	1	FALSE	40.662077176257	0	0	0
2	africaeurope_30gen30gen_rep18	1	41.8016001793902	37.1266757431066	46.4765246156739	-259.189825529209	-6.19805893678551	1	FALSE	41.5523942167126	0	0	0
2	africaeurope_30gen30gen_rep19	1	41.8016001793902	37.1266757431066	46.4765246156739	-259.189825529209	-7.16613267021573	1	FALSE	45.5274176231243	0	0	0
2	africaeurope_30gen30gen_rep1	1	41.8016001793902	37.1266757431066	46.4765246156739	-259.189825529209	-9.55896034931436	1	FALSE	43.2888639384173	0	0	0
2	africaeurope_30gen30gen_rep20	2	53.0719601322715	46.4819511887452	59.6619690757977	-259.189825529209	-7.52976961415456	1	FALSE	51.6678663805617	0	0	0
2	africaeurope_30gen30gen_rep21	1	41.8016001793902	37.1266757431066	46.4765246156739	-259.189825529209	-11.4911387993284	1	FALSE	32.3024232445423	0	0	0
2	africaeurope_30gen30gen_rep22	1	41.8016001793902	37.1266757431066	46.4765246156739	-259.189825529209	-7.81014392802537	1	FALSE	37.5440712103208	0	0	0
2	africaeurope_30gen30gen_rep23	2	53.0719601322715	46.4819511887452	59.6619690757977	-259.189825529209	-10.0393882995046	1	FALSE	45.5274176231243	0	0	0
2	africaeurope_30gen30gen_rep24	1	41.8016001793902	37.1266757431066	46.4765246156739	-259.189825529209	-9.08867655873508	1	FALSE	36.3848524830887	0	0	0
2	africaeurope_30gen30gen_rep25	2	53.0719601322715	46.4819511887452	59.6619690757977	-259.189825529209	-9.25758980893711	1	FALSE	52.505337592393	0	0	0
2	africaeurope_30gen30gen_rep26	2	53.0719601322715	46.4819511887452	59.6619690757977	-259.189825529209	-7.40893332518546	1	FALSE	50.7545765659871	0	0	0
2	africaeurope_30gen30gen_rep27	2	53.0719601322715	46.4819511887452	59.6619690757977	-259.189825529209	-11.9212742928705	1	FALSE	58.1605078212944	0	0	0
2	africaeurope_30gen30gen_rep28	2	53.0719601322715	46.4819511887452	59.6619690757977	-259.189825529209	-8.75542129552917	1	FALSE	60.3514818147144	0	0	0
2	africaeurope_30gen30gen_rep29	2	53.0719601322715	46.4819511887452	59.6619690757977	-259.189825529209	-10.0144536659521	1	FALSE	44.1311746355301	0	0	0
2	africaeurope_30gen30gen_rep2	2	53.0719601322715	46.4819511887452	59.6619690757977	-259.189825529209	-8.42728039993939	1	FALSE	47.3438720880321	0	0	0
2	africaeurope_30gen30gen_rep30	2	53.0719601322715	46.4819511887452	59.6619690757977	-259.189825529209	-9.13819108518098	1	FALSE	45.5274176231243	0	0	0
2	africaeurope_30gen30gen_rep3	1	41.8016001793902	37.1266757431066	46.4765246156739	-259.189825529209	-6.21555956643631	1	FALSE	41.5803758575685	0	0	0
2	africaeurope_30gen30gen_rep4	1	41.8016001793902	37.1266757431066	46.4765246156739	-259.189825529209	-7.96660069941725	1	FALSE	40.1931156840785	0	0	0
2	africaeurope_30gen30gen_rep5	2	53.0719601322715	46.4819511887452	59.6619690757977	-259.189825529209	-12.3069943061329	1	FALSE	67.076349903777	0	0	0
2	africaeurope_30gen30gen_rep6	2	53.0719601322715	46.4819511887452	59.6619690757977	-259.189825529209	-7.59071683041228	1	FALSE	53.3496733223541	0	0	0
2	africaeurope_30gen30gen_rep7	2	53.0719601322715	46.4819511887452	59.6619690757977	-259.189825529209	-9.85289194501262	1	FALSE	61.7132305987066	0	0	0
2	africaeurope_30gen30gen_rep8	1	41.8016001793902	37.1266757431066	46.4765246156739	-259.189825529209	-8.63744553961111	1	FALSE	47.903913799649	0	0	0
2	africaeurope_30gen30gen_rep9	1	41.8016001793902	37.1266757431066	46.4765246156739	-259.189825529209	-8.19332534668652	1	FALSE	46.0764074605523	0	0	0
3	africaeurope_30gen30gen_rep10	2	44.4102361938709	39.3747622626256	49.4457101251161	-242.877848929114	-6.77633872644255	1	FALSE	44.4009244560869	0	0	0
3	africaeurope_30gen30gen_rep11	3	55.1005229378513	47.6336413227507	62.5674045529519	-242.877848929114	-8.0187154594511	1	FALSE	50.1366412245933	0	0	0
3	africaeurope_30gen30gen_rep12	2	44.4102361938709	39.3747622626256	49.4457101251161	-242.877848929114	-6.69600943762368	1	FALSE	45.2152193385826	0	0	0
3	africaeurope_30gen30gen_rep13	1	34.6236005148905	25.26125813786	43.985942891921	-242.877848929114	-6.72745355180675	1	FALSE	33.9457113303989	0	0	0
3	africaeurope_30gen30gen_rep14	3	55.1005229378513	47.6336413227507	62.5674045529519	-242.877848929114	-7.60977889703693	1	FALSE	51.0442678117109	0	0	0
3	africaeurope_30gen30gen_rep15	3	55.1005229378513	47.6336413227507	62.5674045529519	-242.877848929114	-7.3984904101927	1	FALSE	52.5894622620733	0	0	0
3	africaeurope_30gen30gen_rep16	2	44.4102361938709	39.3747622626256	49.4457101251161	-242.877848929114	-9.10941088405686	1	FALSE	46.7871939902988	0	0	0
3	africaeurope_30gen30gen_rep17	2	44.4102361938709	39.3747622626256	49.4457101251161	-242.877848929114	-7.59145428872623	1	FALSE	40.662077176257	0	0	0
3	africaeurope_30gen30gen_rep18	2	44.4102361938709	39.3747622626256	49.4457101251161	-242.877848929114	-7.28700737035729	1	FALSE	41.5523942167126	0	0	0
3	africaeurope_30gen30gen_rep19	2	44.4102361938709	39.3747622626256	49.4457101251161	-242.877848929114	-6.76362066385573	1	FALSE	45.5274176231243	0	0	0
3	africaeurope_30gen30gen_rep1	2	44.4102361938709	39.3747622626256	49.4457101251161	-242.877848929114	-8.51015271114877	1	FALSE	43.2888639384173	0	0	0
3	africaeurope_30gen30gen_rep20	3	55.1005229378513	47.6336413227507	62.5674045529519	-242.877848929114	-7.65067389700214	1	FALSE	51.6678663805617	0	0	0
3	africaeurope_30gen30gen_rep21	1	34.6236005148905	25.26125813786	43.985942891921	-242.877848929114	-6.58357783175393	1	FALSE	32.3024232445423	0	0	0
3	africaeurope_30gen30gen_rep22	1	34.6236005148905	25.26125813786	43.985942891921	-242.877848929114	-7.24674819602876	1	FALSE	37.5440712103208	0	0	0
3	africaeurope_30gen30gen_rep23	2	44.4102361938709	39.3747622626256	49.4457101251161	-242.877848929114	-10.1812864742106	1	FALSE	45.5274176231243	0	0	0
3	africaeurope_30gen30gen_rep24	1	34.6236005148905	25.26125813786	43.985942891921	-242.877848929114	-8.05776280725462	1	FALSE	36.3848524830887	0	0	0
3	africaeurope_30gen30gen_rep25	3	55.1005229378513	47.6336413227507	62.5674045529519	-242.877848929114	-9.62275835275086	1	FALSE	52.505337592393	0	0	0
3	africaeurope_30gen30gen_rep26	3	55.1005229378513	47.6336413227507	62.5674045529519	-242.877848929114	-7.7447952777685	1	FALSE	50.7545765659871	0	0	0
3	africaeurope_30gen30gen_rep27	3	55.1005229378513	47.6336413227507	62.5674045529519	-242.877848929114	-9.91700070869511	1	FALSE	58.1605078212944	0	0	0
3	africaeurope_30gen30gen_rep28	3	55.1005229378513	47.6336413227507	62.5674045529519	-242.877848929114	-7.98369035469823	1	FALSE	60.3514818147144	0	0	0
3	africaeurope_30gen30gen_rep29	2	44.4102361938709	39.3747622626256	49.4457101251161	-242.877848929114	-9.64310225052574	1	FALSE	44.1311746355301	0	0	0
3	africaeurope_30gen30gen_rep2	2	44.4102361938709	39.3747622626256	49.4457101251161	-242.877848929114	-7.71864858913781	1	FALSE	47.3438720880321	0	0	0
3	africaeurope_30gen30gen_rep30	2	44.4102361938709	39.3747622626256	49.4457101251161	-242.877848929114	-9.11517661137711	1	FALSE	45.5274176231243	0	0	0
3	africaeurope_30gen30gen_rep3	2	44.4102361938709	39.3747622626256	49.4457101251161	-242.877848929114	-7.34102495589054	1	FALSE	41.5803758575685	0	0	0
3	africaeurope_30gen30gen_rep4	2	44.4102361938709	39.3747622626256	49.4457101251161	-242.877848929114	-8.11663421510549	1	FALSE	40.1931156840785	0	0	0
3	africaeurope_30gen30gen_rep5	3	55.1005229378513	47.6336413227507	62.5674045529519	-242.877848929114	-11.3807858471723	1	FALSE	67.076349903777	0	0	0
3	africaeurope_30gen30gen_rep6	3	55.1005229378513	47.6336413227507	62.5674045529519	-242.877848929114	-7.81674585071118	1	FALSE	53.3496733223541	0	0	0
3	africaeurope_30gen30gen_rep7	3	55.1005229378513	47.6336413227507	62.5674045529519	-242.877848929114	-9.44157360751657	1	FALSE	61.7132305987066	0	0	0
3	africaeurope_30gen30gen_rep8	2	44.4102361938709	39.3747622626256	49.4457101251161	-242.877848929114	-7.47022052242158	1	FALSE	47.903913799649	0	0	0
3	africaeurope_30gen30gen_rep9	2	44.4102361938709	39.3747622626256	49.4457101251161	-242.877848929114	-7.3572101783942	1	FALSE	46.0764074605523	0	0	0
4	africaeurope_30gen30gen_rep10	3	44.436990870898	38.899878934688	49.9741028071081	-228.276531859176	-6.79367410139952	1	FALSE	44.4009244560869	0	0	0
4	africaeurope_30gen30gen_rep11	4	55.1005229378513	47.6336413227507	62.5674045529519	-228.276531859176	-8.0187154594511	1	FALSE	50.1366412245933	0	0	0
4	africaeurope_30gen30gen_rep12	3	44.436990870898	38.899878934688	49.9741028071081	-228.276531859176	-6.80677046158318	1	FALSE	45.2152193385826	0	0	0
4	africaeurope_30gen30gen_rep13	1	34.6236005148905	25.26125813786	43.985942891921	-228.276531859176	-6.72745355180675	1	FALSE	33.9457113303989	0	0	0
4	africaeurope_30gen30gen_rep14	4	55.1005229378513	47.6336413227507	62.5674045529519	-228.276531859176	-7.60977889703693	1	FALSE	51.0442678117109	0	0	0
4	africaeurope_30gen30gen_rep15	4	55.1005229378513	47.6336413227507	62.5674045529519	-228.276531859176	-7.3984904101927	1	FALSE	52.5894622620733	0	0	0
4	africaeurope_30gen30gen_rep16	3	44.436990870898	38.899878934688	49.9741028071081	-228.276531859176	-9.78665377112548	1	FALSE	46.7871939902988	0	0	0
4	africaeurope_30gen30gen_rep17	2	44.2823249378222	32.1752890825753	56.3893607930691	-228.276531859176	-0.0497467927634716	1	FALSE	40.662077176257	0	0	0
4	africaeurope_30gen30gen_rep18	3	44.436990870898	38.899878934688	49.9741028071081	-228.276531859176	-7.49332558442442	1	FALSE	41.5523942167126	0	0	0
4	africaeurope_30gen30gen_rep19	3	44.436990870898	38.899878934688	49.9741028071081	-228.276531859176	-6.81720900889269	1	FALSE	45.5274176231243	0	0	0
4	africaeurope_30gen30gen_rep1	3	44.436990870898	38.899878934688	49.9741028071081	-228.276531859176	-8.35941182426352	1	FALSE	43.2888639384173	0	0	0
4	africaeurope_30gen30gen_rep20	4	55.1005229378513	47.6336413227507	62.5674045529519	-228.276531859176	-7.65067389700214	1	FALSE	51.6678663805617	0	0	0
4	africaeurope_30gen30gen_rep21	1	34.6236005148905	25.26125813786	43.985942891921	-228.276531859176	-6.58357783175393	1	FALSE	32.3024232445423	0	0	0
4	africaeurope_30gen30gen_rep22	1	34.6236005148905	25.26125813786	43.985942891921	-228.276531859176	-7.24674819602876	1	FALSE	37.5440712103208	0	0	0
4	africaeurope_30gen30gen_rep23	3	44.436990870898	38.899878934688	49.9741028071081	-228.276531859176	-10.0005213626435	1	FALSE	45.5274176231243	0	0	0
4	africaeurope_30gen30gen_rep24	1	34.6236005148905	25.26125813786	43.985942891921	-228.276531859176	-8.05776280725462	1	FALSE	36.3848524830887	0	0	0
4	africaeurope_30gen30gen_rep25	4	55.1005229378513	47.6336413227507	62.5674045529519	-228.276531859176	-9.62275835275086	1	FALSE	52.505337592393	0	0	0
4	africaeurope_30gen30gen_rep26	4	55.1005229378513	47.6336413227507	62.5674045529519	-228.276531859176	-7.7447952777685	1	FALSE	50.7545765659871	0	0	0
4	africaeurope_30gen30gen_rep27	4	55.1005229378513	47.6336413227507	62.5674045529519	-228.276531859176	-9.91700070869511	1	FALSE	58.1605078212944	0	0	0
4	africaeurope_30gen30gen_rep28	4	55.1005229378513	47.6336413227507	62.5674045529519	-228.276531859176	-7.98369035469823	1	FALSE	60.3514818147144	0	0	0
4	africaeurope_30gen30gen_rep29	3	44.436990870898	38.899878934688	49.9741028071081	-228.276531859176	-9.46734379766231	1	FALSE	44.1311746355301	0	0	0
4	africaeurope_30gen30gen_rep2	3	44.436990870898	38.899878934688	49.9741028071081	-228.276531859176	-7.62264281930971	1	FALSE	47.3438720880321	0	0	0
4	africaeurope_30gen30gen_rep30	3	44.436990870898	38.899878934688	49.9741028071081	-228.276531859176	-8.94575495399296	1	FALSE	45.5274176231243	0	0	0
4	africaeurope_30gen30gen_rep3	3	44.436990870898	38.899878934688	49.9741028071081	-228.276531859176	-7.5749940774231	1	FALSE	41.5803758575685	0	0	0
4	africaeurope_30gen30gen_rep4	3	44.436990870898	38.899878934688	49.9741028071081	-228.276531859176	-8.02732712993887	1	FALSE	40.1931156840785	0	0	0
4	africaeurope_30gen30gen_rep5	4	55.1005229378513	47.6336413227507	62.5674045529519	-228.276531859176	-11.3807858471723	1	FALSE	67.076349903777	0	0	0
4	africaeurope_30gen30gen_rep6	4	55.1005229378513	47.6336413227507	62.5674045529519	-228.276531859176	-7.81674585071118	1	FALSE	53.3496733223541	0	0	0
4	africaeurope_30gen30gen_rep7	4	55.1005229378513	47.6336413227507	62.5674045529519	-228.276531859176	-9.44157360751657	1	FALSE	61.7132305987066	0	0	0
4	africaeurope_30gen30gen_rep8	2	44.2823249378222	32.1752890825753	56.3893607930691	-228.276531859176	-0.0508673992007971	1	FALSE	47.903913799649	0	0	0
4	africaeurope_30gen30gen_rep9	3	44.436990870898	38.899878934688	49.9741028071081	-228.276531859176	-7.27973772471318	1	FALSE	46.0764074605523	0	0	0
