africaeurope_30gen60gen_rep10 0 0 77.0847320556641 29.2654002961992
africaeurope_30gen60gen_rep11 0 0 70.5496587870756 25.7323540977529
africaeurope_30gen60gen_rep12 0 0 78.385009765625 27.5314104907875
africaeurope_30gen60gen_rep13 0 0 72.964313103754 24.7610669078385
africaeurope_30gen60gen_rep14 0 0 96.7492828369141 27.4301608307406
africaeurope_30gen60gen_rep15 0 0 51.2517049689447 16.1029399247782
africaeurope_30gen60gen_rep16 0 0 99.75390625 30.2752479200041
africaeurope_30gen60gen_rep17 0 0 101 46.8259764339944
africaeurope_30gen60gen_rep18 0 0 56.5334025083485 20.3655928482555
africaeurope_30gen60gen_rep19 0 0 69.5274204891339 30.0209638144761
africaeurope_30gen60gen_rep1 0 0 71.4318866571129 12.4889577231393
africaeurope_30gen60gen_rep20 0 0 78.5225219726562 20.4081049976128
africaeurope_30gen60gen_rep21 0 0 69.6244504528981 25.3215313539476
africaeurope_30gen60gen_rep22 0 0 69.5759268903684 18.9456260684366
africaeurope_30gen60gen_rep23 0 0 70.451976694089 16.2784591843188
africaeurope_30gen60gen_rep24 0 0 65.2321198823867 27.2017820143833
africaeurope_30gen60gen_rep25 0 0 79.0737915039062 29.311438873716
africaeurope_30gen60gen_rep26 0 0 78.4537506103516 18.8382934774859
africaeurope_30gen60gen_rep27 0 0 91.4727935791016 25.6807985564135
africaeurope_30gen60gen_rep28 0 0 88.1597290039062 23.7193818130934
africaeurope_30gen60gen_rep29 0 0 75.390625 18.4381859396349
africaeurope_30gen60gen_rep2 0 0 93.340087890625 24.9604073922345
africaeurope_30gen60gen_rep30 0 0 106.463272094727 28.6937031419493
africaeurope_30gen60gen_rep3 0 0 47.9440454887651 27.1252696540417
africaeurope_30gen60gen_rep4 0 0 45.3711811904909 28.5179418846245
africaeurope_30gen60gen_rep5 0 0 132.353088378906 35.0657994023028
africaeurope_30gen60gen_rep6 0 0 75.5254516601562 28.3226874373104
africaeurope_30gen60gen_rep7 0 0 93.5654449462891 14.8721811482515
africaeurope_30gen60gen_rep8 0 0 73.7616955297075 44.0926071677197
africaeurope_30gen60gen_rep9 0 0 109.2900390625 37.4974333178694
NewGTmethodsims_africaeurope_5050_30gen_0.5percent_rep10 60 60 20.751676322438 6.26673207875709
NewGTmethodsims_africaeurope_5050_30gen_0.5percent_rep11 60 60 27.3760090427085 6.57966490636437
NewGTmethodsims_africaeurope_5050_30gen_0.5percent_rep12 60 60 34.3948292721088 7.18132290200332
NewGTmethodsims_africaeurope_5050_30gen_0.5percent_rep13 60 60 32.5610435239635 7.88805560938814
NewGTmethodsims_africaeurope_5050_30gen_0.5percent_rep14 60 60 30.3193215570932 12.224593289885
NewGTmethodsims_africaeurope_5050_30gen_0.5percent_rep15 60 60 24.8665494812942 5.08540651567018
NewGTmethodsims_africaeurope_5050_30gen_0.5percent_rep16 60 60 29.9872283599444 5.43223365234156
NewGTmethodsims_africaeurope_5050_30gen_0.5percent_rep17 60 60 30.9290658306171 7.42229197563214
NewGTmethodsims_africaeurope_5050_30gen_0.5percent_rep18 60 60 22.1368245438712 4.55035006395771
NewGTmethodsims_africaeurope_5050_30gen_0.5percent_rep19 60 60 30.4264675013276 6.85327005015943
NewGTmethodsims_africaeurope_5050_30gen_0.5percent_rep1 60 60 32.0815955511866 5.79764636745365
NewGTmethodsims_africaeurope_5050_30gen_0.5percent_rep20 60 60 29.9872283599444 5.45663302320868
NewGTmethodsims_africaeurope_5050_30gen_0.5percent_rep21 60 60 38.1039211638136 8.91344172046867
NewGTmethodsims_africaeurope_5050_30gen_0.5percent_rep22 60 60 37.8501285497962 5.15812013402158
NewGTmethodsims_africaeurope_5050_30gen_0.5percent_rep23 60 60 21.5502414322623 9.25618901078308
NewGTmethodsims_africaeurope_5050_30gen_0.5percent_rep24 60 60 33.7820061857347 7.77853932287052
NewGTmethodsims_africaeurope_5050_30gen_0.5percent_rep25 60 60 36.3848524830887 5.33008824303474
NewGTmethodsims_africaeurope_5050_30gen_0.5percent_rep26 60 60 29.4691892217674 4.56585703386764
NewGTmethodsims_africaeurope_5050_30gen_0.5percent_rep27 60 60 28.9325969866615 3.93761194573312
NewGTmethodsims_africaeurope_5050_30gen_0.5percent_rep28 60 60 38.5467888952854 8.36346413329967
NewGTmethodsims_africaeurope_5050_30gen_0.5percent_rep29 60 60 38.6949953280287 6.63403052101801
NewGTmethodsims_africaeurope_5050_30gen_0.5percent_rep2 60 60 30.3550151582005 7.1898611882685
NewGTmethodsims_africaeurope_5050_30gen_0.5percent_rep30 60 60 21.1785681195943 5.42715701867151
NewGTmethodsims_africaeurope_5050_30gen_0.5percent_rep3 60 60 28.5219779273923 6.52502114958823
NewGTmethodsims_africaeurope_5050_30gen_0.5percent_rep4 60 60 29.0720853939493 5.03962025580414
NewGTmethodsims_africaeurope_5050_30gen_0.5percent_rep5 60 60 34.7831194741508 6.25516131898785
NewGTmethodsims_africaeurope_5050_30gen_0.5percent_rep6 60 60 30.6054783478016 4.96894614970066
NewGTmethodsims_africaeurope_5050_30gen_0.5percent_rep7 60 60 28.3666249937074 4.5468157382545
NewGTmethodsims_africaeurope_5050_30gen_0.5percent_rep8 60 60 21.910238816736 4.99771777398006
NewGTmethodsims_africaeurope_5050_30gen_0.5percent_rep9 60 60 32.1673801013756 7.86440491995603
