# CLUSTERING STRENGTH + LIKELIHOOD K SELECTION RESULTS (GLOBETROTTER)
# Recommended K: 1
# Method: GLOBETROTTER
# Clustering strength threshold: 0.78
# Likelihood thresholds: k1 to k2(k=2):0.69 k1 to k2(k=3):0.9 k2 to k3:0.43 k3 to k4:0.31
#
model_k	pop	cluster	joint_date_est_best	joint_date_lowerci	joint_date_upperci	likelihood_mean	likelihood_per_ind	recommended_k	is_recommended	ind_date_est	sample_age_est_best	sample_age_lowerci_mean	sample_age_upperci_mean
1	africaeurope_30gen10gen_rep10	1	25.7620711762138	23.3869870851907	28.1371552672369	-238.904755363861	-6.48762437481359	1	TRUE	27.7837043003729	0	NA	NA
1	africaeurope_30gen10gen_rep11	1	25.7620711762138	23.3869870851907	28.1371552672369	-238.904755363861	-10.4872751761433	1	TRUE	19.868628288066	0	NA	NA
1	africaeurope_30gen10gen_rep12	1	25.7620711762138	23.3869870851907	28.1371552672369	-238.904755363861	-7.07346558535547	1	TRUE	29.0953672386001	0	NA	NA
1	africaeurope_30gen10gen_rep13	1	25.7620711762138	23.3869870851907	28.1371552672369	-238.904755363861	-6.61963943125587	1	TRUE	23.0708526709491	0	NA	NA
1	africaeurope_30gen10gen_rep14	1	25.7620711762138	23.3869870851907	28.1371552672369	-238.904755363861	-12.1603185743268	1	TRUE	18.6441373653841	0	NA	NA
1	africaeurope_30gen10gen_rep15	1	25.7620711762138	23.3869870851907	28.1371552672369	-238.904755363861	-6.00604061262062	1	TRUE	25.0170249891561	0	NA	NA
1	africaeurope_30gen10gen_rep16	1	25.7620711762138	23.3869870851907	28.1371552672369	-238.904755363861	-6.25041649756397	1	TRUE	26.9826363416005	0	NA	NA
1	africaeurope_30gen10gen_rep17	1	25.7620711762138	23.3869870851907	28.1371552672369	-238.904755363861	-11.4015704855436	1	TRUE	19.1739200575435	0	NA	NA
1	africaeurope_30gen10gen_rep18	1	25.7620711762138	23.3869870851907	28.1371552672369	-238.904755363861	-5.71134707863948	1	TRUE	24.5670170898871	0	NA	NA
1	africaeurope_30gen10gen_rep19	1	25.7620711762138	23.3869870851907	28.1371552672369	-238.904755363861	-13.7792404254347	1	TRUE	35.6568955480856	0	NA	NA
1	africaeurope_30gen10gen_rep1	1	25.7620711762138	23.3869870851907	28.1371552672369	-238.904755363861	-12.5551850826347	1	TRUE	34.3250485774908	0	NA	NA
1	africaeurope_30gen10gen_rep20	1	25.7620711762138	23.3869870851907	28.1371552672369	-238.904755363861	-8.06087183116043	1	TRUE	21.4309369444989	0	NA	NA
1	africaeurope_30gen10gen_rep21	1	25.7620711762138	23.3869870851907	28.1371552672369	-238.904755363861	-6.10700609021749	1	TRUE	23.5532614308884	0	NA	NA
1	africaeurope_30gen10gen_rep22	1	25.7620711762138	23.3869870851907	28.1371552672369	-238.904755363861	-8.28252959738695	1	TRUE	26.2709694599737	0	NA	NA
1	africaeurope_30gen10gen_rep23	1	25.7620711762138	23.3869870851907	28.1371552672369	-238.904755363861	-6.3013632029208	1	TRUE	28.0572382298157	0	NA	NA
1	africaeurope_30gen10gen_rep24	1	25.7620711762138	23.3869870851907	28.1371552672369	-238.904755363861	-5.64227596979017	1	TRUE	24.7379468442721	0	NA	NA
1	africaeurope_30gen10gen_rep25	1	25.7620711762138	23.3869870851907	28.1371552672369	-238.904755363861	-5.7457799478924	1	TRUE	26.7480313452522	0	NA	NA
1	africaeurope_30gen10gen_rep26	1	25.7620711762138	23.3869870851907	28.1371552672369	-238.904755363861	-6.07899613645332	1	TRUE	24.1200228703013	0	NA	NA
1	africaeurope_30gen10gen_rep27	1	25.7620711762138	23.3869870851907	28.1371552672369	-238.904755363861	-8.53622921841135	1	TRUE	25.6672760534327	0	NA	NA
1	africaeurope_30gen10gen_rep28	1	25.7620711762138	23.3869870851907	28.1371552672369	-238.904755363861	-6.03372801558983	1	TRUE	27.7837043003729	0	NA	NA
1	africaeurope_30gen10gen_rep29	1	25.7620711762138	23.3869870851907	28.1371552672369	-238.904755363861	-5.75838495321766	1	TRUE	27.1620971428959	0	NA	NA
1	africaeurope_30gen10gen_rep2	1	25.7620711762138	23.3869870851907	28.1371552672369	-238.904755363861	-12.326635240103	1	TRUE	34.3504149313413	0	NA	NA
1	africaeurope_30gen10gen_rep30	1	25.7620711762138	23.3869870851907	28.1371552672369	-238.904755363861	-7.4204808686167	1	TRUE	24.7379468442721	0	NA	NA
1	africaeurope_30gen10gen_rep3	1	25.7620711762138	23.3869870851907	28.1371552672369	-238.904755363861	-7.45842630702109	1	TRUE	29.7276249352699	0	NA	NA
1	africaeurope_30gen10gen_rep4	1	25.7620711762138	23.3869870851907	28.1371552672369	-238.904755363861	-6.14688491533517	1	TRUE	23.7571139657364	0	NA	NA
1	africaeurope_30gen10gen_rep5	1	25.7620711762138	23.3869870851907	28.1371552672369	-238.904755363861	-5.59047746158844	1	TRUE	24.5883495324157	0	NA	NA
1	africaeurope_30gen10gen_rep6	1	25.7620711762138	23.3869870851907	28.1371552672369	-238.904755363861	-7.59115688791231	1	TRUE	21.7898923683808	0	NA	NA
1	africaeurope_30gen10gen_rep7	1	25.7620711762138	23.3869870851907	28.1371552672369	-238.904755363861	-12.3554123074928	1	TRUE	31.8371482454857	0	NA	NA
1	africaeurope_30gen10gen_rep8	1	25.7620711762138	23.3869870851907	28.1371552672369	-238.904755363861	-6.65985721372659	1	TRUE	27.5681421641105	0	NA	NA
1	africaeurope_30gen10gen_rep9	1	25.7620711762138	23.3869870851907	28.1371552672369	-238.904755363861	-8.27613587469233	1	TRUE	30.3907304729453	0	NA	NA
2	africaeurope_30gen10gen_rep10	2	29.0150418577699	25.6075803847777	32.4225033307621	-199.305802686152	-6.12308510694256	1	FALSE	27.7837043003729	0	0	0
2	africaeurope_30gen10gen_rep11	1	22.6882359331029	19.3759244331306	26.0005474330753	-199.305802686152	-5.86905225748019	1	FALSE	19.868628288066	0	0	0
2	africaeurope_30gen10gen_rep12	2	29.0150418577699	25.6075803847777	32.4225033307621	-199.305802686152	-5.73206579716844	1	FALSE	29.0953672386001	0	0	0
2	africaeurope_30gen10gen_rep13	1	22.6882359331029	19.3759244331306	26.0005474330753	-199.305802686152	-4.88235655790087	1	FALSE	23.0708526709491	0	0	0
2	africaeurope_30gen10gen_rep14	1	22.6882359331029	19.3759244331306	26.0005474330753	-199.305802686152	-6.97526304797073	1	FALSE	18.6441373653841	0	0	0
2	africaeurope_30gen10gen_rep15	1	22.6882359331029	19.3759244331306	26.0005474330753	-199.305802686152	-6.53460208124294	1	FALSE	25.0170249891561	0	0	0
2	africaeurope_30gen10gen_rep16	2	29.0150418577699	25.6075803847777	32.4225033307621	-199.305802686152	-6.35793834833717	1	FALSE	26.9826363416005	0	0	0
2	africaeurope_30gen10gen_rep17	1	22.6882359331029	19.3759244331306	26.0005474330753	-199.305802686152	-6.4505504838035	1	FALSE	19.1739200575435	0	0	0
2	africaeurope_30gen10gen_rep18	1	22.6882359331029	19.3759244331306	26.0005474330753	-199.305802686152	-5.78284362576439	1	FALSE	24.5670170898871	0	0	0
2	africaeurope_30gen10gen_rep19	2	29.0150418577699	25.6075803847777	32.4225033307621	-199.305802686152	-11.7760751881265	1	FALSE	35.6568955480856	0	0	0
2	africaeurope_30gen10gen_rep1	2	29.0150418577699	25.6075803847777	32.4225033307621	-199.305802686152	-8.50717869335477	1	FALSE	34.3250485774908	0	0	0
2	africaeurope_30gen10gen_rep20	1	22.6882359331029	19.3759244331306	26.0005474330753	-199.305802686152	-7.88542529489203	1	FALSE	21.4309369444989	0	0	0
2	africaeurope_30gen10gen_rep21	1	22.6882359331029	19.3759244331306	26.0005474330753	-199.305802686152	-5.04373451910585	1	FALSE	23.5532614308884	0	0	0
2	africaeurope_30gen10gen_rep22	2	29.0150418577699	25.6075803847777	32.4225033307621	-199.305802686152	-8.16598337695003	1	FALSE	26.2709694599737	0	0	0
2	africaeurope_30gen10gen_rep23	2	29.0150418577699	25.6075803847777	32.4225033307621	-199.305802686152	-6.0776231741386	1	FALSE	28.0572382298157	0	0	0
2	africaeurope_30gen10gen_rep24	1	22.6882359331029	19.3759244331306	26.0005474330753	-199.305802686152	-5.9152475166068	1	FALSE	24.7379468442721	0	0	0
2	africaeurope_30gen10gen_rep25	2	29.0150418577699	25.6075803847777	32.4225033307621	-199.305802686152	-6.26909706736943	1	FALSE	26.7480313452522	0	0	0
2	africaeurope_30gen10gen_rep26	1	22.6882359331029	19.3759244331306	26.0005474330753	-199.305802686152	-5.85174722041451	1	FALSE	24.1200228703013	0	0	0
2	africaeurope_30gen10gen_rep27	2	29.0150418577699	25.6075803847777	32.4225033307621	-199.305802686152	-8.55269803155469	1	FALSE	25.6672760534327	0	0	0
2	africaeurope_30gen10gen_rep28	2	29.0150418577699	25.6075803847777	32.4225033307621	-199.305802686152	-5.83169703792504	1	FALSE	27.7837043003729	0	0	0
2	africaeurope_30gen10gen_rep29	2	29.0150418577699	25.6075803847777	32.4225033307621	-199.305802686152	-6.06338239474175	1	FALSE	27.1620971428959	0	0	0
2	africaeurope_30gen10gen_rep2	2	29.0150418577699	25.6075803847777	32.4225033307621	-199.305802686152	-8.51743792340145	1	FALSE	34.3504149313413	0	0	0
2	africaeurope_30gen10gen_rep30	2	29.0150418577699	25.6075803847777	32.4225033307621	-199.305802686152	-8.10589003856185	1	FALSE	24.7379468442721	0	0	0
2	africaeurope_30gen10gen_rep3	2	29.0150418577699	25.6075803847777	32.4225033307621	-199.305802686152	-5.88895549242296	1	FALSE	29.7276249352699	0	0	0
2	africaeurope_30gen10gen_rep4	1	22.6882359331029	19.3759244331306	26.0005474330753	-199.305802686152	-5.55132669251023	1	FALSE	23.7571139657364	0	0	0
2	africaeurope_30gen10gen_rep5	1	22.6882359331029	19.3759244331306	26.0005474330753	-199.305802686152	-5.24857344394865	1	FALSE	24.5883495324157	0	0	0
2	africaeurope_30gen10gen_rep6	1	22.6882359331029	19.3759244331306	26.0005474330753	-199.305802686152	-4.8439889667528	1	FALSE	21.7898923683808	0	0	0
2	africaeurope_30gen10gen_rep7	2	29.0150418577699	25.6075803847777	32.4225033307621	-199.305802686152	-7.57230493396166	1	FALSE	31.8371482454857	0	0	0
2	africaeurope_30gen10gen_rep8	2	29.0150418577699	25.6075803847777	32.4225033307621	-199.305802686152	-6.3629997135887	1	FALSE	27.5681421641105	0	0	0
2	africaeurope_30gen10gen_rep9	2	29.0150418577699	25.6075803847777	32.4225033307621	-199.305802686152	-6.56667865921303	1	FALSE	30.3907304729453	0	0	0
3	africaeurope_30gen10gen_rep10	3	28.6548635037223	25.036486776172	32.2732402312726	-181.027166140335	-6.02364929145195	1	FALSE	27.7837043003729	0	0	0
3	africaeurope_30gen10gen_rep11	1	22.1537874751853	18.4179465015334	25.8896284488373	-181.027166140335	-5.53779315647238	1	FALSE	19.868628288066	0	0	0
3	africaeurope_30gen10gen_rep12	3	28.6548635037223	25.036486776172	32.2732402312726	-181.027166140335	-5.90283868180781	1	FALSE	29.0953672386001	0	0	0
3	africaeurope_30gen10gen_rep13	1	22.1537874751853	18.4179465015334	25.8896284488373	-181.027166140335	-5.39920413367526	1	FALSE	23.0708526709491	0	0	0
3	africaeurope_30gen10gen_rep14	1	22.1537874751853	18.4179465015334	25.8896284488373	-181.027166140335	-6.3560289738562	1	FALSE	18.6441373653841	0	0	0
3	africaeurope_30gen10gen_rep15	1	22.1537874751853	18.4179465015334	25.8896284488373	-181.027166140335	-6.53821905564081	1	FALSE	25.0170249891561	0	0	0
3	africaeurope_30gen10gen_rep16	3	28.6548635037223	25.036486776172	32.2732402312726	-181.027166140335	-6.20641893106772	1	FALSE	26.9826363416005	0	0	0
3	africaeurope_30gen10gen_rep17	1	22.1537874751853	18.4179465015334	25.8896284488373	-181.027166140335	-5.94082234710629	1	FALSE	19.1739200575435	0	0	0
3	africaeurope_30gen10gen_rep18	2	27.047509671132	21.1997436659931	32.8952756762709	-181.027166140335	-0.0415645930916071	1	FALSE	24.5670170898871	0	0	0
3	africaeurope_30gen10gen_rep19	3	28.6548635037223	25.036486776172	32.2732402312726	-181.027166140335	-11.8256894170862	1	FALSE	35.6568955480856	0	0	0
3	africaeurope_30gen10gen_rep1	3	28.6548635037223	25.036486776172	32.2732402312726	-181.027166140335	-8.80694887554176	1	FALSE	34.3250485774908	0	0	0
3	africaeurope_30gen10gen_rep20	1	22.1537874751853	18.4179465015334	25.8896284488373	-181.027166140335	-7.6421282139572	1	FALSE	21.4309369444989	0	0	0
3	africaeurope_30gen10gen_rep21	1	22.1537874751853	18.4179465015334	25.8896284488373	-181.027166140335	-5.04038264964228	1	FALSE	23.5532614308884	0	0	0
3	africaeurope_30gen10gen_rep22	3	28.6548635037223	25.036486776172	32.2732402312726	-181.027166140335	-7.98281887699908	1	FALSE	26.2709694599737	0	0	0
3	africaeurope_30gen10gen_rep23	3	28.6548635037223	25.036486776172	32.2732402312726	-181.027166140335	-6.18053029407265	1	FALSE	28.0572382298157	0	0	0
3	africaeurope_30gen10gen_rep24	2	27.047509671132	21.1997436659931	32.8952756762709	-181.027166140335	0.171393542317674	1	FALSE	24.7379468442721	0	0	0
3	africaeurope_30gen10gen_rep25	3	28.6548635037223	25.036486776172	32.2732402312726	-181.027166140335	-6.12263308248892	1	FALSE	26.7480313452522	0	0	0
3	africaeurope_30gen10gen_rep26	1	22.1537874751853	18.4179465015334	25.8896284488373	-181.027166140335	-5.78339471091282	1	FALSE	24.1200228703013	0	0	0
3	africaeurope_30gen10gen_rep27	3	28.6548635037223	25.036486776172	32.2732402312726	-181.027166140335	-8.3542349704028	1	FALSE	25.6672760534327	0	0	0
3	africaeurope_30gen10gen_rep28	3	28.6548635037223	25.036486776172	32.2732402312726	-181.027166140335	-5.78330577082859	1	FALSE	27.7837043003729	0	0	0
3	africaeurope_30gen10gen_rep29	3	28.6548635037223	25.036486776172	32.2732402312726	-181.027166140335	-5.96399248183703	1	FALSE	27.1620971428959	0	0	0
3	africaeurope_30gen10gen_rep2	3	28.6548635037223	25.036486776172	32.2732402312726	-181.027166140335	-8.77837129860526	1	FALSE	34.3504149313413	0	0	0
3	africaeurope_30gen10gen_rep30	3	28.6548635037223	25.036486776172	32.2732402312726	-181.027166140335	-7.84304937582587	1	FALSE	24.7379468442721	0	0	0
3	africaeurope_30gen10gen_rep3	3	28.6548635037223	25.036486776172	32.2732402312726	-181.027166140335	-5.94079610045963	1	FALSE	29.7276249352699	0	0	0
3	africaeurope_30gen10gen_rep4	1	22.1537874751853	18.4179465015334	25.8896284488373	-181.027166140335	-5.46414703629892	1	FALSE	23.7571139657364	0	0	0
3	africaeurope_30gen10gen_rep5	1	22.1537874751853	18.4179465015334	25.8896284488373	-181.027166140335	-5.52296172462981	1	FALSE	24.5883495324157	0	0	0
3	africaeurope_30gen10gen_rep6	1	22.1537874751853	18.4179465015334	25.8896284488373	-181.027166140335	-4.7328983380691	1	FALSE	21.7898923683808	0	0	0
3	africaeurope_30gen10gen_rep7	2	27.047509671132	21.1997436659931	32.8952756762709	-181.027166140335	-2.65767376776785	1	FALSE	31.8371482454857	0	0	0
3	africaeurope_30gen10gen_rep8	3	28.6548635037223	25.036486776172	32.2732402312726	-181.027166140335	-6.23942225067712	1	FALSE	27.5681421641105	0	0	0
3	africaeurope_30gen10gen_rep9	3	28.6548635037223	25.036486776172	32.2732402312726	-181.027166140335	-6.58664128237963	1	FALSE	30.3907304729453	0	0	0
4	africaeurope_30gen10gen_rep10	4	30.0775270977892	24.4232234838376	35.7318307117408	-168.162682465908	-4.97698662258662	1	FALSE	27.7837043003729	0	0	0
4	africaeurope_30gen10gen_rep11	1	20.8119444519148	15.5570245737651	26.0668643300646	-168.162682465908	-4.07128854021357	1	FALSE	19.868628288066	0	0	0
4	africaeurope_30gen10gen_rep12	2	25.8451457371239	22.3214495782765	29.3688418959712	-168.162682465908	-7.2397288136244	1	FALSE	29.0953672386001	0	0	0
4	africaeurope_30gen10gen_rep13	2	25.8451457371239	22.3214495782765	29.3688418959712	-168.162682465908	-7.00940669974947	1	FALSE	23.0708526709491	0	0	0
4	africaeurope_30gen10gen_rep14	1	20.8119444519148	15.5570245737651	26.0668643300646	-168.162682465908	-4.20802611294732	1	FALSE	18.6441373653841	0	0	0
4	africaeurope_30gen10gen_rep15	2	25.8451457371239	22.3214495782765	29.3688418959712	-168.162682465908	-6.00421393311109	1	FALSE	25.0170249891561	0	0	0
4	africaeurope_30gen10gen_rep16	4	30.0775270977892	24.4232234838376	35.7318307117408	-168.162682465908	-5.37235059513971	1	FALSE	26.9826363416005	0	0	0
4	africaeurope_30gen10gen_rep17	1	20.8119444519148	15.5570245737651	26.0668643300646	-168.162682465908	-3.17790967360725	1	FALSE	19.1739200575435	0	0	0
4	africaeurope_30gen10gen_rep18	3	27.047509671132	21.1997436659931	32.8952756762709	-168.162682465908	-0.0415645930916071	1	FALSE	24.5670170898871	0	0	0
4	africaeurope_30gen10gen_rep19	2	25.8451457371239	22.3214495782765	29.3688418959712	-168.162682465908	-13.0254213976131	1	FALSE	35.6568955480856	0	0	0
4	africaeurope_30gen10gen_rep1	4	30.0775270977892	24.4232234838376	35.7318307117408	-168.162682465908	-5.98498612573934	1	FALSE	34.3250485774908	0	0	0
4	africaeurope_30gen10gen_rep20	2	25.8451457371239	22.3214495782765	29.3688418959712	-168.162682465908	-7.96288606176959	1	FALSE	21.4309369444989	0	0	0
4	africaeurope_30gen10gen_rep21	2	25.8451457371239	22.3214495782765	29.3688418959712	-168.162682465908	-6.27773649564914	1	FALSE	23.5532614308884	0	0	0
4	africaeurope_30gen10gen_rep22	2	25.8451457371239	22.3214495782765	29.3688418959712	-168.162682465908	-7.8982067789466	1	FALSE	26.2709694599737	0	0	0
4	africaeurope_30gen10gen_rep23	2	25.8451457371239	22.3214495782765	29.3688418959712	-168.162682465908	-6.55601253723814	1	FALSE	28.0572382298157	0	0	0
4	africaeurope_30gen10gen_rep24	3	27.047509671132	21.1997436659931	32.8952756762709	-168.162682465908	0.171393542317674	1	FALSE	24.7379468442721	0	0	0
4	africaeurope_30gen10gen_rep25	2	25.8451457371239	22.3214495782765	29.3688418959712	-168.162682465908	-5.80066991646367	1	FALSE	26.7480313452522	0	0	0
4	africaeurope_30gen10gen_rep26	2	25.8451457371239	22.3214495782765	29.3688418959712	-168.162682465908	-6.13214435893559	1	FALSE	24.1200228703013	0	0	0
4	africaeurope_30gen10gen_rep27	2	25.8451457371239	22.3214495782765	29.3688418959712	-168.162682465908	-8.12435221303396	1	FALSE	25.6672760534327	0	0	0
4	africaeurope_30gen10gen_rep28	2	25.8451457371239	22.3214495782765	29.3688418959712	-168.162682465908	-6.10113868620575	1	FALSE	27.7837043003729	0	0	0
4	africaeurope_30gen10gen_rep29	2	25.8451457371239	22.3214495782765	29.3688418959712	-168.162682465908	-5.84720048985209	1	FALSE	27.1620971428959	0	0	0
4	africaeurope_30gen10gen_rep2	4	30.0775270977892	24.4232234838376	35.7318307117408	-168.162682465908	-6.35564648391106	1	FALSE	34.3504149313413	0	0	0
4	africaeurope_30gen10gen_rep30	2	25.8451457371239	22.3214495782765	29.3688418959712	-168.162682465908	-7.17116477750339	1	FALSE	24.7379468442721	0	0	0
4	africaeurope_30gen10gen_rep3	4	30.0775270977892	24.4232234838376	35.7318307117408	-168.162682465908	-5.3695849319825	1	FALSE	29.7276249352699	0	0	0
4	africaeurope_30gen10gen_rep4	2	25.8451457371239	22.3214495782765	29.3688418959712	-168.162682465908	-6.23319028263513	1	FALSE	23.7571139657364	0	0	0
4	africaeurope_30gen10gen_rep5	1	20.8119444519148	15.5570245737651	26.0668643300646	-168.162682465908	-4.84665980669354	1	FALSE	24.5883495324157	0	0	0
4	africaeurope_30gen10gen_rep6	1	20.8119444519148	15.5570245737651	26.0668643300646	-168.162682465908	-2.92074917980676	1	FALSE	21.7898923683808	0	0	0
4	africaeurope_30gen10gen_rep7	3	27.047509671132	21.1997436659931	32.8952756762709	-168.162682465908	-2.65767376776785	1	FALSE	31.8371482454857	0	0	0
4	africaeurope_30gen10gen_rep8	4	30.0775270977892	24.4232234838376	35.7318307117408	-168.162682465908	-5.16267158411335	1	FALSE	27.5681421641105	0	0	0
4	africaeurope_30gen10gen_rep9	4	30.0775270977892	24.4232234838376	35.7318307117408	-168.162682465908	-5.80450454829361	1	FALSE	30.3907304729453	0	0	0
