# CLUSTERING STRENGTH + LIKELIHOOD K SELECTION RESULTS (GLOBETROTTER)
# Recommended K: 2
# Method: GLOBETROTTER
# Clustering strength threshold: 0.78
# Likelihood thresholds: k1 to k2(k=2):0.69 k1 to k2(k=3):0.9 k2 to k3:0.43 k3 to k4:0.31
#
model_k	pop	cluster	joint_date_est_best	joint_date_lowerci	joint_date_upperci	likelihood_mean	likelihood_per_ind	recommended_k	is_recommended	ind_date_est	sample_age_est_best	sample_age_lowerci_mean	sample_age_upperci_mean
1	africaeurope_30gen30gen_rep10	1	49.8569145747224	46.8168338906709	52.896995258774	-743.028928050309	-8.945511157326	2	FALSE	44.4009244560869	0	NA	NA
1	africaeurope_30gen30gen_rep11	1	49.8569145747224	46.8168338906709	52.896995258774	-743.028928050309	-7.74137909730173	2	FALSE	50.1366412245933	0	NA	NA
1	africaeurope_30gen30gen_rep12	1	49.8569145747224	46.8168338906709	52.896995258774	-743.028928050309	-9.18099518192514	2	FALSE	45.2152193385826	0	NA	NA
1	africaeurope_30gen30gen_rep13	1	49.8569145747224	46.8168338906709	52.896995258774	-743.028928050309	-30.4584434698143	2	FALSE	33.9457113303989	0	NA	NA
1	africaeurope_30gen30gen_rep14	1	49.8569145747224	46.8168338906709	52.896995258774	-743.028928050309	-7.44553312143289	2	FALSE	51.0442678117109	0	NA	NA
1	africaeurope_30gen30gen_rep15	1	49.8569145747224	46.8168338906709	52.896995258774	-743.028928050309	-7.85707662357622	2	FALSE	52.5894622620733	0	NA	NA
1	africaeurope_30gen30gen_rep16	1	49.8569145747224	46.8168338906709	52.896995258774	-743.028928050309	-13.4233453545153	2	FALSE	46.7871939902988	0	NA	NA
1	africaeurope_30gen30gen_rep17	1	49.8569145747224	46.8168338906709	52.896995258774	-743.028928050309	-13.6246604504683	2	FALSE	40.662077176257	0	NA	NA
1	africaeurope_30gen30gen_rep18	1	49.8569145747224	46.8168338906709	52.896995258774	-743.028928050309	-13.1674628662786	2	FALSE	41.5523942167126	0	NA	NA
1	africaeurope_30gen30gen_rep19	1	49.8569145747224	46.8168338906709	52.896995258774	-743.028928050309	-8.6216209799517	2	FALSE	45.5274176231243	0	NA	NA
1	africaeurope_30gen30gen_rep1	1	49.8569145747224	46.8168338906709	52.896995258774	-743.028928050309	-8.99036503173348	2	FALSE	43.2888639384173	0	NA	NA
1	africaeurope_30gen30gen_rep20	1	49.8569145747224	46.8168338906709	52.896995258774	-743.028928050309	-7.44264784031235	2	FALSE	51.6678663805617	0	NA	NA
1	africaeurope_30gen30gen_rep21	1	49.8569145747224	46.8168338906709	52.896995258774	-743.028928050309	-25.2730062757346	2	FALSE	32.3024232445423	0	NA	NA
1	africaeurope_30gen30gen_rep22	1	49.8569145747224	46.8168338906709	52.896995258774	-743.028928050309	-14.0086761561492	2	FALSE	37.5440712103208	0	NA	NA
1	africaeurope_30gen30gen_rep23	1	49.8569145747224	46.8168338906709	52.896995258774	-743.028928050309	-9.32795485513887	2	FALSE	45.5274176231243	0	NA	NA
1	africaeurope_30gen30gen_rep24	1	49.8569145747224	46.8168338906709	52.896995258774	-743.028928050309	-13.6395532845541	2	FALSE	36.3848524830887	0	NA	NA
1	africaeurope_30gen30gen_rep25	1	49.8569145747224	46.8168338906709	52.896995258774	-743.028928050309	-9.25355768060908	2	FALSE	52.505337592393	0	NA	NA
1	africaeurope_30gen30gen_rep26	1	49.8569145747224	46.8168338906709	52.896995258774	-743.028928050309	-7.38145174620844	2	FALSE	50.7545765659871	0	NA	NA
1	africaeurope_30gen30gen_rep27	1	49.8569145747224	46.8168338906709	52.896995258774	-743.028928050309	-12.0312552997314	2	FALSE	58.1605078212944	0	NA	NA
1	africaeurope_30gen30gen_rep28	1	49.8569145747224	46.8168338906709	52.896995258774	-743.028928050309	-10.9445429531174	2	FALSE	60.3514818147144	0	NA	NA
1	africaeurope_30gen30gen_rep29	1	49.8569145747224	46.8168338906709	52.896995258774	-743.028928050309	-9.27211405460495	2	FALSE	44.1311746355301	0	NA	NA
1	africaeurope_30gen30gen_rep2	1	49.8569145747224	46.8168338906709	52.896995258774	-743.028928050309	-7.58201239843373	2	FALSE	47.3438720880321	0	NA	NA
1	africaeurope_30gen30gen_rep30	1	49.8569145747224	46.8168338906709	52.896995258774	-743.028928050309	-8.65715327836478	2	FALSE	45.5274176231243	0	NA	NA
1	africaeurope_30gen30gen_rep3	1	49.8569145747224	46.8168338906709	52.896995258774	-743.028928050309	-13.5052200799332	2	FALSE	41.5803758575685	0	NA	NA
1	africaeurope_30gen30gen_rep4	1	49.8569145747224	46.8168338906709	52.896995258774	-743.028928050309	-10.7159992192766	2	FALSE	40.1931156840785	0	NA	NA
1	africaeurope_30gen30gen_rep5	1	49.8569145747224	46.8168338906709	52.896995258774	-743.028928050309	-14.7763682175508	2	FALSE	67.076349903777	0	NA	NA
1	africaeurope_30gen30gen_rep6	1	49.8569145747224	46.8168338906709	52.896995258774	-743.028928050309	-8.34023698632795	2	FALSE	53.3496733223541	0	NA	NA
1	africaeurope_30gen30gen_rep7	1	49.8569145747224	46.8168338906709	52.896995258774	-743.028928050309	-11.4342179131977	2	FALSE	61.7132305987066	0	NA	NA
1	africaeurope_30gen30gen_rep8	1	49.8569145747224	46.8168338906709	52.896995258774	-743.028928050309	-8.33271876802856	2	FALSE	47.903913799649	0	NA	NA
1	africaeurope_30gen30gen_rep9	1	49.8569145747224	46.8168338906709	52.896995258774	-743.028928050309	-7.87726482256724	2	FALSE	46.0764074605523	0	NA	NA
1	NewGTmethodsims_africaeurope_5050_60gen_0.5percent_rep10	1	49.8569145747224	46.8168338906709	52.896995258774	-743.028928050309	-14.3740437306035	2	FALSE	67.12398107895	0	NA	NA
1	NewGTmethodsims_africaeurope_5050_60gen_0.5percent_rep11	1	49.8569145747224	46.8168338906709	52.896995258774	-743.028928050309	-8.10987341324969	2	FALSE	53.9447927216141	0	NA	NA
1	NewGTmethodsims_africaeurope_5050_60gen_0.5percent_rep12	1	49.8569145747224	46.8168338906709	52.896995258774	-743.028928050309	-16.9160072285374	2	FALSE	73.0140207956612	0	NA	NA
1	NewGTmethodsims_africaeurope_5050_60gen_0.5percent_rep13	1	49.8569145747224	46.8168338906709	52.896995258774	-743.028928050309	-7.36794302350328	2	FALSE	50.9614130778846	0	NA	NA
1	NewGTmethodsims_africaeurope_5050_60gen_0.5percent_rep14	1	49.8569145747224	46.8168338906709	52.896995258774	-743.028928050309	-16.2870054740298	2	FALSE	70.013256759768	0	NA	NA
1	NewGTmethodsims_africaeurope_5050_60gen_0.5percent_rep15	1	49.8569145747224	46.8168338906709	52.896995258774	-743.028928050309	-19.9591950347432	2	FALSE	66.387626364332	0	NA	NA
1	NewGTmethodsims_africaeurope_5050_60gen_0.5percent_rep16	1	49.8569145747224	46.8168338906709	52.896995258774	-743.028928050309	-15.3408842761009	2	FALSE	66.9335593460303	0	NA	NA
1	NewGTmethodsims_africaeurope_5050_60gen_0.5percent_rep17	1	49.8569145747224	46.8168338906709	52.896995258774	-743.028928050309	-10.799622854824	2	FALSE	39.8090062619898	0	NA	NA
1	NewGTmethodsims_africaeurope_5050_60gen_0.5percent_rep18	1	49.8569145747224	46.8168338906709	52.896995258774	-743.028928050309	-7.83887310361208	2	FALSE	49.0340880645335	0	NA	NA
1	NewGTmethodsims_africaeurope_5050_60gen_0.5percent_rep19	1	49.8569145747224	46.8168338906709	52.896995258774	-743.028928050309	-18.1330959036778	2	FALSE	72.6168397766729	0	NA	NA
1	NewGTmethodsims_africaeurope_5050_60gen_0.5percent_rep1	1	49.8569145747224	46.8168338906709	52.896995258774	-743.028928050309	-15.6341839144296	2	FALSE	38.2244427087469	0	NA	NA
1	NewGTmethodsims_africaeurope_5050_60gen_0.5percent_rep20	1	49.8569145747224	46.8168338906709	52.896995258774	-743.028928050309	-8.32203187123404	2	FALSE	52.4212815678941	0	NA	NA
1	NewGTmethodsims_africaeurope_5050_60gen_0.5percent_rep21	1	49.8569145747224	46.8168338906709	52.896995258774	-743.028928050309	-10.067571429164	2	FALSE	56.4025047282615	0	NA	NA
1	NewGTmethodsims_africaeurope_5050_60gen_0.5percent_rep22	1	49.8569145747224	46.8168338906709	52.896995258774	-743.028928050309	-8.67324936399321	2	FALSE	44.9429468076131	0	NA	NA
1	NewGTmethodsims_africaeurope_5050_60gen_0.5percent_rep23	1	49.8569145747224	46.8168338906709	52.896995258774	-743.028928050309	-13.8650262359865	2	FALSE	65.7967951437412	0	NA	NA
1	NewGTmethodsims_africaeurope_5050_60gen_0.5percent_rep24	1	49.8569145747224	46.8168338906709	52.896995258774	-743.028928050309	-16.6082961504755	2	FALSE	72.5177161348792	0	NA	NA
1	NewGTmethodsims_africaeurope_5050_60gen_0.5percent_rep25	1	49.8569145747224	46.8168338906709	52.896995258774	-743.028928050309	-13.2762819559609	2	FALSE	65.3260608129926	0	NA	NA
1	NewGTmethodsims_africaeurope_5050_60gen_0.5percent_rep26	1	49.8569145747224	46.8168338906709	52.896995258774	-743.028928050309	-20.1827577788009	2	FALSE	67.2669775722406	0	NA	NA
1	NewGTmethodsims_africaeurope_5050_60gen_0.5percent_rep27	1	49.8569145747224	46.8168338906709	52.896995258774	-743.028928050309	-9.90080501765479	2	FALSE	48.2053197745935	0	NA	NA
1	NewGTmethodsims_africaeurope_5050_60gen_0.5percent_rep28	1	49.8569145747224	46.8168338906709	52.896995258774	-743.028928050309	-14.8146768951862	2	FALSE	64.6231770597429	0	NA	NA
1	NewGTmethodsims_africaeurope_5050_60gen_0.5percent_rep29	1	49.8569145747224	46.8168338906709	52.896995258774	-743.028928050309	-12.0037217365089	2	FALSE	37.9168316378772	0	NA	NA
1	NewGTmethodsims_africaeurope_5050_60gen_0.5percent_rep2	1	49.8569145747224	46.8168338906709	52.896995258774	-743.028928050309	-14.096215641239	2	FALSE	64.8570426117764	0	NA	NA
1	NewGTmethodsims_africaeurope_5050_60gen_0.5percent_rep30	1	49.8569145747224	46.8168338906709	52.896995258774	-743.028928050309	-22.2612499597015	2	FALSE	71.7271982270554	0	NA	NA
1	NewGTmethodsims_africaeurope_5050_60gen_0.5percent_rep3	1	49.8569145747224	46.8168338906709	52.896995258774	-743.028928050309	-7.63102523091039	2	FALSE	52.1066828471689	0	NA	NA
1	NewGTmethodsims_africaeurope_5050_60gen_0.5percent_rep4	1	49.8569145747224	46.8168338906709	52.896995258774	-743.028928050309	-10.4629882069816	2	FALSE	44.9817913995799	0	NA	NA
1	NewGTmethodsims_africaeurope_5050_60gen_0.5percent_rep5	1	49.8569145747224	46.8168338906709	52.896995258774	-743.028928050309	-9.80257570740105	2	FALSE	57.5861450087293	0	NA	NA
1	NewGTmethodsims_africaeurope_5050_60gen_0.5percent_rep6	1	49.8569145747224	46.8168338906709	52.896995258774	-743.028928050309	-10.0967588450155	2	FALSE	51.501195880371	0	NA	NA
1	NewGTmethodsims_africaeurope_5050_60gen_0.5percent_rep7	1	49.8569145747224	46.8168338906709	52.896995258774	-743.028928050309	-12.4546638133827	2	FALSE	63.0904245484907	0	NA	NA
1	NewGTmethodsims_africaeurope_5050_60gen_0.5percent_rep8	1	49.8569145747224	46.8168338906709	52.896995258774	-743.028928050309	-27.8804608035153	2	FALSE	76.8804321289062	0	NA	NA
1	NewGTmethodsims_africaeurope_5050_60gen_0.5percent_rep9	1	49.8569145747224	46.8168338906709	52.896995258774	-743.028928050309	-10.615498285721	2	FALSE	57.0585381452755	0	NA	NA
2	africaeurope_30gen30gen_rep10	1	44.603776366205	41.0820957816249	48.125456950785	-567.484730351447	-6.99684291627386	2	TRUE	44.4009244560869	0	0	0
2	africaeurope_30gen30gen_rep11	1	44.603776366205	41.0820957816249	48.125456950785	-567.484730351447	-8.72459189374266	2	TRUE	50.1366412245933	0	0	0
2	africaeurope_30gen30gen_rep12	1	44.603776366205	41.0820957816249	48.125456950785	-567.484730351447	-7.22036785038602	2	TRUE	45.2152193385826	0	0	0
2	africaeurope_30gen30gen_rep13	1	44.603776366205	41.0820957816249	48.125456950785	-567.484730351447	-17.7368796550614	2	TRUE	33.9457113303989	0	0	0
2	africaeurope_30gen30gen_rep14	1	44.603776366205	41.0820957816249	48.125456950785	-567.484730351447	-8.76962884023329	2	TRUE	51.0442678117109	0	0	0
2	africaeurope_30gen30gen_rep15	1	44.603776366205	41.0820957816249	48.125456950785	-567.484730351447	-9.59693691216938	2	TRUE	52.5894622620733	0	0	0
2	africaeurope_30gen30gen_rep16	1	44.603776366205	41.0820957816249	48.125456950785	-567.484730351447	-11.3113274648723	2	TRUE	46.7871939902988	0	0	0
2	africaeurope_30gen30gen_rep17	1	44.603776366205	41.0820957816249	48.125456950785	-567.484730351447	-8.35958119843343	2	TRUE	40.662077176257	0	0	0
2	africaeurope_30gen30gen_rep18	1	44.603776366205	41.0820957816249	48.125456950785	-567.484730351447	-8.1727212741965	2	TRUE	41.5523942167126	0	0	0
2	africaeurope_30gen30gen_rep19	1	44.603776366205	41.0820957816249	48.125456950785	-567.484730351447	-7.09548606519933	2	TRUE	45.5274176231243	0	0	0
2	africaeurope_30gen30gen_rep1	1	44.603776366205	41.0820957816249	48.125456950785	-567.484730351447	-8.06502796487619	2	TRUE	43.2888639384173	0	0	0
2	africaeurope_30gen30gen_rep20	1	44.603776366205	41.0820957816249	48.125456950785	-567.484730351447	-9.11148336205232	2	TRUE	51.6678663805617	0	0	0
2	africaeurope_30gen30gen_rep21	1	44.603776366205	41.0820957816249	48.125456950785	-567.484730351447	-15.7323540091741	2	TRUE	32.3024232445423	0	0	0
2	africaeurope_30gen30gen_rep22	1	44.603776366205	41.0820957816249	48.125456950785	-567.484730351447	-9.21557304471983	2	TRUE	37.5440712103208	0	0	0
2	africaeurope_30gen30gen_rep23	1	44.603776366205	41.0820957816249	48.125456950785	-567.484730351447	-9.50696037939811	2	TRUE	45.5274176231243	0	0	0
2	africaeurope_30gen30gen_rep24	1	44.603776366205	41.0820957816249	48.125456950785	-567.484730351447	-9.67257597895693	2	TRUE	36.3848524830887	0	0	0
2	africaeurope_30gen30gen_rep25	1	44.603776366205	41.0820957816249	48.125456950785	-567.484730351447	-10.7445722776356	2	TRUE	52.505337592393	0	0	0
2	africaeurope_30gen30gen_rep26	1	44.603776366205	41.0820957816249	48.125456950785	-567.484730351447	-8.61883780186598	2	TRUE	50.7545765659871	0	0	0
2	africaeurope_30gen30gen_rep27	2	65.2201339777301	59.1975666210589	71.2427013344014	-567.484730351447	-13.4019173631885	2	TRUE	58.1605078212944	0	0	0
2	africaeurope_30gen30gen_rep28	2	65.2201339777301	59.1975666210589	71.2427013344014	-567.484730351447	-8.49156374852977	2	TRUE	60.3514818147144	0	0	0
2	africaeurope_30gen30gen_rep29	1	44.603776366205	41.0820957816249	48.125456950785	-567.484730351447	-9.02762491545634	2	TRUE	44.1311746355301	0	0	0
2	africaeurope_30gen30gen_rep2	1	44.603776366205	41.0820957816249	48.125456950785	-567.484730351447	-7.5004023717567	2	TRUE	47.3438720880321	0	0	0
2	africaeurope_30gen30gen_rep30	1	44.603776366205	41.0820957816249	48.125456950785	-567.484730351447	-8.55354594883348	2	TRUE	45.5274176231243	0	0	0
2	africaeurope_30gen30gen_rep3	1	44.603776366205	41.0820957816249	48.125456950785	-567.484730351447	-8.31546145056567	2	TRUE	41.5803758575685	0	0	0
2	africaeurope_30gen30gen_rep4	1	44.603776366205	41.0820957816249	48.125456950785	-567.484730351447	-7.96964145675233	2	TRUE	40.1931156840785	0	0	0
2	africaeurope_30gen30gen_rep5	2	65.2201339777301	59.1975666210589	71.2427013344014	-567.484730351447	-8.09401819313001	2	TRUE	67.076349903777	0	0	0
2	africaeurope_30gen30gen_rep6	1	44.603776366205	41.0820957816249	48.125456950785	-567.484730351447	-10.1593698021024	2	TRUE	53.3496733223541	0	0	0
2	africaeurope_30gen30gen_rep7	2	65.2201339777301	59.1975666210589	71.2427013344014	-567.484730351447	-8.36716188211556	2	TRUE	61.7132305987066	0	0	0
2	africaeurope_30gen30gen_rep8	1	44.603776366205	41.0820957816249	48.125456950785	-567.484730351447	-8.05393901564227	2	TRUE	47.903913799649	0	0	0
2	africaeurope_30gen30gen_rep9	1	44.603776366205	41.0820957816249	48.125456950785	-567.484730351447	-7.21966870546443	2	TRUE	46.0764074605523	0	0	0
2	NewGTmethodsims_africaeurope_5050_60gen_0.5percent_rep10	2	65.2201339777301	59.1975666210589	71.2427013344014	-567.484730351447	-10.4587164952291	2	TRUE	67.12398107895	0	0	0
2	NewGTmethodsims_africaeurope_5050_60gen_0.5percent_rep11	1	44.603776366205	41.0820957816249	48.125456950785	-567.484730351447	-11.0027719467377	2	TRUE	53.9447927216141	0	0	0
2	NewGTmethodsims_africaeurope_5050_60gen_0.5percent_rep12	2	65.2201339777301	59.1975666210589	71.2427013344014	-567.484730351447	-10.8635074189998	2	TRUE	73.0140207956612	0	0	0
2	NewGTmethodsims_africaeurope_5050_60gen_0.5percent_rep13	1	44.603776366205	41.0820957816249	48.125456950785	-567.484730351447	-8.78100968017029	2	TRUE	50.9614130778846	0	0	0
2	NewGTmethodsims_africaeurope_5050_60gen_0.5percent_rep14	2	65.2201339777301	59.1975666210589	71.2427013344014	-567.484730351447	-8.83879163009034	2	TRUE	70.013256759768	0	0	0
2	NewGTmethodsims_africaeurope_5050_60gen_0.5percent_rep15	2	65.2201339777301	59.1975666210589	71.2427013344014	-567.484730351447	-8.75838758232024	2	TRUE	66.387626364332	0	0	0
2	NewGTmethodsims_africaeurope_5050_60gen_0.5percent_rep16	2	65.2201339777301	59.1975666210589	71.2427013344014	-567.484730351447	-7.87538835641992	2	TRUE	66.9335593460303	0	0	0
2	NewGTmethodsims_africaeurope_5050_60gen_0.5percent_rep17	1	44.603776366205	41.0820957816249	48.125456950785	-567.484730351447	-9.88813467798806	2	TRUE	39.8090062619898	0	0	0
2	NewGTmethodsims_africaeurope_5050_60gen_0.5percent_rep18	1	44.603776366205	41.0820957816249	48.125456950785	-567.484730351447	-8.51289624655021	2	TRUE	49.0340880645335	0	0	0
2	NewGTmethodsims_africaeurope_5050_60gen_0.5percent_rep19	2	65.2201339777301	59.1975666210589	71.2427013344014	-567.484730351447	-9.4579095686817	2	TRUE	72.6168397766729	0	0	0
2	NewGTmethodsims_africaeurope_5050_60gen_0.5percent_rep1	1	44.603776366205	41.0820957816249	48.125456950785	-567.484730351447	-9.49732708602403	2	TRUE	38.2244427087469	0	0	0
2	NewGTmethodsims_africaeurope_5050_60gen_0.5percent_rep20	1	44.603776366205	41.0820957816249	48.125456950785	-567.484730351447	-9.88090071790723	2	TRUE	52.4212815678941	0	0	0
2	NewGTmethodsims_africaeurope_5050_60gen_0.5percent_rep21	2	65.2201339777301	59.1975666210589	71.2427013344014	-567.484730351447	-9.97775025554456	2	TRUE	56.4025047282615	0	0	0
2	NewGTmethodsims_africaeurope_5050_60gen_0.5percent_rep22	1	44.603776366205	41.0820957816249	48.125456950785	-567.484730351447	-8.35949101674824	2	TRUE	44.9429468076131	0	0	0
2	NewGTmethodsims_africaeurope_5050_60gen_0.5percent_rep23	2	65.2201339777301	59.1975666210589	71.2427013344014	-567.484730351447	-8.02705903040062	2	TRUE	65.7967951437412	0	0	0
2	NewGTmethodsims_africaeurope_5050_60gen_0.5percent_rep24	2	65.2201339777301	59.1975666210589	71.2427013344014	-567.484730351447	-11.7343756850049	2	TRUE	72.5177161348792	0	0	0
2	NewGTmethodsims_africaeurope_5050_60gen_0.5percent_rep25	2	65.2201339777301	59.1975666210589	71.2427013344014	-567.484730351447	-8.50003277379974	2	TRUE	65.3260608129926	0	0	0
2	NewGTmethodsims_africaeurope_5050_60gen_0.5percent_rep26	2	65.2201339777301	59.1975666210589	71.2427013344014	-567.484730351447	-8.55109436491009	2	TRUE	67.2669775722406	0	0	0
2	NewGTmethodsims_africaeurope_5050_60gen_0.5percent_rep27	1	44.603776366205	41.0820957816249	48.125456950785	-567.484730351447	-10.727347802562	2	TRUE	48.2053197745935	0	0	0
2	NewGTmethodsims_africaeurope_5050_60gen_0.5percent_rep28	2	65.2201339777301	59.1975666210589	71.2427013344014	-567.484730351447	-7.86302299358708	2	TRUE	64.6231770597429	0	0	0
2	NewGTmethodsims_africaeurope_5050_60gen_0.5percent_rep29	1	44.603776366205	41.0820957816249	48.125456950785	-567.484730351447	-8.95662390018371	2	TRUE	37.9168316378772	0	0	0
2	NewGTmethodsims_africaeurope_5050_60gen_0.5percent_rep2	2	65.2201339777301	59.1975666210589	71.2427013344014	-567.484730351447	-11.2857072829817	2	TRUE	64.8570426117764	0	0	0
2	NewGTmethodsims_africaeurope_5050_60gen_0.5percent_rep30	2	65.2201339777301	59.1975666210589	71.2427013344014	-567.484730351447	-9.0654745831579	2	TRUE	71.7271982270554	0	0	0
2	NewGTmethodsims_africaeurope_5050_60gen_0.5percent_rep3	1	44.603776366205	41.0820957816249	48.125456950785	-567.484730351447	-9.70674178766285	2	TRUE	52.1066828471689	0	0	0
2	NewGTmethodsims_africaeurope_5050_60gen_0.5percent_rep4	1	44.603776366205	41.0820957816249	48.125456950785	-567.484730351447	-10.8782160155439	2	TRUE	44.9817913995799	0	0	0
2	NewGTmethodsims_africaeurope_5050_60gen_0.5percent_rep5	2	65.2201339777301	59.1975666210589	71.2427013344014	-567.484730351447	-9.31624372009421	2	TRUE	57.5861450087293	0	0	0
2	NewGTmethodsims_africaeurope_5050_60gen_0.5percent_rep6	1	44.603776366205	41.0820957816249	48.125456950785	-567.484730351447	-11.4265352340344	2	TRUE	51.501195880371	0	0	0
2	NewGTmethodsims_africaeurope_5050_60gen_0.5percent_rep7	2	65.2201339777301	59.1975666210589	71.2427013344014	-567.484730351447	-7.89706944832174	2	TRUE	63.0904245484907	0	0	0
2	NewGTmethodsims_africaeurope_5050_60gen_0.5percent_rep8	2	65.2201339777301	59.1975666210589	71.2427013344014	-567.484730351447	-11.4982367813458	2	TRUE	76.8804321289062	0	0	0
2	NewGTmethodsims_africaeurope_5050_60gen_0.5percent_rep9	2	65.2201339777301	59.1975666210589	71.2427013344014	-567.484730351447	-10.0919025256597	2	TRUE	57.0585381452755	0	0	0
3	africaeurope_30gen30gen_rep10	1	41.2061962286036	36.5942164587917	45.8181759984156	-525.217339390216	-7.08361542909604	2	FALSE	44.4009244560869	0	0	0
3	africaeurope_30gen30gen_rep11	2	50.5787135520094	45.5423737234417	55.6150533805772	-525.217339390216	-7.45493587496213	2	FALSE	50.1366412245933	0	0	0
3	africaeurope_30gen30gen_rep12	1	41.2061962286036	36.5942164587917	45.8181759984156	-525.217339390216	-7.13694854995262	2	FALSE	45.2152193385826	0	0	0
3	africaeurope_30gen30gen_rep13	1	41.2061962286036	36.5942164587917	45.8181759984156	-525.217339390216	-10.7255818142143	2	FALSE	33.9457113303989	0	0	0
3	africaeurope_30gen30gen_rep14	2	50.5787135520094	45.5423737234417	55.6150533805772	-525.217339390216	-7.40439168388626	2	FALSE	51.0442678117109	0	0	0
3	africaeurope_30gen30gen_rep15	2	50.5787135520094	45.5423737234417	55.6150533805772	-525.217339390216	-7.51569820715178	2	FALSE	52.5894622620733	0	0	0
3	africaeurope_30gen30gen_rep16	1	41.2061962286036	36.5942164587917	45.8181759984156	-525.217339390216	-11.7538903931969	2	FALSE	46.7871939902988	0	0	0
3	africaeurope_30gen30gen_rep17	1	41.2061962286036	36.5942164587917	45.8181759984156	-525.217339390216	-6.11253375000746	2	FALSE	40.662077176257	0	0	0
3	africaeurope_30gen30gen_rep18	1	41.2061962286036	36.5942164587917	45.8181759984156	-525.217339390216	-6.09140476480748	2	FALSE	41.5523942167126	0	0	0
3	africaeurope_30gen30gen_rep19	1	41.2061962286036	36.5942164587917	45.8181759984156	-525.217339390216	-7.36821881196459	2	FALSE	45.5274176231243	0	0	0
3	africaeurope_30gen30gen_rep1	2	50.5787135520094	45.5423737234417	55.6150533805772	-525.217339390216	-8.93057976343912	2	FALSE	43.2888639384173	0	0	0
3	africaeurope_30gen30gen_rep20	2	50.5787135520094	45.5423737234417	55.6150533805772	-525.217339390216	-7.68667255009848	2	FALSE	51.6678663805617	0	0	0
3	africaeurope_30gen30gen_rep21	1	41.2061962286036	36.5942164587917	45.8181759984156	-525.217339390216	-10.7914062884516	2	FALSE	32.3024232445423	0	0	0
3	africaeurope_30gen30gen_rep22	1	41.2061962286036	36.5942164587917	45.8181759984156	-525.217339390216	-7.64442996717464	2	FALSE	37.5440712103208	0	0	0
3	africaeurope_30gen30gen_rep23	2	50.5787135520094	45.5423737234417	55.6150533805772	-525.217339390216	-9.13024846157834	2	FALSE	45.5274176231243	0	0	0
3	africaeurope_30gen30gen_rep24	1	41.2061962286036	36.5942164587917	45.8181759984156	-525.217339390216	-9.09347612724557	2	FALSE	36.3848524830887	0	0	0
3	africaeurope_30gen30gen_rep25	2	50.5787135520094	45.5423737234417	55.6150533805772	-525.217339390216	-8.90193091412367	2	FALSE	52.505337592393	0	0	0
3	africaeurope_30gen30gen_rep26	2	50.5787135520094	45.5423737234417	55.6150533805772	-525.217339390216	-7.45519914775368	2	FALSE	50.7545765659871	0	0	0
3	africaeurope_30gen30gen_rep27	2	50.5787135520094	45.5423737234417	55.6150533805772	-525.217339390216	-13.2834467338807	2	FALSE	58.1605078212944	0	0	0
3	africaeurope_30gen30gen_rep28	3	67.2379529261705	60.4591880150071	74.0167178373338	-525.217339390216	-9.24571984185219	2	FALSE	60.3514818147144	0	0	0
3	africaeurope_30gen30gen_rep29	2	50.5787135520094	45.5423737234417	55.6150533805772	-525.217339390216	-9.08041764086933	2	FALSE	44.1311746355301	0	0	0
3	africaeurope_30gen30gen_rep2	2	50.5787135520094	45.5423737234417	55.6150533805772	-525.217339390216	-7.84478855395683	2	FALSE	47.3438720880321	0	0	0
3	africaeurope_30gen30gen_rep30	2	50.5787135520094	45.5423737234417	55.6150533805772	-525.217339390216	-8.43130195204263	2	FALSE	45.5274176231243	0	0	0
3	africaeurope_30gen30gen_rep3	1	41.2061962286036	36.5942164587917	45.8181759984156	-525.217339390216	-6.11084360491937	2	FALSE	41.5803758575685	0	0	0
3	africaeurope_30gen30gen_rep4	1	41.2061962286036	36.5942164587917	45.8181759984156	-525.217339390216	-8.09178241913021	2	FALSE	40.1931156840785	0	0	0
3	africaeurope_30gen30gen_rep5	3	67.2379529261705	60.4591880150071	74.0167178373338	-525.217339390216	-8.03948809045237	2	FALSE	67.076349903777	0	0	0
3	africaeurope_30gen30gen_rep6	2	50.5787135520094	45.5423737234417	55.6150533805772	-525.217339390216	-7.86442786737206	2	FALSE	53.3496733223541	0	0	0
3	africaeurope_30gen30gen_rep7	3	67.2379529261705	60.4591880150071	74.0167178373338	-525.217339390216	-8.75565241301465	2	FALSE	61.7132305987066	0	0	0
3	africaeurope_30gen30gen_rep8	1	41.2061962286036	36.5942164587917	45.8181759984156	-525.217339390216	-9.03198745064258	2	FALSE	47.903913799649	0	0	0
3	africaeurope_30gen30gen_rep9	2	50.5787135520094	45.5423737234417	55.6150533805772	-525.217339390216	-8.35574658787175	2	FALSE	46.0764074605523	0	0	0
3	NewGTmethodsims_africaeurope_5050_60gen_0.5percent_rep10	3	67.2379529261705	60.4591880150071	74.0167178373338	-525.217339390216	-10.3642754221425	2	FALSE	67.12398107895	0	0	0
3	NewGTmethodsims_africaeurope_5050_60gen_0.5percent_rep11	2	50.5787135520094	45.5423737234417	55.6150533805772	-525.217339390216	-8.57152371748889	2	FALSE	53.9447927216141	0	0	0
3	NewGTmethodsims_africaeurope_5050_60gen_0.5percent_rep12	3	67.2379529261705	60.4591880150071	74.0167178373338	-525.217339390216	-10.5131838055406	2	FALSE	73.0140207956612	0	0	0
3	NewGTmethodsims_africaeurope_5050_60gen_0.5percent_rep13	2	50.5787135520094	45.5423737234417	55.6150533805772	-525.217339390216	-7.84669401264138	2	FALSE	50.9614130778846	0	0	0
3	NewGTmethodsims_africaeurope_5050_60gen_0.5percent_rep14	3	67.2379529261705	60.4591880150071	74.0167178373338	-525.217339390216	-8.57134802069785	2	FALSE	70.013256759768	0	0	0
3	NewGTmethodsims_africaeurope_5050_60gen_0.5percent_rep15	3	67.2379529261705	60.4591880150071	74.0167178373338	-525.217339390216	-8.72245315960712	2	FALSE	66.387626364332	0	0	0
3	NewGTmethodsims_africaeurope_5050_60gen_0.5percent_rep16	3	67.2379529261705	60.4591880150071	74.0167178373338	-525.217339390216	-7.82880414901183	2	FALSE	66.9335593460303	0	0	0
3	NewGTmethodsims_africaeurope_5050_60gen_0.5percent_rep17	2	50.5787135520094	45.5423737234417	55.6150533805772	-525.217339390216	-10.749084588806	2	FALSE	39.8090062619898	0	0	0
3	NewGTmethodsims_africaeurope_5050_60gen_0.5percent_rep18	2	50.5787135520094	45.5423737234417	55.6150533805772	-525.217339390216	-7.56627891661439	2	FALSE	49.0340880645335	0	0	0
3	NewGTmethodsims_africaeurope_5050_60gen_0.5percent_rep19	3	67.2379529261705	60.4591880150071	74.0167178373338	-525.217339390216	-9.01255203836158	2	FALSE	72.6168397766729	0	0	0
3	NewGTmethodsims_africaeurope_5050_60gen_0.5percent_rep1	1	41.2061962286036	36.5942164587917	45.8181759984156	-525.217339390216	-6.74144992346963	2	FALSE	38.2244427087469	0	0	0
3	NewGTmethodsims_africaeurope_5050_60gen_0.5percent_rep20	2	50.5787135520094	45.5423737234417	55.6150533805772	-525.217339390216	-7.87041769000532	2	FALSE	52.4212815678941	0	0	0
3	NewGTmethodsims_africaeurope_5050_60gen_0.5percent_rep21	2	50.5787135520094	45.5423737234417	55.6150533805772	-525.217339390216	-9.67737667422983	2	FALSE	56.4025047282615	0	0	0
3	NewGTmethodsims_africaeurope_5050_60gen_0.5percent_rep22	2	50.5787135520094	45.5423737234417	55.6150533805772	-525.217339390216	-8.48467275656424	2	FALSE	44.9429468076131	0	0	0
3	NewGTmethodsims_africaeurope_5050_60gen_0.5percent_rep23	3	67.2379529261705	60.4591880150071	74.0167178373338	-525.217339390216	-8.08346204733845	2	FALSE	65.7967951437412	0	0	0
3	NewGTmethodsims_africaeurope_5050_60gen_0.5percent_rep24	3	67.2379529261705	60.4591880150071	74.0167178373338	-525.217339390216	-11.4288185386393	2	FALSE	72.5177161348792	0	0	0
3	NewGTmethodsims_africaeurope_5050_60gen_0.5percent_rep25	3	67.2379529261705	60.4591880150071	74.0167178373338	-525.217339390216	-8.56772020553788	2	FALSE	65.3260608129926	0	0	0
3	NewGTmethodsims_africaeurope_5050_60gen_0.5percent_rep26	3	67.2379529261705	60.4591880150071	74.0167178373338	-525.217339390216	-8.37771852444574	2	FALSE	67.2669775722406	0	0	0
3	NewGTmethodsims_africaeurope_5050_60gen_0.5percent_rep27	2	50.5787135520094	45.5423737234417	55.6150533805772	-525.217339390216	-9.81763801617698	2	FALSE	48.2053197745935	0	0	0
3	NewGTmethodsims_africaeurope_5050_60gen_0.5percent_rep28	3	67.2379529261705	60.4591880150071	74.0167178373338	-525.217339390216	-8.10518182313798	2	FALSE	64.6231770597429	0	0	0
3	NewGTmethodsims_africaeurope_5050_60gen_0.5percent_rep29	1	41.2061962286036	36.5942164587917	45.8181759984156	-525.217339390216	-9.16629331010643	2	FALSE	37.9168316378772	0	0	0
3	NewGTmethodsims_africaeurope_5050_60gen_0.5percent_rep2	3	67.2379529261705	60.4591880150071	74.0167178373338	-525.217339390216	-11.2496951820122	2	FALSE	64.8570426117764	0	0	0
3	NewGTmethodsims_africaeurope_5050_60gen_0.5percent_rep30	3	67.2379529261705	60.4591880150071	74.0167178373338	-525.217339390216	-8.40936133782581	2	FALSE	71.7271982270554	0	0	0
3	NewGTmethodsims_africaeurope_5050_60gen_0.5percent_rep3	2	50.5787135520094	45.5423737234417	55.6150533805772	-525.217339390216	-8.38897367752142	2	FALSE	52.1066828471689	0	0	0
3	NewGTmethodsims_africaeurope_5050_60gen_0.5percent_rep4	2	50.5787135520094	45.5423737234417	55.6150533805772	-525.217339390216	-10.5191287974224	2	FALSE	44.9817913995799	0	0	0
3	NewGTmethodsims_africaeurope_5050_60gen_0.5percent_rep5	2	50.5787135520094	45.5423737234417	55.6150533805772	-525.217339390216	-9.21738767850909	2	FALSE	57.5861450087293	0	0	0
3	NewGTmethodsims_africaeurope_5050_60gen_0.5percent_rep6	2	50.5787135520094	45.5423737234417	55.6150533805772	-525.217339390216	-10.0017622540455	2	FALSE	51.501195880371	0	0	0
3	NewGTmethodsims_africaeurope_5050_60gen_0.5percent_rep7	3	67.2379529261705	60.4591880150071	74.0167178373338	-525.217339390216	-8.25357166141855	2	FALSE	63.0904245484907	0	0	0
3	NewGTmethodsims_africaeurope_5050_60gen_0.5percent_rep8	3	67.2379529261705	60.4591880150071	74.0167178373338	-525.217339390216	-10.3408564525479	2	FALSE	76.8804321289062	0	0	0
3	NewGTmethodsims_africaeurope_5050_60gen_0.5percent_rep9	2	50.5787135520094	45.5423737234417	55.6150533805772	-525.217339390216	-10.3528893532398	2	FALSE	57.0585381452755	0	0	0
4	africaeurope_30gen30gen_rep10	3	49.2984174397195	44.3788865875148	54.2179482919242	-503.977571790059	-7.56432568732256	2	FALSE	44.4009244560869	0	0	0
4	africaeurope_30gen30gen_rep11	3	49.2984174397195	44.3788865875148	54.2179482919242	-503.977571790059	-8.75308236348205	2	FALSE	50.1366412245933	0	0	0
4	africaeurope_30gen30gen_rep12	3	49.2984174397195	44.3788865875148	54.2179482919242	-503.977571790059	-7.46365456678327	2	FALSE	45.2152193385826	0	0	0
4	africaeurope_30gen30gen_rep13	1	38.0588144006865	32.1652203104303	43.9524084909428	-503.977571790059	-8.07462690472629	2	FALSE	33.9457113303989	0	0	0
4	africaeurope_30gen30gen_rep14	3	49.2984174397195	44.3788865875148	54.2179482919242	-503.977571790059	-7.56089901340301	2	FALSE	51.0442678117109	0	0	0
4	africaeurope_30gen30gen_rep15	3	49.2984174397195	44.3788865875148	54.2179482919242	-503.977571790059	-8.71536526483016	2	FALSE	52.5894622620733	0	0	0
4	africaeurope_30gen30gen_rep16	3	49.2984174397195	44.3788865875148	54.2179482919242	-503.977571790059	-12.5660952954609	2	FALSE	46.7871939902988	0	0	0
4	africaeurope_30gen30gen_rep17	1	38.0588144006865	32.1652203104303	43.9524084909428	-503.977571790059	-6.65007262546795	2	FALSE	40.662077176257	0	0	0
4	africaeurope_30gen30gen_rep18	1	38.0588144006865	32.1652203104303	43.9524084909428	-503.977571790059	-7.10607955993767	2	FALSE	41.5523942167126	0	0	0
4	africaeurope_30gen30gen_rep19	3	49.2984174397195	44.3788865875148	54.2179482919242	-503.977571790059	-7.11057856958706	2	FALSE	45.5274176231243	0	0	0
4	africaeurope_30gen30gen_rep1	2	48.9074762276829	41.0819490859238	56.7330033694421	-503.977571790059	-8.89668649852131	2	FALSE	43.2888639384173	0	0	0
4	africaeurope_30gen30gen_rep20	3	49.2984174397195	44.3788865875148	54.2179482919242	-503.977571790059	-7.06581495783093	2	FALSE	51.6678663805617	0	0	0
4	africaeurope_30gen30gen_rep21	1	38.0588144006865	32.1652203104303	43.9524084909428	-503.977571790059	-8.15894262339137	2	FALSE	32.3024232445423	0	0	0
4	africaeurope_30gen30gen_rep22	1	38.0588144006865	32.1652203104303	43.9524084909428	-503.977571790059	-6.89175541931335	2	FALSE	37.5440712103208	0	0	0
4	africaeurope_30gen30gen_rep23	2	48.9074762276829	41.0819490859238	56.7330033694421	-503.977571790059	-7.92585455216092	2	FALSE	45.5274176231243	0	0	0
4	africaeurope_30gen30gen_rep24	1	38.0588144006865	32.1652203104303	43.9524084909428	-503.977571790059	-8.07919200811001	2	FALSE	36.3848524830887	0	0	0
4	africaeurope_30gen30gen_rep25	2	48.9074762276829	41.0819490859238	56.7330033694421	-503.977571790059	-8.07870619879201	2	FALSE	52.505337592393	0	0	0
4	africaeurope_30gen30gen_rep26	3	49.2984174397195	44.3788865875148	54.2179482919242	-503.977571790059	-7.29263829125336	2	FALSE	50.7545765659871	0	0	0
4	africaeurope_30gen30gen_rep27	3	49.2984174397195	44.3788865875148	54.2179482919242	-503.977571790059	-11.2044493862598	2	FALSE	58.1605078212944	0	0	0
4	africaeurope_30gen30gen_rep28	4	67.2379529261705	60.4591880150071	74.0167178373338	-503.977571790059	-9.24571984185219	2	FALSE	60.3514818147144	0	0	0
4	africaeurope_30gen30gen_rep29	2	48.9074762276829	41.0819490859238	56.7330033694421	-503.977571790059	-7.95010637549452	2	FALSE	44.1311746355301	0	0	0
4	africaeurope_30gen30gen_rep2	3	49.2984174397195	44.3788865875148	54.2179482919242	-503.977571790059	-7.3396065071923	2	FALSE	47.3438720880321	0	0	0
4	africaeurope_30gen30gen_rep30	2	48.9074762276829	41.0819490859238	56.7330033694421	-503.977571790059	-7.79243388838687	2	FALSE	45.5274176231243	0	0	0
4	africaeurope_30gen30gen_rep3	1	38.0588144006865	32.1652203104303	43.9524084909428	-503.977571790059	-7.20787734921916	2	FALSE	41.5803758575685	0	0	0
4	africaeurope_30gen30gen_rep4	1	38.0588144006865	32.1652203104303	43.9524084909428	-503.977571790059	-7.92740457380917	2	FALSE	40.1931156840785	0	0	0
4	africaeurope_30gen30gen_rep5	4	67.2379529261705	60.4591880150071	74.0167178373338	-503.977571790059	-8.03948809045237	2	FALSE	67.076349903777	0	0	0
4	africaeurope_30gen30gen_rep6	2	48.9074762276829	41.0819490859238	56.7330033694421	-503.977571790059	-8.18780348591971	2	FALSE	53.3496733223541	0	0	0
4	africaeurope_30gen30gen_rep7	4	67.2379529261705	60.4591880150071	74.0167178373338	-503.977571790059	-8.75565241301465	2	FALSE	61.7132305987066	0	0	0
4	africaeurope_30gen30gen_rep8	3	49.2984174397195	44.3788865875148	54.2179482919242	-503.977571790059	-6.7295353528356	2	FALSE	47.903913799649	0	0	0
4	africaeurope_30gen30gen_rep9	3	49.2984174397195	44.3788865875148	54.2179482919242	-503.977571790059	-7.36427246658212	2	FALSE	46.0764074605523	0	0	0
4	NewGTmethodsims_africaeurope_5050_60gen_0.5percent_rep10	4	67.2379529261705	60.4591880150071	74.0167178373338	-503.977571790059	-10.3642754221425	2	FALSE	67.12398107895	0	0	0
4	NewGTmethodsims_africaeurope_5050_60gen_0.5percent_rep11	3	49.2984174397195	44.3788865875148	54.2179482919242	-503.977571790059	-7.48280054834721	2	FALSE	53.9447927216141	0	0	0
4	NewGTmethodsims_africaeurope_5050_60gen_0.5percent_rep12	4	67.2379529261705	60.4591880150071	74.0167178373338	-503.977571790059	-10.5131838055406	2	FALSE	73.0140207956612	0	0	0
4	NewGTmethodsims_africaeurope_5050_60gen_0.5percent_rep13	3	49.2984174397195	44.3788865875148	54.2179482919242	-503.977571790059	-6.74618708655515	2	FALSE	50.9614130778846	0	0	0
4	NewGTmethodsims_africaeurope_5050_60gen_0.5percent_rep14	4	67.2379529261705	60.4591880150071	74.0167178373338	-503.977571790059	-8.57134802069785	2	FALSE	70.013256759768	0	0	0
4	NewGTmethodsims_africaeurope_5050_60gen_0.5percent_rep15	4	67.2379529261705	60.4591880150071	74.0167178373338	-503.977571790059	-8.72245315960712	2	FALSE	66.387626364332	0	0	0
4	NewGTmethodsims_africaeurope_5050_60gen_0.5percent_rep16	4	67.2379529261705	60.4591880150071	74.0167178373338	-503.977571790059	-7.82880414901183	2	FALSE	66.9335593460303	0	0	0
4	NewGTmethodsims_africaeurope_5050_60gen_0.5percent_rep17	2	48.9074762276829	41.0819490859238	56.7330033694421	-503.977571790059	-9.20292258781502	2	FALSE	39.8090062619898	0	0	0
4	NewGTmethodsims_africaeurope_5050_60gen_0.5percent_rep18	2	48.9074762276829	41.0819490859238	56.7330033694421	-503.977571790059	-8.11731022843725	2	FALSE	49.0340880645335	0	0	0
4	NewGTmethodsims_africaeurope_5050_60gen_0.5percent_rep19	4	67.2379529261705	60.4591880150071	74.0167178373338	-503.977571790059	-9.01255203836158	2	FALSE	72.6168397766729	0	0	0
4	NewGTmethodsims_africaeurope_5050_60gen_0.5percent_rep1	1	38.0588144006865	32.1652203104303	43.9524084909428	-503.977571790059	-6.24391785119541	2	FALSE	38.2244427087469	0	0	0
4	NewGTmethodsims_africaeurope_5050_60gen_0.5percent_rep20	2	48.9074762276829	41.0819490859238	56.7330033694421	-503.977571790059	-7.86186482239591	2	FALSE	52.4212815678941	0	0	0
4	NewGTmethodsims_africaeurope_5050_60gen_0.5percent_rep21	2	48.9074762276829	41.0819490859238	56.7330033694421	-503.977571790059	-9.04249078447072	2	FALSE	56.4025047282615	0	0	0
4	NewGTmethodsims_africaeurope_5050_60gen_0.5percent_rep22	2	48.9074762276829	41.0819490859238	56.7330033694421	-503.977571790059	-8.02021968300164	2	FALSE	44.9429468076131	0	0	0
4	NewGTmethodsims_africaeurope_5050_60gen_0.5percent_rep23	4	67.2379529261705	60.4591880150071	74.0167178373338	-503.977571790059	-8.08346204733845	2	FALSE	65.7967951437412	0	0	0
4	NewGTmethodsims_africaeurope_5050_60gen_0.5percent_rep24	4	67.2379529261705	60.4591880150071	74.0167178373338	-503.977571790059	-11.4288185386393	2	FALSE	72.5177161348792	0	0	0
4	NewGTmethodsims_africaeurope_5050_60gen_0.5percent_rep25	4	67.2379529261705	60.4591880150071	74.0167178373338	-503.977571790059	-8.56772020553788	2	FALSE	65.3260608129926	0	0	0
4	NewGTmethodsims_africaeurope_5050_60gen_0.5percent_rep26	4	67.2379529261705	60.4591880150071	74.0167178373338	-503.977571790059	-8.37771852444574	2	FALSE	67.2669775722406	0	0	0
4	NewGTmethodsims_africaeurope_5050_60gen_0.5percent_rep27	2	48.9074762276829	41.0819490859238	56.7330033694421	-503.977571790059	-8.85033717033591	2	FALSE	48.2053197745935	0	0	0
4	NewGTmethodsims_africaeurope_5050_60gen_0.5percent_rep28	4	67.2379529261705	60.4591880150071	74.0167178373338	-503.977571790059	-8.10518182313798	2	FALSE	64.6231770597429	0	0	0
4	NewGTmethodsims_africaeurope_5050_60gen_0.5percent_rep29	1	38.0588144006865	32.1652203104303	43.9524084909428	-503.977571790059	-8.47079697660201	2	FALSE	37.9168316378772	0	0	0
4	NewGTmethodsims_africaeurope_5050_60gen_0.5percent_rep2	4	67.2379529261705	60.4591880150071	74.0167178373338	-503.977571790059	-11.2496951820122	2	FALSE	64.8570426117764	0	0	0
4	NewGTmethodsims_africaeurope_5050_60gen_0.5percent_rep30	4	67.2379529261705	60.4591880150071	74.0167178373338	-503.977571790059	-8.40936133782581	2	FALSE	71.7271982270554	0	0	0
4	NewGTmethodsims_africaeurope_5050_60gen_0.5percent_rep3	3	49.2984174397195	44.3788865875148	54.2179482919242	-503.977571790059	-6.78492517796988	2	FALSE	52.1066828471689	0	0	0
4	NewGTmethodsims_africaeurope_5050_60gen_0.5percent_rep4	2	48.9074762276829	41.0819490859238	56.7330033694421	-503.977571790059	-9.53381175196105	2	FALSE	44.9817913995799	0	0	0
4	NewGTmethodsims_africaeurope_5050_60gen_0.5percent_rep5	2	48.9074762276829	41.0819490859238	56.7330033694421	-503.977571790059	-9.00949815609872	2	FALSE	57.5861450087293	0	0	0
4	NewGTmethodsims_africaeurope_5050_60gen_0.5percent_rep6	2	48.9074762276829	41.0819490859238	56.7330033694421	-503.977571790059	-9.26947272515782	2	FALSE	51.501195880371	0	0	0
4	NewGTmethodsims_africaeurope_5050_60gen_0.5percent_rep7	4	67.2379529261705	60.4591880150071	74.0167178373338	-503.977571790059	-8.25357166141855	2	FALSE	63.0904245484907	0	0	0
4	NewGTmethodsims_africaeurope_5050_60gen_0.5percent_rep8	4	67.2379529261705	60.4591880150071	74.0167178373338	-503.977571790059	-10.3408564525479	2	FALSE	76.8804321289062	0	0	0
4	NewGTmethodsims_africaeurope_5050_60gen_0.5percent_rep9	2	48.9074762276829	41.0819490859238	56.7330033694421	-503.977571790059	-9.81329374005774	2	FALSE	57.0585381452755	0	0	0
