# CLUSTERING STRENGTH + LIKELIHOOD K SELECTION RESULTS (GLOBETROTTER)
# Recommended K: 2
# Method: GLOBETROTTER
# Clustering strength threshold: 0.78
# Likelihood thresholds: k1 to k2(k=2):0.69 k1 to k2(k=3):0.9 k2 to k3:0.43 k3 to k4:0.31
#
model_k	pop	cluster	joint_date_est_best	joint_date_lowerci	joint_date_upperci	likelihood_mean	likelihood_per_ind	recommended_k	is_recommended	ind_date_est	sample_age_est_best	sample_age_lowerci_mean	sample_age_upperci_mean
1	africaeurope_30gen30gen_rep10	1	56.2386724853713	54.3935759035114	58.0837690672311	-833.770619640895	-14.241296504776	2	FALSE	44.4009244560869	0	NA	NA
1	africaeurope_30gen30gen_rep11	1	56.2386724853713	54.3935759035114	58.0837690672311	-833.770619640895	-10.1391491316854	2	FALSE	50.1366412245933	0	NA	NA
1	africaeurope_30gen30gen_rep12	1	56.2386724853713	54.3935759035114	58.0837690672311	-833.770619640895	-14.1518582431845	2	FALSE	45.2152193385826	0	NA	NA
1	africaeurope_30gen30gen_rep13	1	56.2386724853713	54.3935759035114	58.0837690672311	-833.770619640895	-47.7737229296303	2	FALSE	33.9457113303989	0	NA	NA
1	africaeurope_30gen30gen_rep14	1	56.2386724853713	54.3935759035114	58.0837690672311	-833.770619640895	-9.23602112476408	2	FALSE	51.0442678117109	0	NA	NA
1	africaeurope_30gen30gen_rep15	1	56.2386724853713	54.3935759035114	58.0837690672311	-833.770619640895	-9.29500899232029	2	FALSE	52.5894622620733	0	NA	NA
1	africaeurope_30gen30gen_rep16	1	56.2386724853713	54.3935759035114	58.0837690672311	-833.770619640895	-16.7018465615035	2	FALSE	46.7871939902988	0	NA	NA
1	africaeurope_30gen30gen_rep17	1	56.2386724853713	54.3935759035114	58.0837690672311	-833.770619640895	-22.4732634822078	2	FALSE	40.662077176257	0	NA	NA
1	africaeurope_30gen30gen_rep18	1	56.2386724853713	54.3935759035114	58.0837690672311	-833.770619640895	-21.5447285028393	2	FALSE	41.5523942167126	0	NA	NA
1	africaeurope_30gen30gen_rep19	1	56.2386724853713	54.3935759035114	58.0837690672311	-833.770619640895	-13.2621617925091	2	FALSE	45.5274176231243	0	NA	NA
1	africaeurope_30gen30gen_rep1	1	56.2386724853713	54.3935759035114	58.0837690672311	-833.770619640895	-13.7420806984362	2	FALSE	43.2888639384173	0	NA	NA
1	africaeurope_30gen30gen_rep20	1	56.2386724853713	54.3935759035114	58.0837690672311	-833.770619640895	-8.65099137387718	2	FALSE	51.6678663805617	0	NA	NA
1	africaeurope_30gen30gen_rep21	1	56.2386724853713	54.3935759035114	58.0837690672311	-833.770619640895	-39.584965615828	2	FALSE	32.3024232445423	0	NA	NA
1	africaeurope_30gen30gen_rep22	1	56.2386724853713	54.3935759035114	58.0837690672311	-833.770619640895	-22.9569351356253	2	FALSE	37.5440712103208	0	NA	NA
1	africaeurope_30gen30gen_rep23	1	56.2386724853713	54.3935759035114	58.0837690672311	-833.770619640895	-12.9452194863753	2	FALSE	45.5274176231243	0	NA	NA
1	africaeurope_30gen30gen_rep24	1	56.2386724853713	54.3935759035114	58.0837690672311	-833.770619640895	-21.8732960629796	2	FALSE	36.3848524830887	0	NA	NA
1	africaeurope_30gen30gen_rep25	1	56.2386724853713	54.3935759035114	58.0837690672311	-833.770619640895	-11.2915907181747	2	FALSE	52.505337592393	0	NA	NA
1	africaeurope_30gen30gen_rep26	1	56.2386724853713	54.3935759035114	58.0837690672311	-833.770619640895	-9.22338784352422	2	FALSE	50.7545765659871	0	NA	NA
1	africaeurope_30gen30gen_rep27	1	56.2386724853713	54.3935759035114	58.0837690672311	-833.770619640895	-6.94572854809917	2	FALSE	58.1605078212944	0	NA	NA
1	africaeurope_30gen30gen_rep28	1	56.2386724853713	54.3935759035114	58.0837690672311	-833.770619640895	-9.26312539729857	2	FALSE	60.3514818147144	0	NA	NA
1	africaeurope_30gen30gen_rep29	1	56.2386724853713	54.3935759035114	58.0837690672311	-833.770619640895	-13.356643738129	2	FALSE	44.1311746355301	0	NA	NA
1	africaeurope_30gen30gen_rep2	1	56.2386724853713	54.3935759035114	58.0837690672311	-833.770619640895	-11.0223957006255	2	FALSE	47.3438720880321	0	NA	NA
1	africaeurope_30gen30gen_rep30	1	56.2386724853713	54.3935759035114	58.0837690672311	-833.770619640895	-12.505723445782	2	FALSE	45.5274176231243	0	NA	NA
1	africaeurope_30gen30gen_rep3	1	56.2386724853713	54.3935759035114	58.0837690672311	-833.770619640895	-22.028004680049	2	FALSE	41.5803758575685	0	NA	NA
1	africaeurope_30gen30gen_rep4	1	56.2386724853713	54.3935759035114	58.0837690672311	-833.770619640895	-17.4236061907913	2	FALSE	40.1931156840785	0	NA	NA
1	africaeurope_30gen30gen_rep5	1	56.2386724853713	54.3935759035114	58.0837690672311	-833.770619640895	-12.6579703410777	2	FALSE	67.076349903777	0	NA	NA
1	africaeurope_30gen30gen_rep6	1	56.2386724853713	54.3935759035114	58.0837690672311	-833.770619640895	-9.81176480491136	2	FALSE	53.3496733223541	0	NA	NA
1	africaeurope_30gen30gen_rep7	1	56.2386724853713	54.3935759035114	58.0837690672311	-833.770619640895	-10.9534660558443	2	FALSE	61.7132305987066	0	NA	NA
1	africaeurope_30gen30gen_rep8	1	56.2386724853713	54.3935759035114	58.0837690672311	-833.770619640895	-11.1245154450034	2	FALSE	47.903913799649	0	NA	NA
1	africaeurope_30gen30gen_rep9	1	56.2386724853713	54.3935759035114	58.0837690672311	-833.770619640895	-11.9511357306528	2	FALSE	46.0764074605523	0	NA	NA
1	NewGTmethodsims_africaeurope_5050_30gen_0.5percent_rep10	1	56.2386724853713	54.3935759035114	58.0837690672311	-833.770619640895	-10.1068845637953	2	FALSE	50.751676322438	30	NA	NA
1	NewGTmethodsims_africaeurope_5050_30gen_0.5percent_rep11	1	56.2386724853713	54.3935759035114	58.0837690672311	-833.770619640895	-6.32585275103682	2	FALSE	57.3760090427085	30	NA	NA
1	NewGTmethodsims_africaeurope_5050_30gen_0.5percent_rep12	1	56.2386724853713	54.3935759035114	58.0837690672311	-833.770619640895	-12.5890673469447	2	FALSE	64.3948292721088	30	NA	NA
1	NewGTmethodsims_africaeurope_5050_30gen_0.5percent_rep13	1	56.2386724853713	54.3935759035114	58.0837690672311	-833.770619640895	-9.48077478513511	2	FALSE	62.5610435239635	30	NA	NA
1	NewGTmethodsims_africaeurope_5050_30gen_0.5percent_rep14	1	56.2386724853713	54.3935759035114	58.0837690672311	-833.770619640895	-8.99402084839105	2	FALSE	60.3193215570932	30	NA	NA
1	NewGTmethodsims_africaeurope_5050_30gen_0.5percent_rep15	1	56.2386724853713	54.3935759035114	58.0837690672311	-833.770619640895	-7.84069509284284	2	FALSE	54.8665494812942	30	NA	NA
1	NewGTmethodsims_africaeurope_5050_30gen_0.5percent_rep16	1	56.2386724853713	54.3935759035114	58.0837690672311	-833.770619640895	-9.32154377987293	2	FALSE	59.9872283599444	30	NA	NA
1	NewGTmethodsims_africaeurope_5050_30gen_0.5percent_rep17	1	56.2386724853713	54.3935759035114	58.0837690672311	-833.770619640895	-8.16324930452095	2	FALSE	60.9290658306171	30	NA	NA
1	NewGTmethodsims_africaeurope_5050_30gen_0.5percent_rep18	1	56.2386724853713	54.3935759035114	58.0837690672311	-833.770619640895	-12.8460239490732	2	FALSE	52.1368245438712	30	NA	NA
1	NewGTmethodsims_africaeurope_5050_30gen_0.5percent_rep19	1	56.2386724853713	54.3935759035114	58.0837690672311	-833.770619640895	-8.00553115995412	2	FALSE	60.4264675013276	30	NA	NA
1	NewGTmethodsims_africaeurope_5050_30gen_0.5percent_rep1	1	56.2386724853713	54.3935759035114	58.0837690672311	-833.770619640895	-11.6385419348619	2	FALSE	62.0815955511866	30	NA	NA
1	NewGTmethodsims_africaeurope_5050_30gen_0.5percent_rep20	1	56.2386724853713	54.3935759035114	58.0837690672311	-833.770619640895	-9.26960089152152	2	FALSE	59.9872283599444	30	NA	NA
1	NewGTmethodsims_africaeurope_5050_30gen_0.5percent_rep21	1	56.2386724853713	54.3935759035114	58.0837690672311	-833.770619640895	-15.5110424679184	2	FALSE	68.1039211638136	30	NA	NA
1	NewGTmethodsims_africaeurope_5050_30gen_0.5percent_rep22	1	56.2386724853713	54.3935759035114	58.0837690672311	-833.770619640895	-32.6848379421099	2	FALSE	67.8501285497962	30	NA	NA
1	NewGTmethodsims_africaeurope_5050_30gen_0.5percent_rep23	1	56.2386724853713	54.3935759035114	58.0837690672311	-833.770619640895	-8.09319397430935	2	FALSE	51.5502414322623	30	NA	NA
1	NewGTmethodsims_africaeurope_5050_30gen_0.5percent_rep24	1	56.2386724853713	54.3935759035114	58.0837690672311	-833.770619640895	-10.9417286897349	2	FALSE	63.7820061857347	30	NA	NA
1	NewGTmethodsims_africaeurope_5050_30gen_0.5percent_rep25	1	56.2386724853713	54.3935759035114	58.0837690672311	-833.770619640895	-25.1963177724034	2	FALSE	66.3848524830887	30	NA	NA
1	NewGTmethodsims_africaeurope_5050_30gen_0.5percent_rep26	1	56.2386724853713	54.3935759035114	58.0837690672311	-833.770619640895	-11.2377473859959	2	FALSE	59.4691892217674	30	NA	NA
1	NewGTmethodsims_africaeurope_5050_30gen_0.5percent_rep27	1	56.2386724853713	54.3935759035114	58.0837690672311	-833.770619640895	-13.7641953012518	2	FALSE	58.9325969866615	30	NA	NA
1	NewGTmethodsims_africaeurope_5050_30gen_0.5percent_rep28	1	56.2386724853713	54.3935759035114	58.0837690672311	-833.770619640895	-17.2533567095725	2	FALSE	68.5467888952854	30	NA	NA
1	NewGTmethodsims_africaeurope_5050_30gen_0.5percent_rep29	1	56.2386724853713	54.3935759035114	58.0837690672311	-833.770619640895	-23.7933957801983	2	FALSE	68.6949953280287	30	NA	NA
1	NewGTmethodsims_africaeurope_5050_30gen_0.5percent_rep2	1	56.2386724853713	54.3935759035114	58.0837690672311	-833.770619640895	-7.77898165523032	2	FALSE	60.3550151582005	30	NA	NA
1	NewGTmethodsims_africaeurope_5050_30gen_0.5percent_rep30	1	56.2386724853713	54.3935759035114	58.0837690672311	-833.770619640895	-11.2936812916759	2	FALSE	51.1785681195943	30	NA	NA
1	NewGTmethodsims_africaeurope_5050_30gen_0.5percent_rep3	1	56.2386724853713	54.3935759035114	58.0837690672311	-833.770619640895	-6.80121900302338	2	FALSE	58.5219779273923	30	NA	NA
1	NewGTmethodsims_africaeurope_5050_30gen_0.5percent_rep4	1	56.2386724853713	54.3935759035114	58.0837690672311	-833.770619640895	-9.14362254086839	2	FALSE	59.0720853939493	30	NA	NA
1	NewGTmethodsims_africaeurope_5050_30gen_0.5percent_rep5	1	56.2386724853713	54.3935759035114	58.0837690672311	-833.770619640895	-15.6081489086896	2	FALSE	64.7831194741508	30	NA	NA
1	NewGTmethodsims_africaeurope_5050_30gen_0.5percent_rep6	1	56.2386724853713	54.3935759035114	58.0837690672311	-833.770619640895	-11.5663301778862	2	FALSE	60.6054783478016	30	NA	NA
1	NewGTmethodsims_africaeurope_5050_30gen_0.5percent_rep7	1	56.2386724853713	54.3935759035114	58.0837690672311	-833.770619640895	-9.88938966291967	2	FALSE	58.3666249937074	30	NA	NA
1	NewGTmethodsims_africaeurope_5050_30gen_0.5percent_rep8	1	56.2386724853713	54.3935759035114	58.0837690672311	-833.770619640895	-11.3963338259758	2	FALSE	51.910238816736	30	NA	NA
1	NewGTmethodsims_africaeurope_5050_30gen_0.5percent_rep9	1	56.2386724853713	54.3935759035114	58.0837690672311	-833.770619640895	-9.10370586467576	2	FALSE	62.1673801013756	30	NA	NA
2	africaeurope_30gen30gen_rep10	1	46.9858855970079	43.8750339158459	50.0967372781699	-559.135177148479	-7.14241092560856	2	TRUE	44.4009244560869	0	0	0
2	africaeurope_30gen30gen_rep11	1	46.9858855970079	43.8750339158459	50.0967372781699	-559.135177148479	-8.72075754049224	2	TRUE	50.1366412245933	0	0	0
2	africaeurope_30gen30gen_rep12	1	46.9858855970079	43.8750339158459	50.0967372781699	-559.135177148479	-6.78703485251382	2	TRUE	45.2152193385826	0	0	0
2	africaeurope_30gen30gen_rep13	1	46.9858855970079	43.8750339158459	50.0967372781699	-559.135177148479	-20.9471978057926	2	TRUE	33.9457113303989	0	0	0
2	africaeurope_30gen30gen_rep14	1	46.9858855970079	43.8750339158459	50.0967372781699	-559.135177148479	-8.2592045535413	2	TRUE	51.0442678117109	0	0	0
2	africaeurope_30gen30gen_rep15	1	46.9858855970079	43.8750339158459	50.0967372781699	-559.135177148479	-9.17496139591837	2	TRUE	52.5894622620733	0	0	0
2	africaeurope_30gen30gen_rep16	1	46.9858855970079	43.8750339158459	50.0967372781699	-559.135177148479	-7.78855255683994	2	TRUE	46.7871939902988	0	0	0
2	africaeurope_30gen30gen_rep17	1	46.9858855970079	43.8750339158459	50.0967372781699	-559.135177148479	-9.19128715204357	2	TRUE	40.662077176257	0	0	0
2	africaeurope_30gen30gen_rep18	1	46.9858855970079	43.8750339158459	50.0967372781699	-559.135177148479	-8.63861446861466	2	TRUE	41.5523942167126	0	0	0
2	africaeurope_30gen30gen_rep19	1	46.9858855970079	43.8750339158459	50.0967372781699	-559.135177148479	-6.80421883286888	2	TRUE	45.5274176231243	0	0	0
2	africaeurope_30gen30gen_rep1	1	46.9858855970079	43.8750339158459	50.0967372781699	-559.135177148479	-8.99250121837128	2	TRUE	43.2888639384173	0	0	0
2	africaeurope_30gen30gen_rep20	1	46.9858855970079	43.8750339158459	50.0967372781699	-559.135177148479	-8.15389740567467	2	TRUE	51.6678663805617	0	0	0
2	africaeurope_30gen30gen_rep21	1	46.9858855970079	43.8750339158459	50.0967372781699	-559.135177148479	-18.9635527747725	2	TRUE	32.3024232445423	0	0	0
2	africaeurope_30gen30gen_rep22	1	46.9858855970079	43.8750339158459	50.0967372781699	-559.135177148479	-10.9940904080789	2	TRUE	37.5440712103208	0	0	0
2	africaeurope_30gen30gen_rep23	1	46.9858855970079	43.8750339158459	50.0967372781699	-559.135177148479	-10.3372952276763	2	TRUE	45.5274176231243	0	0	0
2	africaeurope_30gen30gen_rep24	1	46.9858855970079	43.8750339158459	50.0967372781699	-559.135177148479	-11.589172274366	2	TRUE	36.3848524830887	0	0	0
2	africaeurope_30gen30gen_rep25	1	46.9858855970079	43.8750339158459	50.0967372781699	-559.135177148479	-11.0105466015951	2	TRUE	52.505337592393	0	0	0
2	africaeurope_30gen30gen_rep26	1	46.9858855970079	43.8750339158459	50.0967372781699	-559.135177148479	-8.05123881753514	2	TRUE	50.7545765659871	0	0	0
2	africaeurope_30gen30gen_rep27	2	61.2601823303367	58.9684695599197	63.5518951007537	-559.135177148479	-7.8431335395039	2	TRUE	58.1605078212944	0	0	0
2	africaeurope_30gen30gen_rep28	2	61.2601823303367	58.9684695599197	63.5518951007537	-559.135177148479	-9.63938241653402	2	TRUE	60.3514818147144	0	0	0
2	africaeurope_30gen30gen_rep29	1	46.9858855970079	43.8750339158459	50.0967372781699	-559.135177148479	-9.95408350677662	2	TRUE	44.1311746355301	0	0	0
2	africaeurope_30gen30gen_rep2	1	46.9858855970079	43.8750339158459	50.0967372781699	-559.135177148479	-7.52390478015685	2	TRUE	47.3438720880321	0	0	0
2	africaeurope_30gen30gen_rep30	1	46.9858855970079	43.8750339158459	50.0967372781699	-559.135177148479	-9.28900216640037	2	TRUE	45.5274176231243	0	0	0
2	africaeurope_30gen30gen_rep3	1	46.9858855970079	43.8750339158459	50.0967372781699	-559.135177148479	-8.71465312448706	2	TRUE	41.5803758575685	0	0	0
2	africaeurope_30gen30gen_rep4	1	46.9858855970079	43.8750339158459	50.0967372781699	-559.135177148479	-9.25506572099337	2	TRUE	40.1931156840785	0	0	0
2	africaeurope_30gen30gen_rep5	2	61.2601823303367	58.9684695599197	63.5518951007537	-559.135177148479	-11.753951699683	2	TRUE	67.076349903777	0	0	0
2	africaeurope_30gen30gen_rep6	1	46.9858855970079	43.8750339158459	50.0967372781699	-559.135177148479	-9.94399601999126	2	TRUE	53.3496733223541	0	0	0
2	africaeurope_30gen30gen_rep7	2	61.2601823303367	58.9684695599197	63.5518951007537	-559.135177148479	-11.234983693921	2	TRUE	61.7132305987066	0	0	0
2	africaeurope_30gen30gen_rep8	1	46.9858855970079	43.8750339158459	50.0967372781699	-559.135177148479	-6.6258730727886	2	TRUE	47.903913799649	0	0	0
2	africaeurope_30gen30gen_rep9	1	46.9858855970079	43.8750339158459	50.0967372781699	-559.135177148479	-7.38653785939315	2	TRUE	46.0764074605523	0	0	0
2	NewGTmethodsims_africaeurope_5050_30gen_0.5percent_rep10	1	46.9858855970079	43.8750339158459	50.0967372781699	-559.135177148479	-10.0020359021003	2	TRUE	50.751676322438	30	30	30
2	NewGTmethodsims_africaeurope_5050_30gen_0.5percent_rep11	2	61.2601823303367	58.9684695599197	63.5518951007537	-559.135177148479	-7.52942871091213	2	TRUE	57.3760090427085	30	30	30
2	NewGTmethodsims_africaeurope_5050_30gen_0.5percent_rep12	2	61.2601823303367	58.9684695599197	63.5518951007537	-559.135177148479	-7.03997877719335	2	TRUE	64.3948292721088	30	30	30
2	NewGTmethodsims_africaeurope_5050_30gen_0.5percent_rep13	2	61.2601823303367	58.9684695599197	63.5518951007537	-559.135177148479	-6.63762246504302	2	TRUE	62.5610435239635	30	30	30
2	NewGTmethodsims_africaeurope_5050_30gen_0.5percent_rep14	2	61.2601823303367	58.9684695599197	63.5518951007537	-559.135177148479	-9.31899480229791	2	TRUE	60.3193215570932	30	30	30
2	NewGTmethodsims_africaeurope_5050_30gen_0.5percent_rep15	2	61.2601823303367	58.9684695599197	63.5518951007537	-559.135177148479	-13.4561627346911	2	TRUE	54.8665494812942	30	30	30
2	NewGTmethodsims_africaeurope_5050_30gen_0.5percent_rep16	2	61.2601823303367	58.9684695599197	63.5518951007537	-559.135177148479	-5.77652485545115	2	TRUE	59.9872283599444	30	30	30
2	NewGTmethodsims_africaeurope_5050_30gen_0.5percent_rep17	2	61.2601823303367	58.9684695599197	63.5518951007537	-559.135177148479	-6.23293594034878	2	TRUE	60.9290658306171	30	30	30
2	NewGTmethodsims_africaeurope_5050_30gen_0.5percent_rep18	1	46.9858855970079	43.8750339158459	50.0967372781699	-559.135177148479	-21.3476299340554	2	TRUE	52.1368245438712	30	30	30
2	NewGTmethodsims_africaeurope_5050_30gen_0.5percent_rep19	2	61.2601823303367	58.9684695599197	63.5518951007537	-559.135177148479	-5.98952274121471	2	TRUE	60.4264675013276	30	30	30
2	NewGTmethodsims_africaeurope_5050_30gen_0.5percent_rep1	2	61.2601823303367	58.9684695599197	63.5518951007537	-559.135177148479	-5.63319830229868	2	TRUE	62.0815955511866	30	30	30
2	NewGTmethodsims_africaeurope_5050_30gen_0.5percent_rep20	2	61.2601823303367	58.9684695599197	63.5518951007537	-559.135177148479	-5.77374209275207	2	TRUE	59.9872283599444	30	30	30
2	NewGTmethodsims_africaeurope_5050_30gen_0.5percent_rep21	2	61.2601823303367	58.9684695599197	63.5518951007537	-559.135177148479	-10.1055119594658	2	TRUE	68.1039211638136	30	30	30
2	NewGTmethodsims_africaeurope_5050_30gen_0.5percent_rep22	2	61.2601823303367	58.9684695599197	63.5518951007537	-559.135177148479	-13.6954357838107	2	TRUE	67.8501285497962	30	30	30
2	NewGTmethodsims_africaeurope_5050_30gen_0.5percent_rep23	1	46.9858855970079	43.8750339158459	50.0967372781699	-559.135177148479	-7.84496873456643	2	TRUE	51.5502414322623	30	30	30
2	NewGTmethodsims_africaeurope_5050_30gen_0.5percent_rep24	2	61.2601823303367	58.9684695599197	63.5518951007537	-559.135177148479	-6.96006655651504	2	TRUE	63.7820061857347	30	30	30
2	NewGTmethodsims_africaeurope_5050_30gen_0.5percent_rep25	2	61.2601823303367	58.9684695599197	63.5518951007537	-559.135177148479	-10.1296671254901	2	TRUE	66.3848524830887	30	30	30
2	NewGTmethodsims_africaeurope_5050_30gen_0.5percent_rep26	2	61.2601823303367	58.9684695599197	63.5518951007537	-559.135177148479	-6.61369790740434	2	TRUE	59.4691892217674	30	30	30
2	NewGTmethodsims_africaeurope_5050_30gen_0.5percent_rep27	2	61.2601823303367	58.9684695599197	63.5518951007537	-559.135177148479	-8.51642186535921	2	TRUE	58.9325969866615	30	30	30
2	NewGTmethodsims_africaeurope_5050_30gen_0.5percent_rep28	2	61.2601823303367	58.9684695599197	63.5518951007537	-559.135177148479	-10.5963728341077	2	TRUE	68.5467888952854	30	30	30
2	NewGTmethodsims_africaeurope_5050_30gen_0.5percent_rep29	2	61.2601823303367	58.9684695599197	63.5518951007537	-559.135177148479	-12.0912069995996	2	TRUE	68.6949953280287	30	30	30
2	NewGTmethodsims_africaeurope_5050_30gen_0.5percent_rep2	2	61.2601823303367	58.9684695599197	63.5518951007537	-559.135177148479	-6.17124963194411	2	TRUE	60.3550151582005	30	30	30
2	NewGTmethodsims_africaeurope_5050_30gen_0.5percent_rep30	1	46.9858855970079	43.8750339158459	50.0967372781699	-559.135177148479	-13.3708613403938	2	TRUE	51.1785681195943	30	30	30
2	NewGTmethodsims_africaeurope_5050_30gen_0.5percent_rep3	2	61.2601823303367	58.9684695599197	63.5518951007537	-559.135177148479	-6.64377334357085	2	TRUE	58.5219779273923	30	30	30
2	NewGTmethodsims_africaeurope_5050_30gen_0.5percent_rep4	2	61.2601823303367	58.9684695599197	63.5518951007537	-559.135177148479	-6.50934570173781	2	TRUE	59.0720853939493	30	30	30
2	NewGTmethodsims_africaeurope_5050_30gen_0.5percent_rep5	2	61.2601823303367	58.9684695599197	63.5518951007537	-559.135177148479	-7.24344248385385	2	TRUE	64.7831194741508	30	30	30
2	NewGTmethodsims_africaeurope_5050_30gen_0.5percent_rep6	2	61.2601823303367	58.9684695599197	63.5518951007537	-559.135177148479	-5.67910937318797	2	TRUE	60.6054783478016	30	30	30
2	NewGTmethodsims_africaeurope_5050_30gen_0.5percent_rep7	2	61.2601823303367	58.9684695599197	63.5518951007537	-559.135177148479	-7.88651099284271	2	TRUE	58.3666249937074	30	30	30
2	NewGTmethodsims_africaeurope_5050_30gen_0.5percent_rep8	1	46.9858855970079	43.8750339158459	50.0967372781699	-559.135177148479	-17.0750467718439	2	TRUE	51.910238816736	30	30	30
2	NewGTmethodsims_africaeurope_5050_30gen_0.5percent_rep9	2	61.2601823303367	58.9684695599197	63.5518951007537	-559.135177148479	-6.55360807149306	2	TRUE	62.1673801013756	30	30	30
3	africaeurope_30gen30gen_rep10	1	41.374623936836	36.538840188495	46.2104076851769	-497.369881397421	-7.19190125388184	2	FALSE	44.4009244560869	0	0	0
3	africaeurope_30gen30gen_rep11	1	41.374623936836	36.538840188495	46.2104076851769	-497.369881397421	-10.2923469725743	2	FALSE	50.1366412245933	0	0	0
3	africaeurope_30gen30gen_rep12	1	41.374623936836	36.538840188495	46.2104076851769	-497.369881397421	-7.64990670609877	2	FALSE	45.2152193385826	0	0	0
3	africaeurope_30gen30gen_rep13	1	41.374623936836	36.538840188495	46.2104076851769	-497.369881397421	-12.091270322295	2	FALSE	33.9457113303989	0	0	0
3	africaeurope_30gen30gen_rep14	2	51.5058912986013	47.7433081275799	55.2684744696228	-497.369881397421	-8.20272759181829	2	FALSE	51.0442678117109	0	0	0
3	africaeurope_30gen30gen_rep15	2	51.5058912986013	47.7433081275799	55.2684744696228	-497.369881397421	-8.80799678927258	2	FALSE	52.5894622620733	0	0	0
3	africaeurope_30gen30gen_rep16	2	51.5058912986013	47.7433081275799	55.2684744696228	-497.369881397421	-8.92715716734871	2	FALSE	46.7871939902988	0	0	0
3	africaeurope_30gen30gen_rep17	1	41.374623936836	36.538840188495	46.2104076851769	-497.369881397421	-6.85732753772042	2	FALSE	40.662077176257	0	0	0
3	africaeurope_30gen30gen_rep18	1	41.374623936836	36.538840188495	46.2104076851769	-497.369881397421	-6.9416919614906	2	FALSE	41.5523942167126	0	0	0
3	africaeurope_30gen30gen_rep19	1	41.374623936836	36.538840188495	46.2104076851769	-497.369881397421	-7.65033857406345	2	FALSE	45.5274176231243	0	0	0
3	africaeurope_30gen30gen_rep1	1	41.374623936836	36.538840188495	46.2104076851769	-497.369881397421	-8.44017075328204	2	FALSE	43.2888639384173	0	0	0
3	africaeurope_30gen30gen_rep20	2	51.5058912986013	47.7433081275799	55.2684744696228	-497.369881397421	-7.73276747412324	2	FALSE	51.6678663805617	0	0	0
3	africaeurope_30gen30gen_rep21	1	41.374623936836	36.538840188495	46.2104076851769	-497.369881397421	-11.4069641251604	2	FALSE	32.3024232445423	0	0	0
3	africaeurope_30gen30gen_rep22	1	41.374623936836	36.538840188495	46.2104076851769	-497.369881397421	-7.52660552094244	2	FALSE	37.5440712103208	0	0	0
3	africaeurope_30gen30gen_rep23	1	41.374623936836	36.538840188495	46.2104076851769	-497.369881397421	-10.4677308104084	2	FALSE	45.5274176231243	0	0	0
3	africaeurope_30gen30gen_rep24	1	41.374623936836	36.538840188495	46.2104076851769	-497.369881397421	-8.30285948736145	2	FALSE	36.3848524830887	0	0	0
3	africaeurope_30gen30gen_rep25	2	51.5058912986013	47.7433081275799	55.2684744696228	-497.369881397421	-10.8461302360228	2	FALSE	52.505337592393	0	0	0
3	africaeurope_30gen30gen_rep26	2	51.5058912986013	47.7433081275799	55.2684744696228	-497.369881397421	-8.04855294126683	2	FALSE	50.7545765659871	0	0	0
3	africaeurope_30gen30gen_rep27	3	61.6170375475382	59.2622381014085	63.971836993668	-497.369881397421	-7.94895909362716	2	FALSE	58.1605078212944	0	0	0
3	africaeurope_30gen30gen_rep28	3	61.6170375475382	59.2622381014085	63.971836993668	-497.369881397421	-9.61618234086203	2	FALSE	60.3514818147144	0	0	0
3	africaeurope_30gen30gen_rep29	1	41.374623936836	36.538840188495	46.2104076851769	-497.369881397421	-9.74479232997704	2	FALSE	44.1311746355301	0	0	0
3	africaeurope_30gen30gen_rep2	1	41.374623936836	36.538840188495	46.2104076851769	-497.369881397421	-8.56527193643715	2	FALSE	47.3438720880321	0	0	0
3	africaeurope_30gen30gen_rep30	1	41.374623936836	36.538840188495	46.2104076851769	-497.369881397421	-9.38551307035809	2	FALSE	45.5274176231243	0	0	0
3	africaeurope_30gen30gen_rep3	1	41.374623936836	36.538840188495	46.2104076851769	-497.369881397421	-7.03220154374542	2	FALSE	41.5803758575685	0	0	0
3	africaeurope_30gen30gen_rep4	1	41.374623936836	36.538840188495	46.2104076851769	-497.369881397421	-7.37740252715599	2	FALSE	40.1931156840785	0	0	0
3	africaeurope_30gen30gen_rep5	3	61.6170375475382	59.2622381014085	63.971836993668	-497.369881397421	-11.6210359053199	2	FALSE	67.076349903777	0	0	0
3	africaeurope_30gen30gen_rep6	2	51.5058912986013	47.7433081275799	55.2684744696228	-497.369881397421	-9.52891212373829	2	FALSE	53.3496733223541	0	0	0
3	africaeurope_30gen30gen_rep7	3	61.6170375475382	59.2622381014085	63.971836993668	-497.369881397421	-11.1847999814853	2	FALSE	61.7132305987066	0	0	0
3	africaeurope_30gen30gen_rep8	2	51.5058912986013	47.7433081275799	55.2684744696228	-497.369881397421	-7.43429872320283	2	FALSE	47.903913799649	0	0	0
3	africaeurope_30gen30gen_rep9	1	41.374623936836	36.538840188495	46.2104076851769	-497.369881397421	-7.97329625922397	2	FALSE	46.0764074605523	0	0	0
3	NewGTmethodsims_africaeurope_5050_30gen_0.5percent_rep10	2	51.5058912986013	47.7433081275799	55.2684744696228	-497.369881397421	-6.47735761929423	2	FALSE	50.751676322438	30	30	30
3	NewGTmethodsims_africaeurope_5050_30gen_0.5percent_rep11	3	61.6170375475382	59.2622381014085	63.971836993668	-497.369881397421	-7.86236225479484	2	FALSE	57.3760090427085	30	30	30
3	NewGTmethodsims_africaeurope_5050_30gen_0.5percent_rep12	3	61.6170375475382	59.2622381014085	63.971836993668	-497.369881397421	-6.82068240481866	2	FALSE	64.3948292721088	30	30	30
3	NewGTmethodsims_africaeurope_5050_30gen_0.5percent_rep13	3	61.6170375475382	59.2622381014085	63.971836993668	-497.369881397421	-6.54785913087379	2	FALSE	62.5610435239635	30	30	30
3	NewGTmethodsims_africaeurope_5050_30gen_0.5percent_rep14	3	61.6170375475382	59.2622381014085	63.971836993668	-497.369881397421	-9.29906628017947	2	FALSE	60.3193215570932	30	30	30
3	NewGTmethodsims_africaeurope_5050_30gen_0.5percent_rep15	2	51.5058912986013	47.7433081275799	55.2684744696228	-497.369881397421	-9.8706836642728	2	FALSE	54.8665494812942	30	30	30
3	NewGTmethodsims_africaeurope_5050_30gen_0.5percent_rep16	3	61.6170375475382	59.2622381014085	63.971836993668	-497.369881397421	-5.99052553088882	2	FALSE	59.9872283599444	30	30	30
3	NewGTmethodsims_africaeurope_5050_30gen_0.5percent_rep17	3	61.6170375475382	59.2622381014085	63.971836993668	-497.369881397421	-6.24712656004733	2	FALSE	60.9290658306171	30	30	30
3	NewGTmethodsims_africaeurope_5050_30gen_0.5percent_rep18	2	51.5058912986013	47.7433081275799	55.2684744696228	-497.369881397421	-9.1334185788552	2	FALSE	52.1368245438712	30	30	30
3	NewGTmethodsims_africaeurope_5050_30gen_0.5percent_rep19	3	61.6170375475382	59.2622381014085	63.971836993668	-497.369881397421	-6.05814665837325	2	FALSE	60.4264675013276	30	30	30
3	NewGTmethodsims_africaeurope_5050_30gen_0.5percent_rep1	3	61.6170375475382	59.2622381014085	63.971836993668	-497.369881397421	-5.58748684433007	2	FALSE	62.0815955511866	30	30	30
3	NewGTmethodsims_africaeurope_5050_30gen_0.5percent_rep20	3	61.6170375475382	59.2622381014085	63.971836993668	-497.369881397421	-5.9849979883351	2	FALSE	59.9872283599444	30	30	30
3	NewGTmethodsims_africaeurope_5050_30gen_0.5percent_rep21	3	61.6170375475382	59.2622381014085	63.971836993668	-497.369881397421	-9.77076796959282	2	FALSE	68.1039211638136	30	30	30
3	NewGTmethodsims_africaeurope_5050_30gen_0.5percent_rep22	3	61.6170375475382	59.2622381014085	63.971836993668	-497.369881397421	-12.8885433416404	2	FALSE	67.8501285497962	30	30	30
3	NewGTmethodsims_africaeurope_5050_30gen_0.5percent_rep23	2	51.5058912986013	47.7433081275799	55.2684744696228	-497.369881397421	-6.8005816353042	2	FALSE	51.5502414322623	30	30	30
3	NewGTmethodsims_africaeurope_5050_30gen_0.5percent_rep24	3	61.6170375475382	59.2622381014085	63.971836993668	-497.369881397421	-6.79787371293944	2	FALSE	63.7820061857347	30	30	30
3	NewGTmethodsims_africaeurope_5050_30gen_0.5percent_rep25	3	61.6170375475382	59.2622381014085	63.971836993668	-497.369881397421	-9.55198999223186	2	FALSE	66.3848524830887	30	30	30
3	NewGTmethodsims_africaeurope_5050_30gen_0.5percent_rep26	3	61.6170375475382	59.2622381014085	63.971836993668	-497.369881397421	-7.04597525453439	2	FALSE	59.4691892217674	30	30	30
3	NewGTmethodsims_africaeurope_5050_30gen_0.5percent_rep27	3	61.6170375475382	59.2622381014085	63.971836993668	-497.369881397421	-9.25773722199636	2	FALSE	58.9325969866615	30	30	30
3	NewGTmethodsims_africaeurope_5050_30gen_0.5percent_rep28	3	61.6170375475382	59.2622381014085	63.971836993668	-497.369881397421	-10.2030697261996	2	FALSE	68.5467888952854	30	30	30
3	NewGTmethodsims_africaeurope_5050_30gen_0.5percent_rep29	3	61.6170375475382	59.2622381014085	63.971836993668	-497.369881397421	-11.4995469583042	2	FALSE	68.6949953280287	30	30	30
3	NewGTmethodsims_africaeurope_5050_30gen_0.5percent_rep2	3	61.6170375475382	59.2622381014085	63.971836993668	-497.369881397421	-6.23116211399852	2	FALSE	60.3550151582005	30	30	30
3	NewGTmethodsims_africaeurope_5050_30gen_0.5percent_rep30	2	51.5058912986013	47.7433081275799	55.2684744696228	-497.369881397421	-7.15070311479228	2	FALSE	51.1785681195943	30	30	30
3	NewGTmethodsims_africaeurope_5050_30gen_0.5percent_rep3	3	61.6170375475382	59.2622381014085	63.971836993668	-497.369881397421	-6.887670777624	2	FALSE	58.5219779273923	30	30	30
3	NewGTmethodsims_africaeurope_5050_30gen_0.5percent_rep4	3	61.6170375475382	59.2622381014085	63.971836993668	-497.369881397421	-6.90204660010692	2	FALSE	59.0720853939493	30	30	30
3	NewGTmethodsims_africaeurope_5050_30gen_0.5percent_rep5	3	61.6170375475382	59.2622381014085	63.971836993668	-497.369881397421	-6.94532429088327	2	FALSE	64.7831194741508	30	30	30
3	NewGTmethodsims_africaeurope_5050_30gen_0.5percent_rep6	3	61.6170375475382	59.2622381014085	63.971836993668	-497.369881397421	-5.86424170908323	2	FALSE	60.6054783478016	30	30	30
3	NewGTmethodsims_africaeurope_5050_30gen_0.5percent_rep7	3	61.6170375475382	59.2622381014085	63.971836993668	-497.369881397421	-8.51359721951038	2	FALSE	58.3666249937074	30	30	30
3	NewGTmethodsims_africaeurope_5050_30gen_0.5percent_rep8	2	51.5058912986013	47.7433081275799	55.2684744696228	-497.369881397421	-7.8957564776757	2	FALSE	51.910238816736	30	30	30
3	NewGTmethodsims_africaeurope_5050_30gen_0.5percent_rep9	3	61.6170375475382	59.2622381014085	63.971836993668	-497.369881397421	-6.4864677056751	2	FALSE	62.1673801013756	30	30	30
4	africaeurope_30gen30gen_rep10	1	41.374623936836	36.538840188495	46.2104076851769	-463.568125132291	-7.19190125388184	2	FALSE	44.4009244560869	0	0	0
4	africaeurope_30gen30gen_rep11	1	41.374623936836	36.538840188495	46.2104076851769	-463.568125132291	-10.2923469725743	2	FALSE	50.1366412245933	0	0	0
4	africaeurope_30gen30gen_rep12	1	41.374623936836	36.538840188495	46.2104076851769	-463.568125132291	-7.64990670609877	2	FALSE	45.2152193385826	0	0	0
4	africaeurope_30gen30gen_rep13	1	41.374623936836	36.538840188495	46.2104076851769	-463.568125132291	-12.091270322295	2	FALSE	33.9457113303989	0	0	0
4	africaeurope_30gen30gen_rep14	2	51.5058912986013	47.7433081275799	55.2684744696228	-463.568125132291	-8.20272759181829	2	FALSE	51.0442678117109	0	0	0
4	africaeurope_30gen30gen_rep15	2	51.5058912986013	47.7433081275799	55.2684744696228	-463.568125132291	-8.80799678927258	2	FALSE	52.5894622620733	0	0	0
4	africaeurope_30gen30gen_rep16	2	51.5058912986013	47.7433081275799	55.2684744696228	-463.568125132291	-8.92715716734871	2	FALSE	46.7871939902988	0	0	0
4	africaeurope_30gen30gen_rep17	1	41.374623936836	36.538840188495	46.2104076851769	-463.568125132291	-6.85732753772042	2	FALSE	40.662077176257	0	0	0
4	africaeurope_30gen30gen_rep18	1	41.374623936836	36.538840188495	46.2104076851769	-463.568125132291	-6.9416919614906	2	FALSE	41.5523942167126	0	0	0
4	africaeurope_30gen30gen_rep19	1	41.374623936836	36.538840188495	46.2104076851769	-463.568125132291	-7.65033857406345	2	FALSE	45.5274176231243	0	0	0
4	africaeurope_30gen30gen_rep1	1	41.374623936836	36.538840188495	46.2104076851769	-463.568125132291	-8.44017075328204	2	FALSE	43.2888639384173	0	0	0
4	africaeurope_30gen30gen_rep20	2	51.5058912986013	47.7433081275799	55.2684744696228	-463.568125132291	-7.73276747412324	2	FALSE	51.6678663805617	0	0	0
4	africaeurope_30gen30gen_rep21	1	41.374623936836	36.538840188495	46.2104076851769	-463.568125132291	-11.4069641251604	2	FALSE	32.3024232445423	0	0	0
4	africaeurope_30gen30gen_rep22	1	41.374623936836	36.538840188495	46.2104076851769	-463.568125132291	-7.52660552094244	2	FALSE	37.5440712103208	0	0	0
4	africaeurope_30gen30gen_rep23	1	41.374623936836	36.538840188495	46.2104076851769	-463.568125132291	-10.4677308104084	2	FALSE	45.5274176231243	0	0	0
4	africaeurope_30gen30gen_rep24	1	41.374623936836	36.538840188495	46.2104076851769	-463.568125132291	-8.30285948736145	2	FALSE	36.3848524830887	0	0	0
4	africaeurope_30gen30gen_rep25	2	51.5058912986013	47.7433081275799	55.2684744696228	-463.568125132291	-10.8461302360228	2	FALSE	52.505337592393	0	0	0
4	africaeurope_30gen30gen_rep26	2	51.5058912986013	47.7433081275799	55.2684744696228	-463.568125132291	-8.04855294126683	2	FALSE	50.7545765659871	0	0	0
4	africaeurope_30gen30gen_rep27	3	59.5408115161987	56.6366206790436	62.4450023533538	-463.568125132291	-8.69209132203927	2	FALSE	58.1605078212944	0	0	0
4	africaeurope_30gen30gen_rep28	4	65.6017617138083	61.5784195664549	69.6251038611618	-463.568125132291	-9.60658616017409	2	FALSE	60.3514818147144	0	0	0
4	africaeurope_30gen30gen_rep29	1	41.374623936836	36.538840188495	46.2104076851769	-463.568125132291	-9.74479232997704	2	FALSE	44.1311746355301	0	0	0
4	africaeurope_30gen30gen_rep2	1	41.374623936836	36.538840188495	46.2104076851769	-463.568125132291	-8.56527193643715	2	FALSE	47.3438720880321	0	0	0
4	africaeurope_30gen30gen_rep30	1	41.374623936836	36.538840188495	46.2104076851769	-463.568125132291	-9.38551307035809	2	FALSE	45.5274176231243	0	0	0
4	africaeurope_30gen30gen_rep3	1	41.374623936836	36.538840188495	46.2104076851769	-463.568125132291	-7.03220154374542	2	FALSE	41.5803758575685	0	0	0
4	africaeurope_30gen30gen_rep4	1	41.374623936836	36.538840188495	46.2104076851769	-463.568125132291	-7.37740252715599	2	FALSE	40.1931156840785	0	0	0
4	africaeurope_30gen30gen_rep5	4	65.6017617138083	61.5784195664549	69.6251038611618	-463.568125132291	-10.1857528067544	2	FALSE	67.076349903777	0	0	0
4	africaeurope_30gen30gen_rep6	2	51.5058912986013	47.7433081275799	55.2684744696228	-463.568125132291	-9.52891212373829	2	FALSE	53.3496733223541	0	0	0
4	africaeurope_30gen30gen_rep7	4	65.6017617138083	61.5784195664549	69.6251038611618	-463.568125132291	-10.6520492970754	2	FALSE	61.7132305987066	0	0	0
4	africaeurope_30gen30gen_rep8	2	51.5058912986013	47.7433081275799	55.2684744696228	-463.568125132291	-7.43429872320283	2	FALSE	47.903913799649	0	0	0
4	africaeurope_30gen30gen_rep9	1	41.374623936836	36.538840188495	46.2104076851769	-463.568125132291	-7.97329625922397	2	FALSE	46.0764074605523	0	0	0
4	NewGTmethodsims_africaeurope_5050_30gen_0.5percent_rep10	2	51.5058912986013	47.7433081275799	55.2684744696228	-463.568125132291	-6.47735761929423	2	FALSE	50.751676322438	30	30	30
4	NewGTmethodsims_africaeurope_5050_30gen_0.5percent_rep11	3	59.5408115161987	56.6366206790436	62.4450023533538	-463.568125132291	-6.26346043729927	2	FALSE	57.3760090427085	30	30	30
4	NewGTmethodsims_africaeurope_5050_30gen_0.5percent_rep12	4	65.6017617138083	61.5784195664549	69.6251038611618	-463.568125132291	-6.27267682987932	2	FALSE	64.3948292721088	30	30	30
4	NewGTmethodsims_africaeurope_5050_30gen_0.5percent_rep13	4	65.6017617138083	61.5784195664549	69.6251038611618	-463.568125132291	-7.01769821950626	2	FALSE	62.5610435239635	30	30	30
4	NewGTmethodsims_africaeurope_5050_30gen_0.5percent_rep14	4	65.6017617138083	61.5784195664549	69.6251038611618	-463.568125132291	-9.38894517822648	2	FALSE	60.3193215570932	30	30	30
4	NewGTmethodsims_africaeurope_5050_30gen_0.5percent_rep15	2	51.5058912986013	47.7433081275799	55.2684744696228	-463.568125132291	-9.8706836642728	2	FALSE	54.8665494812942	30	30	30
4	NewGTmethodsims_africaeurope_5050_30gen_0.5percent_rep16	3	59.5408115161987	56.6366206790436	62.4450023533538	-463.568125132291	-4.89883513144011	2	FALSE	59.9872283599444	30	30	30
4	NewGTmethodsims_africaeurope_5050_30gen_0.5percent_rep17	3	59.5408115161987	56.6366206790436	62.4450023533538	-463.568125132291	-6.80253062389104	2	FALSE	60.9290658306171	30	30	30
4	NewGTmethodsims_africaeurope_5050_30gen_0.5percent_rep18	2	51.5058912986013	47.7433081275799	55.2684744696228	-463.568125132291	-9.1334185788552	2	FALSE	52.1368245438712	30	30	30
4	NewGTmethodsims_africaeurope_5050_30gen_0.5percent_rep19	3	59.5408115161987	56.6366206790436	62.4450023533538	-463.568125132291	-6.08490544067109	2	FALSE	60.4264675013276	30	30	30
4	NewGTmethodsims_africaeurope_5050_30gen_0.5percent_rep1	3	59.5408115161987	56.6366206790436	62.4450023533538	-463.568125132291	-6.02242450544236	2	FALSE	62.0815955511866	30	30	30
4	NewGTmethodsims_africaeurope_5050_30gen_0.5percent_rep20	3	59.5408115161987	56.6366206790436	62.4450023533538	-463.568125132291	-4.90859264512268	2	FALSE	59.9872283599444	30	30	30
4	NewGTmethodsims_africaeurope_5050_30gen_0.5percent_rep21	4	65.6017617138083	61.5784195664549	69.6251038611618	-463.568125132291	-7.06214298158585	2	FALSE	68.1039211638136	30	30	30
4	NewGTmethodsims_africaeurope_5050_30gen_0.5percent_rep22	4	65.6017617138083	61.5784195664549	69.6251038611618	-463.568125132291	-8.18327501197537	2	FALSE	67.8501285497962	30	30	30
4	NewGTmethodsims_africaeurope_5050_30gen_0.5percent_rep23	2	51.5058912986013	47.7433081275799	55.2684744696228	-463.568125132291	-6.8005816353042	2	FALSE	51.5502414322623	30	30	30
4	NewGTmethodsims_africaeurope_5050_30gen_0.5percent_rep24	4	65.6017617138083	61.5784195664549	69.6251038611618	-463.568125132291	-6.51747004290339	2	FALSE	63.7820061857347	30	30	30
4	NewGTmethodsims_africaeurope_5050_30gen_0.5percent_rep25	4	65.6017617138083	61.5784195664549	69.6251038611618	-463.568125132291	-7.08776639746582	2	FALSE	66.3848524830887	30	30	30
4	NewGTmethodsims_africaeurope_5050_30gen_0.5percent_rep26	3	59.5408115161987	56.6366206790436	62.4450023533538	-463.568125132291	-4.94651126465421	2	FALSE	59.4691892217674	30	30	30
4	NewGTmethodsims_africaeurope_5050_30gen_0.5percent_rep27	3	59.5408115161987	56.6366206790436	62.4450023533538	-463.568125132291	-6.03651809029781	2	FALSE	58.9325969866615	30	30	30
4	NewGTmethodsims_africaeurope_5050_30gen_0.5percent_rep28	4	65.6017617138083	61.5784195664549	69.6251038611618	-463.568125132291	-7.05677327082682	2	FALSE	68.5467888952854	30	30	30
4	NewGTmethodsims_africaeurope_5050_30gen_0.5percent_rep29	4	65.6017617138083	61.5784195664549	69.6251038611618	-463.568125132291	-7.22823990846892	2	FALSE	68.6949953280287	30	30	30
4	NewGTmethodsims_africaeurope_5050_30gen_0.5percent_rep2	3	59.5408115161987	56.6366206790436	62.4450023533538	-463.568125132291	-6.43004242198423	2	FALSE	60.3550151582005	30	30	30
4	NewGTmethodsims_africaeurope_5050_30gen_0.5percent_rep30	2	51.5058912986013	47.7433081275799	55.2684744696228	-463.568125132291	-7.15070311479228	2	FALSE	51.1785681195943	30	30	30
4	NewGTmethodsims_africaeurope_5050_30gen_0.5percent_rep3	3	59.5408115161987	56.6366206790436	62.4450023533538	-463.568125132291	-5.79065418033063	2	FALSE	58.5219779273923	30	30	30
4	NewGTmethodsims_africaeurope_5050_30gen_0.5percent_rep4	3	59.5408115161987	56.6366206790436	62.4450023533538	-463.568125132291	-4.82449067456273	2	FALSE	59.0720853939493	30	30	30
4	NewGTmethodsims_africaeurope_5050_30gen_0.5percent_rep5	4	65.6017617138083	61.5784195664549	69.6251038611618	-463.568125132291	-6.32430607743887	2	FALSE	64.7831194741508	30	30	30
4	NewGTmethodsims_africaeurope_5050_30gen_0.5percent_rep6	3	59.5408115161987	56.6366206790436	62.4450023533538	-463.568125132291	-5.01400108446752	2	FALSE	60.6054783478016	30	30	30
4	NewGTmethodsims_africaeurope_5050_30gen_0.5percent_rep7	3	59.5408115161987	56.6366206790436	62.4450023533538	-463.568125132291	-5.29340793968479	2	FALSE	58.3666249937074	30	30	30
4	NewGTmethodsims_africaeurope_5050_30gen_0.5percent_rep8	2	51.5058912986013	47.7433081275799	55.2684744696228	-463.568125132291	-7.8957564776757	2	FALSE	51.910238816736	30	30	30
4	NewGTmethodsims_africaeurope_5050_30gen_0.5percent_rep9	4	65.6017617138083	61.5784195664549	69.6251038611618	-463.568125132291	-7.22134135895784	2	FALSE	62.1673801013756	30	30	30
