africaeurope_30gen60gen_rep10 0 0 77.0847320556641 29.2654002961992
africaeurope_30gen60gen_rep11 0 0 70.5496587870756 25.7323540977529
africaeurope_30gen60gen_rep12 0 0 78.385009765625 27.5314104907875
africaeurope_30gen60gen_rep13 0 0 72.964313103754 24.7610669078385
africaeurope_30gen60gen_rep14 0 0 96.7492828369141 27.4301608307406
africaeurope_30gen60gen_rep15 0 0 51.2517049689447 16.1029399247782
africaeurope_30gen60gen_rep16 0 0 99.75390625 30.2752479200041
africaeurope_30gen60gen_rep17 0 0 101 46.8259764339944
africaeurope_30gen60gen_rep18 0 0 56.5334025083485 20.3655928482555
africaeurope_30gen60gen_rep19 0 0 69.5274204891339 30.0209638144761
africaeurope_30gen60gen_rep1 0 0 71.4318866571129 12.4889577231393
africaeurope_30gen60gen_rep20 0 0 78.5225219726562 20.4081049976128
africaeurope_30gen60gen_rep21 0 0 69.6244504528981 25.3215313539476
africaeurope_30gen60gen_rep22 0 0 69.5759268903684 18.9456260684366
africaeurope_30gen60gen_rep23 0 0 70.451976694089 16.2784591843188
africaeurope_30gen60gen_rep24 0 0 65.2321198823867 27.2017820143833
africaeurope_30gen60gen_rep25 0 0 79.0737915039062 29.311438873716
africaeurope_30gen60gen_rep26 0 0 78.4537506103516 18.8382934774859
africaeurope_30gen60gen_rep27 0 0 91.4727935791016 25.6807985564135
africaeurope_30gen60gen_rep28 0 0 88.1597290039062 23.7193818130934
africaeurope_30gen60gen_rep29 0 0 75.390625 18.4381859396349
africaeurope_30gen60gen_rep2 0 0 93.340087890625 24.9604073922345
africaeurope_30gen60gen_rep30 0 0 106.463272094727 28.6937031419493
africaeurope_30gen60gen_rep3 0 0 47.9440454887651 27.1252696540417
africaeurope_30gen60gen_rep4 0 0 45.3711811904909 28.5179418846245
africaeurope_30gen60gen_rep5 0 0 132.353088378906 35.0657994023028
africaeurope_30gen60gen_rep6 0 0 75.5254516601562 28.3226874373104
africaeurope_30gen60gen_rep7 0 0 93.5654449462891 14.8721811482515
africaeurope_30gen60gen_rep8 0 0 73.7616955297075 44.0926071677197
africaeurope_30gen60gen_rep9 0 0 109.2900390625 37.4974333178694
