africaeurope_30gen30gen_rep10 0 0 44.4009244560869 9.94779510618546
africaeurope_30gen30gen_rep11 0 0 50.1366412245933 13.3880566409199
africaeurope_30gen30gen_rep12 0 0 45.2152193385826 9.0327908006907
africaeurope_30gen30gen_rep13 0 0 33.9457113303989 7.73378442201
africaeurope_30gen30gen_rep14 0 0 51.0442678117109 11.978322716657
africaeurope_30gen30gen_rep15 0 0 52.5894622620733 13.0409809858154
africaeurope_30gen30gen_rep16 0 0 46.7871939902988 6.51863104226618
africaeurope_30gen30gen_rep17 0 0 40.662077176257 8.73487200998034
africaeurope_30gen30gen_rep18 0 0 41.5523942167126 8.45507955679402
africaeurope_30gen30gen_rep19 0 0 45.5274176231243 9.52925701113969
africaeurope_30gen30gen_rep1 0 0 43.2888639384173 13.7199507897382
africaeurope_30gen30gen_rep20 0 0 51.6678663805617 11.1199510579069
africaeurope_30gen30gen_rep21 0 0 32.3024232445423 9.35608371871653
africaeurope_30gen30gen_rep22 0 0 37.5440712103208 10.6466053939826
africaeurope_30gen30gen_rep23 0 0 45.5274176231243 16.6707809676521
africaeurope_30gen30gen_rep24 0 0 36.3848524830887 12.0719827325731
africaeurope_30gen30gen_rep25 0 0 52.505337592393 17.0014290359521
africaeurope_30gen30gen_rep26 0 0 50.7545765659871 11.6698703660474
africaeurope_30gen30gen_rep27 0 0 58.1605078212944 9.06724279091923
africaeurope_30gen30gen_rep28 0 0 60.3514818147144 12.760760904498
africaeurope_30gen30gen_rep29 0 0 44.1311746355301 15.7673769325846
africaeurope_30gen30gen_rep2 0 0 47.3438720880321 11.6484453074131
africaeurope_30gen30gen_rep30 0 0 45.5274176231243 14.7993046193672
africaeurope_30gen30gen_rep3 0 0 41.5803758575685 8.29063410113443
africaeurope_30gen30gen_rep4 0 0 40.1931156840785 11.8153391365693
africaeurope_30gen30gen_rep5 0 0 67.076349903777 15.2562780524172
africaeurope_30gen30gen_rep6 0 0 53.3496733223541 14.2926800271241
africaeurope_30gen30gen_rep7 0 0 61.7132305987066 15.640431990258
africaeurope_30gen30gen_rep8 0 0 47.903913799649 8.7364897520842
africaeurope_30gen30gen_rep9 0 0 46.0764074605523 11.3068096379954
