# CLUSTERING STRENGTH + LIKELIHOOD K SELECTION RESULTS (GLOBETROTTER)
# Recommended K: 2
# Method: GLOBETROTTER
# Clustering strength threshold: 0.78
# Likelihood thresholds: k1 to k2(k=2):0.69 k1 to k2(k=3):0.9 k2 to k3:0.43 k3 to k4:0.31
#
model_k	pop	cluster	joint_date_est_best	joint_date_lowerci	joint_date_upperci	likelihood_mean	likelihood_per_ind	recommended_k	is_recommended	ind_date_est	sample_age_est_best	sample_age_lowerci_mean	sample_age_upperci_mean
1	africaeurope_30gen60gen_rep10	1	88.6666929291347	86.6252352355201	90.7081506227493	-1071.38164027585	-12.5643634107916	2	FALSE	77.0847320556641	0	NA	NA
1	africaeurope_30gen60gen_rep11	1	88.6666929291347	86.6252352355201	90.7081506227493	-1071.38164027585	-13.4110157391101	2	FALSE	70.5496587870756	0	NA	NA
1	africaeurope_30gen60gen_rep12	1	88.6666929291347	86.6252352355201	90.7081506227493	-1071.38164027585	-12.0684339986259	2	FALSE	78.385009765625	0	NA	NA
1	africaeurope_30gen60gen_rep13	1	88.6666929291347	86.6252352355201	90.7081506227493	-1071.38164027585	-12.7015970172999	2	FALSE	72.964313103754	0	NA	NA
1	africaeurope_30gen60gen_rep14	1	88.6666929291347	86.6252352355201	90.7081506227493	-1071.38164027585	-11.7808826946533	2	FALSE	96.7492828369141	0	NA	NA
1	africaeurope_30gen60gen_rep15	1	88.6666929291347	86.6252352355201	90.7081506227493	-1071.38164027585	-35.5583816929995	2	FALSE	51.2517049689447	0	NA	NA
1	africaeurope_30gen60gen_rep16	1	88.6666929291347	86.6252352355201	90.7081506227493	-1071.38164027585	-12.6846846369309	2	FALSE	99.75390625	0	NA	NA
1	africaeurope_30gen60gen_rep17	1	88.6666929291347	86.6252352355201	90.7081506227493	-1071.38164027585	-15.5855423509025	2	FALSE	101	0	NA	NA
1	africaeurope_30gen60gen_rep18	1	88.6666929291347	86.6252352355201	90.7081506227493	-1071.38164027585	-22.0207022334075	2	FALSE	56.5334025083485	0	NA	NA
1	africaeurope_30gen60gen_rep19	1	88.6666929291347	86.6252352355201	90.7081506227493	-1071.38164027585	-13.9881288383992	2	FALSE	69.5274204891339	0	NA	NA
1	africaeurope_30gen60gen_rep1	1	88.6666929291347	86.6252352355201	90.7081506227493	-1071.38164027585	-17.6510690232065	2	FALSE	71.4318866571129	0	NA	NA
1	africaeurope_30gen60gen_rep20	1	88.6666929291347	86.6252352355201	90.7081506227493	-1071.38164027585	-10.8192518749974	2	FALSE	78.5225219726562	0	NA	NA
1	africaeurope_30gen60gen_rep21	1	88.6666929291347	86.6252352355201	90.7081506227493	-1071.38164027585	-13.6583432182633	2	FALSE	69.6244504528981	0	NA	NA
1	africaeurope_30gen60gen_rep22	1	88.6666929291347	86.6252352355201	90.7081506227493	-1071.38164027585	-14.2937271072772	2	FALSE	69.5759268903684	0	NA	NA
1	africaeurope_30gen60gen_rep23	1	88.6666929291347	86.6252352355201	90.7081506227493	-1071.38164027585	-14.8615547979577	2	FALSE	70.451976694089	0	NA	NA
1	africaeurope_30gen60gen_rep24	1	88.6666929291347	86.6252352355201	90.7081506227493	-1071.38164027585	-15.0026873365259	2	FALSE	65.2321198823867	0	NA	NA
1	africaeurope_30gen60gen_rep25	1	88.6666929291347	86.6252352355201	90.7081506227493	-1071.38164027585	-12.3275072325191	2	FALSE	79.0737915039062	0	NA	NA
1	africaeurope_30gen60gen_rep26	1	88.6666929291347	86.6252352355201	90.7081506227493	-1071.38164027585	-10.6599440974826	2	FALSE	78.4537506103516	0	NA	NA
1	africaeurope_30gen60gen_rep27	1	88.6666929291347	86.6252352355201	90.7081506227493	-1071.38164027585	-10.9794864078558	2	FALSE	91.4727935791016	0	NA	NA
1	africaeurope_30gen60gen_rep28	1	88.6666929291347	86.6252352355201	90.7081506227493	-1071.38164027585	-10.4306806042219	2	FALSE	88.1597290039062	0	NA	NA
1	africaeurope_30gen60gen_rep29	1	88.6666929291347	86.6252352355201	90.7081506227493	-1071.38164027585	-11.6848692632572	2	FALSE	75.390625	0	NA	NA
1	africaeurope_30gen60gen_rep2	1	88.6666929291347	86.6252352355201	90.7081506227493	-1071.38164027585	-10.9159683140031	2	FALSE	93.340087890625	0	NA	NA
1	africaeurope_30gen60gen_rep30	1	88.6666929291347	86.6252352355201	90.7081506227493	-1071.38164027585	-13.5708440075642	2	FALSE	106.463272094727	0	NA	NA
1	africaeurope_30gen60gen_rep3	1	88.6666929291347	86.6252352355201	90.7081506227493	-1071.38164027585	-22.5424285105301	2	FALSE	47.9440454887651	0	NA	NA
1	africaeurope_30gen60gen_rep4	1	88.6666929291347	86.6252352355201	90.7081506227493	-1071.38164027585	-23.1304509192269	2	FALSE	45.3711811904909	0	NA	NA
1	africaeurope_30gen60gen_rep5	1	88.6666929291347	86.6252352355201	90.7081506227493	-1071.38164027585	-20.8186793899174	2	FALSE	132.353088378906	0	NA	NA
1	africaeurope_30gen60gen_rep6	1	88.6666929291347	86.6252352355201	90.7081506227493	-1071.38164027585	-12.6362533541489	2	FALSE	75.5254516601562	0	NA	NA
1	africaeurope_30gen60gen_rep7	1	88.6666929291347	86.6252352355201	90.7081506227493	-1071.38164027585	-8.88251791570838	2	FALSE	93.5654449462891	0	NA	NA
1	africaeurope_30gen60gen_rep8	1	88.6666929291347	86.6252352355201	90.7081506227493	-1071.38164027585	-15.3459849146877	2	FALSE	73.7616955297075	0	NA	NA
1	africaeurope_30gen60gen_rep9	1	88.6666929291347	86.6252352355201	90.7081506227493	-1071.38164027585	-15.063352093301	2	FALSE	109.2900390625	0	NA	NA
1	NewGTmethodsims_africaeurope_5050_30gen_0.5percent_rep10	1	88.6666929291347	86.6252352355201	90.7081506227493	-1071.38164027585	-22.9252526510732	2	FALSE	80.751676322438	60	NA	NA
1	NewGTmethodsims_africaeurope_5050_30gen_0.5percent_rep11	1	88.6666929291347	86.6252352355201	90.7081506227493	-1071.38164027585	-13.9871718493169	2	FALSE	87.3760090427085	60	NA	NA
1	NewGTmethodsims_africaeurope_5050_30gen_0.5percent_rep12	1	88.6666929291347	86.6252352355201	90.7081506227493	-1071.38164027585	-15.2580626439673	2	FALSE	94.3948292721088	60	NA	NA
1	NewGTmethodsims_africaeurope_5050_30gen_0.5percent_rep13	1	88.6666929291347	86.6252352355201	90.7081506227493	-1071.38164027585	-11.8880656849545	2	FALSE	92.5610435239635	60	NA	NA
1	NewGTmethodsims_africaeurope_5050_30gen_0.5percent_rep14	1	88.6666929291347	86.6252352355201	90.7081506227493	-1071.38164027585	-8.22674045424255	2	FALSE	90.3193215570932	60	NA	NA
1	NewGTmethodsims_africaeurope_5050_30gen_0.5percent_rep15	1	88.6666929291347	86.6252352355201	90.7081506227493	-1071.38164027585	-24.715887359638	2	FALSE	84.8665494812942	60	NA	NA
1	NewGTmethodsims_africaeurope_5050_30gen_0.5percent_rep16	1	88.6666929291347	86.6252352355201	90.7081506227493	-1071.38164027585	-19.6139389246349	2	FALSE	89.9872283599444	60	NA	NA
1	NewGTmethodsims_africaeurope_5050_30gen_0.5percent_rep17	1	88.6666929291347	86.6252352355201	90.7081506227493	-1071.38164027585	-11.9992150367879	2	FALSE	90.9290658306171	60	NA	NA
1	NewGTmethodsims_africaeurope_5050_30gen_0.5percent_rep18	1	88.6666929291347	86.6252352355201	90.7081506227493	-1071.38164027585	-37.649877738394	2	FALSE	82.1368245438712	60	NA	NA
1	NewGTmethodsims_africaeurope_5050_30gen_0.5percent_rep19	1	88.6666929291347	86.6252352355201	90.7081506227493	-1071.38164027585	-13.2711673574623	2	FALSE	90.4264675013276	60	NA	NA
1	NewGTmethodsims_africaeurope_5050_30gen_0.5percent_rep1	1	88.6666929291347	86.6252352355201	90.7081506227493	-1071.38164027585	-18.8649835377852	2	FALSE	92.0815955511866	60	NA	NA
1	NewGTmethodsims_africaeurope_5050_30gen_0.5percent_rep20	1	88.6666929291347	86.6252352355201	90.7081506227493	-1071.38164027585	-19.4490566628922	2	FALSE	89.9872283599444	60	NA	NA
1	NewGTmethodsims_africaeurope_5050_30gen_0.5percent_rep21	1	88.6666929291347	86.6252352355201	90.7081506227493	-1071.38164027585	-14.9938980860242	2	FALSE	98.1039211638136	60	NA	NA
1	NewGTmethodsims_africaeurope_5050_30gen_0.5percent_rep22	1	88.6666929291347	86.6252352355201	90.7081506227493	-1071.38164027585	-37.1764481563856	2	FALSE	97.8501285497962	60	NA	NA
1	NewGTmethodsims_africaeurope_5050_30gen_0.5percent_rep23	1	88.6666929291347	86.6252352355201	90.7081506227493	-1071.38164027585	-12.0555906695285	2	FALSE	81.5502414322623	60	NA	NA
1	NewGTmethodsims_africaeurope_5050_30gen_0.5percent_rep24	1	88.6666929291347	86.6252352355201	90.7081506227493	-1071.38164027585	-13.0158185042823	2	FALSE	93.7820061857347	60	NA	NA
1	NewGTmethodsims_africaeurope_5050_30gen_0.5percent_rep25	1	88.6666929291347	86.6252352355201	90.7081506227493	-1071.38164027585	-30.5098715448599	2	FALSE	96.3848524830887	60	NA	NA
1	NewGTmethodsims_africaeurope_5050_30gen_0.5percent_rep26	1	88.6666929291347	86.6252352355201	90.7081506227493	-1071.38164027585	-27.3199939346802	2	FALSE	89.4691892217674	60	NA	NA
1	NewGTmethodsims_africaeurope_5050_30gen_0.5percent_rep27	1	88.6666929291347	86.6252352355201	90.7081506227493	-1071.38164027585	-36.8663273971043	2	FALSE	88.9325969866615	60	NA	NA
1	NewGTmethodsims_africaeurope_5050_30gen_0.5percent_rep28	1	88.6666929291347	86.6252352355201	90.7081506227493	-1071.38164027585	-16.9638284770705	2	FALSE	98.5467888952854	60	NA	NA
1	NewGTmethodsims_africaeurope_5050_30gen_0.5percent_rep29	1	88.6666929291347	86.6252352355201	90.7081506227493	-1071.38164027585	-25.0398938994514	2	FALSE	98.6949953280287	60	NA	NA
1	NewGTmethodsims_africaeurope_5050_30gen_0.5percent_rep2	1	88.6666929291347	86.6252352355201	90.7081506227493	-1071.38164027585	-12.3321201519683	2	FALSE	90.3550151582005	60	NA	NA
1	NewGTmethodsims_africaeurope_5050_30gen_0.5percent_rep30	1	88.6666929291347	86.6252352355201	90.7081506227493	-1071.38164027585	-28.8711070698728	2	FALSE	81.1785681195943	60	NA	NA
1	NewGTmethodsims_africaeurope_5050_30gen_0.5percent_rep3	1	88.6666929291347	86.6252352355201	90.7081506227493	-1071.38164027585	-13.9841174205026	2	FALSE	88.5219779273923	60	NA	NA
1	NewGTmethodsims_africaeurope_5050_30gen_0.5percent_rep4	1	88.6666929291347	86.6252352355201	90.7081506227493	-1071.38164027585	-22.3467612814218	2	FALSE	89.0720853939493	60	NA	NA
1	NewGTmethodsims_africaeurope_5050_30gen_0.5percent_rep5	1	88.6666929291347	86.6252352355201	90.7081506227493	-1071.38164027585	-19.7766327571097	2	FALSE	94.7831194741508	60	NA	NA
1	NewGTmethodsims_africaeurope_5050_30gen_0.5percent_rep6	1	88.6666929291347	86.6252352355201	90.7081506227493	-1071.38164027585	-23.702530798378	2	FALSE	90.6054783478016	60	NA	NA
1	NewGTmethodsims_africaeurope_5050_30gen_0.5percent_rep7	1	88.6666929291347	86.6252352355201	90.7081506227493	-1071.38164027585	-27.4182747239059	2	FALSE	88.3666249937074	60	NA	NA
1	NewGTmethodsims_africaeurope_5050_30gen_0.5percent_rep8	1	88.6666929291347	86.6252352355201	90.7081506227493	-1071.38164027585	-31.8207668724576	2	FALSE	81.910238816736	60	NA	NA
1	NewGTmethodsims_africaeurope_5050_30gen_0.5percent_rep9	1	88.6666929291347	86.6252352355201	90.7081506227493	-1071.38164027585	-11.6989056339288	2	FALSE	92.1673801013756	60	NA	NA
2	africaeurope_30gen60gen_rep10	1	74.6921073204712	66.184452228664	83.1997624122784	-668.603636804053	-10.3538453544861	2	TRUE	77.0847320556641	0	0	0
2	africaeurope_30gen60gen_rep11	1	74.6921073204712	66.184452228664	83.1997624122784	-668.603636804053	-9.8190931111796	2	TRUE	70.5496587870756	0	0	0
2	africaeurope_30gen60gen_rep12	1	74.6921073204712	66.184452228664	83.1997624122784	-668.603636804053	-10.0795782022837	2	TRUE	78.385009765625	0	0	0
2	africaeurope_30gen60gen_rep13	1	74.6921073204712	66.184452228664	83.1997624122784	-668.603636804053	-9.57756164180956	2	TRUE	72.964313103754	0	0	0
2	africaeurope_30gen60gen_rep14	1	74.6921073204712	66.184452228664	83.1997624122784	-668.603636804053	-13.2044501436746	2	TRUE	96.7492828369141	0	0	0
2	africaeurope_30gen60gen_rep15	1	74.6921073204712	66.184452228664	83.1997624122784	-668.603636804053	-21.1219313409052	2	TRUE	51.2517049689447	0	0	0
2	africaeurope_30gen60gen_rep16	1	74.6921073204712	66.184452228664	83.1997624122784	-668.603636804053	-13.9523231888617	2	TRUE	99.75390625	0	0	0
2	africaeurope_30gen60gen_rep17	1	74.6921073204712	66.184452228664	83.1997624122784	-668.603636804053	-15.7468492054406	2	TRUE	101	0	0	0
2	africaeurope_30gen60gen_rep18	1	74.6921073204712	66.184452228664	83.1997624122784	-668.603636804053	-13.311479654393	2	TRUE	56.5334025083485	0	0	0
2	africaeurope_30gen60gen_rep19	1	74.6921073204712	66.184452228664	83.1997624122784	-668.603636804053	-10.6215467359725	2	TRUE	69.5274204891339	0	0	0
2	africaeurope_30gen60gen_rep1	1	74.6921073204712	66.184452228664	83.1997624122784	-668.603636804053	-14.9863835661907	2	TRUE	71.4318866571129	0	0	0
2	africaeurope_30gen60gen_rep20	1	74.6921073204712	66.184452228664	83.1997624122784	-668.603636804053	-9.50996608808294	2	TRUE	78.5225219726562	0	0	0
2	africaeurope_30gen60gen_rep21	1	74.6921073204712	66.184452228664	83.1997624122784	-668.603636804053	-9.82954593250431	2	TRUE	69.6244504528981	0	0	0
2	africaeurope_30gen60gen_rep22	1	74.6921073204712	66.184452228664	83.1997624122784	-668.603636804053	-9.86789817193041	2	TRUE	69.5759268903684	0	0	0
2	africaeurope_30gen60gen_rep23	1	74.6921073204712	66.184452228664	83.1997624122784	-668.603636804053	-10.7657875983461	2	TRUE	70.451976694089	0	0	0
2	africaeurope_30gen60gen_rep24	1	74.6921073204712	66.184452228664	83.1997624122784	-668.603636804053	-10.5355326068218	2	TRUE	65.2321198823867	0	0	0
2	africaeurope_30gen60gen_rep25	1	74.6921073204712	66.184452228664	83.1997624122784	-668.603636804053	-10.4413545501833	2	TRUE	79.0737915039062	0	0	0
2	africaeurope_30gen60gen_rep26	1	74.6921073204712	66.184452228664	83.1997624122784	-668.603636804053	-9.72250289593132	2	TRUE	78.4537506103516	0	0	0
2	africaeurope_30gen60gen_rep27	1	74.6921073204712	66.184452228664	83.1997624122784	-668.603636804053	-11.8166386605793	2	TRUE	91.4727935791016	0	0	0
2	africaeurope_30gen60gen_rep28	1	74.6921073204712	66.184452228664	83.1997624122784	-668.603636804053	-11.0456290524269	2	TRUE	88.1597290039062	0	0	0
2	africaeurope_30gen60gen_rep29	1	74.6921073204712	66.184452228664	83.1997624122784	-668.603636804053	-9.61486477048898	2	TRUE	75.390625	0	0	0
2	africaeurope_30gen60gen_rep2	1	74.6921073204712	66.184452228664	83.1997624122784	-668.603636804053	-12.3702241139404	2	TRUE	93.340087890625	0	0	0
2	africaeurope_30gen60gen_rep30	1	74.6921073204712	66.184452228664	83.1997624122784	-668.603636804053	-16.3378667525987	2	TRUE	106.463272094727	0	0	0
2	africaeurope_30gen60gen_rep3	1	74.6921073204712	66.184452228664	83.1997624122784	-668.603636804053	-14.7792840848934	2	TRUE	47.9440454887651	0	0	0
2	africaeurope_30gen60gen_rep4	1	74.6921073204712	66.184452228664	83.1997624122784	-668.603636804053	-15.4593918105687	2	TRUE	45.3711811904909	0	0	0
2	africaeurope_30gen60gen_rep5	1	74.6921073204712	66.184452228664	83.1997624122784	-668.603636804053	-25.0902498251317	2	TRUE	132.353088378906	0	0	0
2	africaeurope_30gen60gen_rep6	1	74.6921073204712	66.184452228664	83.1997624122784	-668.603636804053	-10.1408248793673	2	TRUE	75.5254516601562	0	0	0
2	africaeurope_30gen60gen_rep7	2	89.5204902994219	87.4175942165061	91.6233863823376	-668.603636804053	-11.9715201428941	2	TRUE	93.5654449462891	0	0	0
2	africaeurope_30gen60gen_rep8	1	74.6921073204712	66.184452228664	83.1997624122784	-668.603636804053	-13.5848727741577	2	TRUE	73.7616955297075	0	0	0
2	africaeurope_30gen60gen_rep9	1	74.6921073204712	66.184452228664	83.1997624122784	-668.603636804053	-16.3745109583717	2	TRUE	109.2900390625	0	0	0
2	NewGTmethodsims_africaeurope_5050_30gen_0.5percent_rep10	2	89.5204902994219	87.4175942165061	91.6233863823376	-668.603636804053	-15.3961428446178	2	TRUE	80.751676322438	60	60	60
2	NewGTmethodsims_africaeurope_5050_30gen_0.5percent_rep11	2	89.5204902994219	87.4175942165061	91.6233863823376	-668.603636804053	-6.32781830256625	2	TRUE	87.3760090427085	60	60	60
2	NewGTmethodsims_africaeurope_5050_30gen_0.5percent_rep12	2	89.5204902994219	87.4175942165061	91.6233863823376	-668.603636804053	-8.50891349472414	2	TRUE	94.3948292721088	60	60	60
2	NewGTmethodsims_africaeurope_5050_30gen_0.5percent_rep13	2	89.5204902994219	87.4175942165061	91.6233863823376	-668.603636804053	-7.4690517897746	2	TRUE	92.5610435239635	60	60	60
2	NewGTmethodsims_africaeurope_5050_30gen_0.5percent_rep14	2	89.5204902994219	87.4175942165061	91.6233863823376	-668.603636804053	-9.94092148751504	2	TRUE	90.3193215570932	60	60	60
2	NewGTmethodsims_africaeurope_5050_30gen_0.5percent_rep15	2	89.5204902994219	87.4175942165061	91.6233863823376	-668.603636804053	-9.36163606027376	2	TRUE	84.8665494812942	60	60	60
2	NewGTmethodsims_africaeurope_5050_30gen_0.5percent_rep16	2	89.5204902994219	87.4175942165061	91.6233863823376	-668.603636804053	-5.27147672215146	2	TRUE	89.9872283599444	60	60	60
2	NewGTmethodsims_africaeurope_5050_30gen_0.5percent_rep17	2	89.5204902994219	87.4175942165061	91.6233863823376	-668.603636804053	-6.55962396446574	2	TRUE	90.9290658306171	60	60	60
2	NewGTmethodsims_africaeurope_5050_30gen_0.5percent_rep18	2	89.5204902994219	87.4175942165061	91.6233863823376	-668.603636804053	-18.4337726014221	2	TRUE	82.1368245438712	60	60	60
2	NewGTmethodsims_africaeurope_5050_30gen_0.5percent_rep19	2	89.5204902994219	87.4175942165061	91.6233863823376	-668.603636804053	-6.0642715250575	2	TRUE	90.4264675013276	60	60	60
2	NewGTmethodsims_africaeurope_5050_30gen_0.5percent_rep1	2	89.5204902994219	87.4175942165061	91.6233863823376	-668.603636804053	-6.34231372456139	2	TRUE	92.0815955511866	60	60	60
2	NewGTmethodsims_africaeurope_5050_30gen_0.5percent_rep20	2	89.5204902994219	87.4175942165061	91.6233863823376	-668.603636804053	-5.27804100209274	2	TRUE	89.9872283599444	60	60	60
2	NewGTmethodsims_africaeurope_5050_30gen_0.5percent_rep21	2	89.5204902994219	87.4175942165061	91.6233863823376	-668.603636804053	-12.1451611025891	2	TRUE	98.1039211638136	60	60	60
2	NewGTmethodsims_africaeurope_5050_30gen_0.5percent_rep22	2	89.5204902994219	87.4175942165061	91.6233863823376	-668.603636804053	-18.2192193814193	2	TRUE	97.8501285497962	60	60	60
2	NewGTmethodsims_africaeurope_5050_30gen_0.5percent_rep23	2	89.5204902994219	87.4175942165061	91.6233863823376	-668.603636804053	-11.4774522139661	2	TRUE	81.5502414322623	60	60	60
2	NewGTmethodsims_africaeurope_5050_30gen_0.5percent_rep24	2	89.5204902994219	87.4175942165061	91.6233863823376	-668.603636804053	-8.14448653832497	2	TRUE	93.7820061857347	60	60	60
2	NewGTmethodsims_africaeurope_5050_30gen_0.5percent_rep25	2	89.5204902994219	87.4175942165061	91.6233863823376	-668.603636804053	-13.5019791761422	2	TRUE	96.3848524830887	60	60	60
2	NewGTmethodsims_africaeurope_5050_30gen_0.5percent_rep26	2	89.5204902994219	87.4175942165061	91.6233863823376	-668.603636804053	-5.26229901810945	2	TRUE	89.4691892217674	60	60	60
2	NewGTmethodsims_africaeurope_5050_30gen_0.5percent_rep27	2	89.5204902994219	87.4175942165061	91.6233863823376	-668.603636804053	-5.96192124681428	2	TRUE	88.9325969866615	60	60	60
2	NewGTmethodsims_africaeurope_5050_30gen_0.5percent_rep28	2	89.5204902994219	87.4175942165061	91.6233863823376	-668.603636804053	-12.9114774868654	2	TRUE	98.5467888952854	60	60	60
2	NewGTmethodsims_africaeurope_5050_30gen_0.5percent_rep29	2	89.5204902994219	87.4175942165061	91.6233863823376	-668.603636804053	-15.3942806506806	2	TRUE	98.6949953280287	60	60	60
2	NewGTmethodsims_africaeurope_5050_30gen_0.5percent_rep2	2	89.5204902994219	87.4175942165061	91.6233863823376	-668.603636804053	-6.2788426122439	2	TRUE	90.3550151582005	60	60	60
2	NewGTmethodsims_africaeurope_5050_30gen_0.5percent_rep30	2	89.5204902994219	87.4175942165061	91.6233863823376	-668.603636804053	-17.0460963692751	2	TRUE	81.1785681195943	60	60	60
2	NewGTmethodsims_africaeurope_5050_30gen_0.5percent_rep3	2	89.5204902994219	87.4175942165061	91.6233863823376	-668.603636804053	-5.87919202934424	2	TRUE	88.5219779273923	60	60	60
2	NewGTmethodsims_africaeurope_5050_30gen_0.5percent_rep4	2	89.5204902994219	87.4175942165061	91.6233863823376	-668.603636804053	-5.21168570493042	2	TRUE	89.0720853939493	60	60	60
2	NewGTmethodsims_africaeurope_5050_30gen_0.5percent_rep5	2	89.5204902994219	87.4175942165061	91.6233863823376	-668.603636804053	-9.13894850655151	2	TRUE	94.7831194741508	60	60	60
2	NewGTmethodsims_africaeurope_5050_30gen_0.5percent_rep6	2	89.5204902994219	87.4175942165061	91.6233863823376	-668.603636804053	-5.41062931297996	2	TRUE	90.6054783478016	60	60	60
2	NewGTmethodsims_africaeurope_5050_30gen_0.5percent_rep7	2	89.5204902994219	87.4175942165061	91.6233863823376	-668.603636804053	-5.59230821029338	2	TRUE	88.3666249937074	60	60	60
2	NewGTmethodsims_africaeurope_5050_30gen_0.5percent_rep8	2	89.5204902994219	87.4175942165061	91.6233863823376	-668.603636804053	-16.765467990927	2	TRUE	81.910238816736	60	60	60
2	NewGTmethodsims_africaeurope_5050_30gen_0.5percent_rep9	2	89.5204902994219	87.4175942165061	91.6233863823376	-668.603636804053	-7.27469791895689	2	TRUE	92.1673801013756	60	60	60
3	africaeurope_30gen60gen_rep10	1	75.140040179701	66.0667410253432	84.2133393340587	-599.666234901701	-10.2717005760009	2	FALSE	77.0847320556641	0	0	0
3	africaeurope_30gen60gen_rep11	1	75.140040179701	66.0667410253432	84.2133393340587	-599.666234901701	-9.8082694822256	2	FALSE	70.5496587870756	0	0	0
3	africaeurope_30gen60gen_rep12	1	75.140040179701	66.0667410253432	84.2133393340587	-599.666234901701	-9.99971323675597	2	FALSE	78.385009765625	0	0	0
3	africaeurope_30gen60gen_rep13	1	75.140040179701	66.0667410253432	84.2133393340587	-599.666234901701	-9.56560896372646	2	FALSE	72.964313103754	0	0	0
3	africaeurope_30gen60gen_rep14	1	75.140040179701	66.0667410253432	84.2133393340587	-599.666234901701	-13.0159626793374	2	FALSE	96.7492828369141	0	0	0
3	africaeurope_30gen60gen_rep15	1	75.140040179701	66.0667410253432	84.2133393340587	-599.666234901701	-21.903371564117	2	FALSE	51.2517049689447	0	0	0
3	africaeurope_30gen60gen_rep16	1	75.140040179701	66.0667410253432	84.2133393340587	-599.666234901701	-13.7558970691814	2	FALSE	99.75390625	0	0	0
3	africaeurope_30gen60gen_rep17	1	75.140040179701	66.0667410253432	84.2133393340587	-599.666234901701	-15.6602005724616	2	FALSE	101	0	0	0
3	africaeurope_30gen60gen_rep18	1	75.140040179701	66.0667410253432	84.2133393340587	-599.666234901701	-13.6014633206162	2	FALSE	56.5334025083485	0	0	0
3	africaeurope_30gen60gen_rep19	1	75.140040179701	66.0667410253432	84.2133393340587	-599.666234901701	-10.5742057720221	2	FALSE	69.5274204891339	0	0	0
3	africaeurope_30gen60gen_rep1	2	81.9079549585734	77.5737283546799	86.2421815624668	-599.666234901701	-13.3524979232065	2	FALSE	71.4318866571129	0	0	0
3	africaeurope_30gen60gen_rep20	1	75.140040179701	66.0667410253432	84.2133393340587	-599.666234901701	-9.56090564316163	2	FALSE	78.5225219726562	0	0	0
3	africaeurope_30gen60gen_rep21	1	75.140040179701	66.0667410253432	84.2133393340587	-599.666234901701	-9.83176002551639	2	FALSE	69.6244504528981	0	0	0
3	africaeurope_30gen60gen_rep22	1	75.140040179701	66.0667410253432	84.2133393340587	-599.666234901701	-10.0933067088753	2	FALSE	69.5759268903684	0	0	0
3	africaeurope_30gen60gen_rep23	1	75.140040179701	66.0667410253432	84.2133393340587	-599.666234901701	-11.1965199254106	2	FALSE	70.451976694089	0	0	0
3	africaeurope_30gen60gen_rep24	1	75.140040179701	66.0667410253432	84.2133393340587	-599.666234901701	-10.5376657628859	2	FALSE	65.2321198823867	0	0	0
3	africaeurope_30gen60gen_rep25	1	75.140040179701	66.0667410253432	84.2133393340587	-599.666234901701	-10.348646702752	2	FALSE	79.0737915039062	0	0	0
3	africaeurope_30gen60gen_rep26	1	75.140040179701	66.0667410253432	84.2133393340587	-599.666234901701	-9.84255813187806	2	FALSE	78.4537506103516	0	0	0
3	africaeurope_30gen60gen_rep27	1	75.140040179701	66.0667410253432	84.2133393340587	-599.666234901701	-11.6644994617271	2	FALSE	91.4727935791016	0	0	0
3	africaeurope_30gen60gen_rep28	1	75.140040179701	66.0667410253432	84.2133393340587	-599.666234901701	-10.9329341151734	2	FALSE	88.1597290039062	0	0	0
3	africaeurope_30gen60gen_rep29	1	75.140040179701	66.0667410253432	84.2133393340587	-599.666234901701	-9.79668406133749	2	FALSE	75.390625	0	0	0
3	africaeurope_30gen60gen_rep2	1	75.140040179701	66.0667410253432	84.2133393340587	-599.666234901701	-12.2083880555613	2	FALSE	93.340087890625	0	0	0
3	africaeurope_30gen60gen_rep30	1	75.140040179701	66.0667410253432	84.2133393340587	-599.666234901701	-16.0985721850078	2	FALSE	106.463272094727	0	0	0
3	africaeurope_30gen60gen_rep3	1	75.140040179701	66.0667410253432	84.2133393340587	-599.666234901701	-14.8876990524225	2	FALSE	47.9440454887651	0	0	0
3	africaeurope_30gen60gen_rep4	1	75.140040179701	66.0667410253432	84.2133393340587	-599.666234901701	-15.5555404359538	2	FALSE	45.3711811904909	0	0	0
3	africaeurope_30gen60gen_rep5	1	75.140040179701	66.0667410253432	84.2133393340587	-599.666234901701	-24.8024346821591	2	FALSE	132.353088378906	0	0	0
3	africaeurope_30gen60gen_rep6	1	75.140040179701	66.0667410253432	84.2133393340587	-599.666234901701	-10.0721160968024	2	FALSE	75.5254516601562	0	0	0
3	africaeurope_30gen60gen_rep7	3	91.6688921728519	89.2754903219902	94.0622940237137	-599.666234901701	-11.4989349547333	2	FALSE	93.5654449462891	0	0	0
3	africaeurope_30gen60gen_rep8	1	75.140040179701	66.0667410253432	84.2133393340587	-599.666234901701	-13.5403669019034	2	FALSE	73.7616955297075	0	0	0
3	africaeurope_30gen60gen_rep9	1	75.140040179701	66.0667410253432	84.2133393340587	-599.666234901701	-16.1916111898295	2	FALSE	109.2900390625	0	0	0
3	NewGTmethodsims_africaeurope_5050_30gen_0.5percent_rep10	2	81.9079549585734	77.5737283546799	86.2421815624668	-599.666234901701	-5.81142400272522	2	FALSE	80.751676322438	60	60	60
3	NewGTmethodsims_africaeurope_5050_30gen_0.5percent_rep11	3	91.6688921728519	89.2754903219902	94.0622940237137	-599.666234901701	-7.90119006367158	2	FALSE	87.3760090427085	60	60	60
3	NewGTmethodsims_africaeurope_5050_30gen_0.5percent_rep12	3	91.6688921728519	89.2754903219902	94.0622940237137	-599.666234901701	-6.87465099679821	2	FALSE	94.3948292721088	60	60	60
3	NewGTmethodsims_africaeurope_5050_30gen_0.5percent_rep13	3	91.6688921728519	89.2754903219902	94.0622940237137	-599.666234901701	-6.71357461918425	2	FALSE	92.5610435239635	60	60	60
3	NewGTmethodsims_africaeurope_5050_30gen_0.5percent_rep14	3	91.6688921728519	89.2754903219902	94.0622940237137	-599.666234901701	-9.82149573828544	2	FALSE	90.3193215570932	60	60	60
3	NewGTmethodsims_africaeurope_5050_30gen_0.5percent_rep15	2	81.9079549585734	77.5737283546799	86.2421815624668	-599.666234901701	-6.95312447006072	2	FALSE	84.8665494812942	60	60	60
3	NewGTmethodsims_africaeurope_5050_30gen_0.5percent_rep16	3	91.6688921728519	89.2754903219902	94.0622940237137	-599.666234901701	-5.76513330213212	2	FALSE	89.9872283599444	60	60	60
3	NewGTmethodsims_africaeurope_5050_30gen_0.5percent_rep17	3	91.6688921728519	89.2754903219902	94.0622940237137	-599.666234901701	-6.36871791616984	2	FALSE	90.9290658306171	60	60	60
3	NewGTmethodsims_africaeurope_5050_30gen_0.5percent_rep18	2	81.9079549585734	77.5737283546799	86.2421815624668	-599.666234901701	-5.38222132807204	2	FALSE	82.1368245438712	60	60	60
3	NewGTmethodsims_africaeurope_5050_30gen_0.5percent_rep19	3	91.6688921728519	89.2754903219902	94.0622940237137	-599.666234901701	-6.10413435515606	2	FALSE	90.4264675013276	60	60	60
3	NewGTmethodsims_africaeurope_5050_30gen_0.5percent_rep1	3	91.6688921728519	89.2754903219902	94.0622940237137	-599.666234901701	-5.41497574333384	2	FALSE	92.0815955511866	60	60	60
3	NewGTmethodsims_africaeurope_5050_30gen_0.5percent_rep20	3	91.6688921728519	89.2754903219902	94.0622940237137	-599.666234901701	-5.76569588323589	2	FALSE	89.9872283599444	60	60	60
3	NewGTmethodsims_africaeurope_5050_30gen_0.5percent_rep21	3	91.6688921728519	89.2754903219902	94.0622940237137	-599.666234901701	-10.0099459870663	2	FALSE	98.1039211638136	60	60	60
3	NewGTmethodsims_africaeurope_5050_30gen_0.5percent_rep22	3	91.6688921728519	89.2754903219902	94.0622940237137	-599.666234901701	-12.4369270762271	2	FALSE	97.8501285497962	60	60	60
3	NewGTmethodsims_africaeurope_5050_30gen_0.5percent_rep23	2	81.9079549585734	77.5737283546799	86.2421815624668	-599.666234901701	-7.65939393957372	2	FALSE	81.5502414322623	60	60	60
3	NewGTmethodsims_africaeurope_5050_30gen_0.5percent_rep24	3	91.6688921728519	89.2754903219902	94.0622940237137	-599.666234901701	-6.93977421709164	2	FALSE	93.7820061857347	60	60	60
3	NewGTmethodsims_africaeurope_5050_30gen_0.5percent_rep25	3	91.6688921728519	89.2754903219902	94.0622940237137	-599.666234901701	-9.18363879894241	2	FALSE	96.3848524830887	60	60	60
3	NewGTmethodsims_africaeurope_5050_30gen_0.5percent_rep26	3	91.6688921728519	89.2754903219902	94.0622940237137	-599.666234901701	-6.56710942876363	2	FALSE	89.4691892217674	60	60	60
3	NewGTmethodsims_africaeurope_5050_30gen_0.5percent_rep27	3	91.6688921728519	89.2754903219902	94.0622940237137	-599.666234901701	-8.51617819638923	2	FALSE	88.9325969866615	60	60	60
3	NewGTmethodsims_africaeurope_5050_30gen_0.5percent_rep28	3	91.6688921728519	89.2754903219902	94.0622940237137	-599.666234901701	-10.37842013123	2	FALSE	98.5467888952854	60	60	60
3	NewGTmethodsims_africaeurope_5050_30gen_0.5percent_rep29	3	91.6688921728519	89.2754903219902	94.0622940237137	-599.666234901701	-11.4133958693898	2	FALSE	98.6949953280287	60	60	60
3	NewGTmethodsims_africaeurope_5050_30gen_0.5percent_rep2	3	91.6688921728519	89.2754903219902	94.0622940237137	-599.666234901701	-6.32693608934492	2	FALSE	90.3550151582005	60	60	60
3	NewGTmethodsims_africaeurope_5050_30gen_0.5percent_rep30	2	81.9079549585734	77.5737283546799	86.2421815624668	-599.666234901701	-5.39712833279913	2	FALSE	81.1785681195943	60	60	60
3	NewGTmethodsims_africaeurope_5050_30gen_0.5percent_rep3	3	91.6688921728519	89.2754903219902	94.0622940237137	-599.666234901701	-6.90396960037968	2	FALSE	88.5219779273923	60	60	60
3	NewGTmethodsims_africaeurope_5050_30gen_0.5percent_rep4	3	91.6688921728519	89.2754903219902	94.0622940237137	-599.666234901701	-6.58795169258544	2	FALSE	89.0720853939493	60	60	60
3	NewGTmethodsims_africaeurope_5050_30gen_0.5percent_rep5	3	91.6688921728519	89.2754903219902	94.0622940237137	-599.666234901701	-6.83282292932676	2	FALSE	94.7831194741508	60	60	60
3	NewGTmethodsims_africaeurope_5050_30gen_0.5percent_rep6	3	91.6688921728519	89.2754903219902	94.0622940237137	-599.666234901701	-5.4970391317812	2	FALSE	90.6054783478016	60	60	60
3	NewGTmethodsims_africaeurope_5050_30gen_0.5percent_rep7	3	91.6688921728519	89.2754903219902	94.0622940237137	-599.666234901701	-8.05526772116749	2	FALSE	88.3666249937074	60	60	60
3	NewGTmethodsims_africaeurope_5050_30gen_0.5percent_rep8	2	81.9079549585734	77.5737283546799	86.2421815624668	-599.666234901701	-5.26133068754297	2	FALSE	81.910238816736	60	60	60
3	NewGTmethodsims_africaeurope_5050_30gen_0.5percent_rep9	3	91.6688921728519	89.2754903219902	94.0622940237137	-599.666234901701	-6.65263140053227	2	FALSE	92.1673801013756	60	60	60
4	africaeurope_30gen60gen_rep10	1	68.6288968803171	59.1283506380403	78.129443122594	-555.336591146843	-11.0122298646684	2	FALSE	77.0847320556641	0	0	0
4	africaeurope_30gen60gen_rep11	1	68.6288968803171	59.1283506380403	78.129443122594	-555.336591146843	-9.84105334431525	2	FALSE	70.5496587870756	0	0	0
4	africaeurope_30gen60gen_rep12	1	68.6288968803171	59.1283506380403	78.129443122594	-555.336591146843	-10.8248206054463	2	FALSE	78.385009765625	0	0	0
4	africaeurope_30gen60gen_rep13	1	68.6288968803171	59.1283506380403	78.129443122594	-555.336591146843	-9.77757518822801	2	FALSE	72.964313103754	0	0	0
4	africaeurope_30gen60gen_rep14	4	99.2363939637755	80.1214749495495	118.351312978001	-555.336591146843	-9.83707288627848	2	FALSE	96.7492828369141	0	0	0
4	africaeurope_30gen60gen_rep15	1	68.6288968803171	59.1283506380403	78.129443122594	-555.336591146843	-15.4735084117345	2	FALSE	51.2517049689447	0	0	0
4	africaeurope_30gen60gen_rep16	4	99.2363939637755	80.1214749495495	118.351312978001	-555.336591146843	-10.0747202579192	2	FALSE	99.75390625	0	0	0
4	africaeurope_30gen60gen_rep17	4	99.2363939637755	80.1214749495495	118.351312978001	-555.336591146843	-13.3427863819143	2	FALSE	101	0	0	0
4	africaeurope_30gen60gen_rep18	1	68.6288968803171	59.1283506380403	78.129443122594	-555.336591146843	-10.8356445983845	2	FALSE	56.5334025083485	0	0	0
4	africaeurope_30gen60gen_rep19	1	68.6288968803171	59.1283506380403	78.129443122594	-555.336591146843	-10.778240257225	2	FALSE	69.5274204891339	0	0	0
4	africaeurope_30gen60gen_rep1	1	68.6288968803171	59.1283506380403	78.129443122594	-555.336591146843	-12.952170679064	2	FALSE	71.4318866571129	0	0	0
4	africaeurope_30gen60gen_rep20	1	68.6288968803171	59.1283506380403	78.129443122594	-555.336591146843	-10.2487609050852	2	FALSE	78.5225219726562	0	0	0
4	africaeurope_30gen60gen_rep21	1	68.6288968803171	59.1283506380403	78.129443122594	-555.336591146843	-9.73914921590216	2	FALSE	69.6244504528981	0	0	0
4	africaeurope_30gen60gen_rep22	1	68.6288968803171	59.1283506380403	78.129443122594	-555.336591146843	-9.09171076669688	2	FALSE	69.5759268903684	0	0	0
4	africaeurope_30gen60gen_rep23	1	68.6288968803171	59.1283506380403	78.129443122594	-555.336591146843	-9.64775608479094	2	FALSE	70.451976694089	0	0	0
4	africaeurope_30gen60gen_rep24	1	68.6288968803171	59.1283506380403	78.129443122594	-555.336591146843	-10.2019666181147	2	FALSE	65.2321198823867	0	0	0
4	africaeurope_30gen60gen_rep25	1	68.6288968803171	59.1283506380403	78.129443122594	-555.336591146843	-11.2405315301707	2	FALSE	79.0737915039062	0	0	0
4	africaeurope_30gen60gen_rep26	1	68.6288968803171	59.1283506380403	78.129443122594	-555.336591146843	-10.4455667580358	2	FALSE	78.4537506103516	0	0	0
4	africaeurope_30gen60gen_rep27	4	99.2363939637755	80.1214749495495	118.351312978001	-555.336591146843	-10.2058508102227	2	FALSE	91.4727935791016	0	0	0
4	africaeurope_30gen60gen_rep28	4	99.2363939637755	80.1214749495495	118.351312978001	-555.336591146843	-10.9554335824061	2	FALSE	88.1597290039062	0	0	0
4	africaeurope_30gen60gen_rep29	1	68.6288968803171	59.1283506380403	78.129443122594	-555.336591146843	-9.79010878312435	2	FALSE	75.390625	0	0	0
4	africaeurope_30gen60gen_rep2	4	99.2363939637755	80.1214749495495	118.351312978001	-555.336591146843	-10.0463923960746	2	FALSE	93.340087890625	0	0	0
4	africaeurope_30gen60gen_rep30	4	99.2363939637755	80.1214749495495	118.351312978001	-555.336591146843	-10.2111525788261	2	FALSE	106.463272094727	0	0	0
4	africaeurope_30gen60gen_rep3	1	68.6288968803171	59.1283506380403	78.129443122594	-555.336591146843	-13.0147610436682	2	FALSE	47.9440454887651	0	0	0
4	africaeurope_30gen60gen_rep4	1	68.6288968803171	59.1283506380403	78.129443122594	-555.336591146843	-13.7463479100454	2	FALSE	45.3711811904909	0	0	0
4	africaeurope_30gen60gen_rep5	4	99.2363939637755	80.1214749495495	118.351312978001	-555.336591146843	-15.319817896559	2	FALSE	132.353088378906	0	0	0
4	africaeurope_30gen60gen_rep6	1	68.6288968803171	59.1283506380403	78.129443122594	-555.336591146843	-10.6723447396314	2	FALSE	75.5254516601562	0	0	0
4	africaeurope_30gen60gen_rep7	3	91.6688921728519	89.2754903219902	94.0622940237137	-555.336591146843	-11.4989349547333	2	FALSE	93.5654449462891	0	0	0
4	africaeurope_30gen60gen_rep8	1	68.6288968803171	59.1283506380403	78.129443122594	-555.336591146843	-14.2248846969355	2	FALSE	73.7616955297075	0	0	0
4	africaeurope_30gen60gen_rep9	4	99.2363939637755	80.1214749495495	118.351312978001	-555.336591146843	-11.6994957523199	2	FALSE	109.2900390625	0	0	0
4	NewGTmethodsims_africaeurope_5050_30gen_0.5percent_rep10	2	82.2470260907361	77.843216688193	86.6508354932792	-555.336591146843	-5.93559287118839	2	FALSE	80.751676322438	60	60	60
4	NewGTmethodsims_africaeurope_5050_30gen_0.5percent_rep11	3	91.6688921728519	89.2754903219902	94.0622940237137	-555.336591146843	-7.90119006367158	2	FALSE	87.3760090427085	60	60	60
4	NewGTmethodsims_africaeurope_5050_30gen_0.5percent_rep12	3	91.6688921728519	89.2754903219902	94.0622940237137	-555.336591146843	-6.87465099679821	2	FALSE	94.3948292721088	60	60	60
4	NewGTmethodsims_africaeurope_5050_30gen_0.5percent_rep13	3	91.6688921728519	89.2754903219902	94.0622940237137	-555.336591146843	-6.71357461918425	2	FALSE	92.5610435239635	60	60	60
4	NewGTmethodsims_africaeurope_5050_30gen_0.5percent_rep14	3	91.6688921728519	89.2754903219902	94.0622940237137	-555.336591146843	-9.82149573828544	2	FALSE	90.3193215570932	60	60	60
4	NewGTmethodsims_africaeurope_5050_30gen_0.5percent_rep15	2	82.2470260907361	77.843216688193	86.6508354932792	-555.336591146843	-6.20285916956058	2	FALSE	84.8665494812942	60	60	60
4	NewGTmethodsims_africaeurope_5050_30gen_0.5percent_rep16	3	91.6688921728519	89.2754903219902	94.0622940237137	-555.336591146843	-5.76513330213212	2	FALSE	89.9872283599444	60	60	60
4	NewGTmethodsims_africaeurope_5050_30gen_0.5percent_rep17	3	91.6688921728519	89.2754903219902	94.0622940237137	-555.336591146843	-6.36871791616984	2	FALSE	90.9290658306171	60	60	60
4	NewGTmethodsims_africaeurope_5050_30gen_0.5percent_rep18	2	82.2470260907361	77.843216688193	86.6508354932792	-555.336591146843	-4.79908167035914	2	FALSE	82.1368245438712	60	60	60
4	NewGTmethodsims_africaeurope_5050_30gen_0.5percent_rep19	3	91.6688921728519	89.2754903219902	94.0622940237137	-555.336591146843	-6.10413435515606	2	FALSE	90.4264675013276	60	60	60
4	NewGTmethodsims_africaeurope_5050_30gen_0.5percent_rep1	3	91.6688921728519	89.2754903219902	94.0622940237137	-555.336591146843	-5.41497574333384	2	FALSE	92.0815955511866	60	60	60
4	NewGTmethodsims_africaeurope_5050_30gen_0.5percent_rep20	3	91.6688921728519	89.2754903219902	94.0622940237137	-555.336591146843	-5.76569588323589	2	FALSE	89.9872283599444	60	60	60
4	NewGTmethodsims_africaeurope_5050_30gen_0.5percent_rep21	3	91.6688921728519	89.2754903219902	94.0622940237137	-555.336591146843	-10.0099459870663	2	FALSE	98.1039211638136	60	60	60
4	NewGTmethodsims_africaeurope_5050_30gen_0.5percent_rep22	3	91.6688921728519	89.2754903219902	94.0622940237137	-555.336591146843	-12.4369270762271	2	FALSE	97.8501285497962	60	60	60
4	NewGTmethodsims_africaeurope_5050_30gen_0.5percent_rep23	2	82.2470260907361	77.843216688193	86.6508354932792	-555.336591146843	-8.5139952897656	2	FALSE	81.5502414322623	60	60	60
4	NewGTmethodsims_africaeurope_5050_30gen_0.5percent_rep24	3	91.6688921728519	89.2754903219902	94.0622940237137	-555.336591146843	-6.93977421709164	2	FALSE	93.7820061857347	60	60	60
4	NewGTmethodsims_africaeurope_5050_30gen_0.5percent_rep25	3	91.6688921728519	89.2754903219902	94.0622940237137	-555.336591146843	-9.18363879894241	2	FALSE	96.3848524830887	60	60	60
4	NewGTmethodsims_africaeurope_5050_30gen_0.5percent_rep26	3	91.6688921728519	89.2754903219902	94.0622940237137	-555.336591146843	-6.56710942876363	2	FALSE	89.4691892217674	60	60	60
4	NewGTmethodsims_africaeurope_5050_30gen_0.5percent_rep27	3	91.6688921728519	89.2754903219902	94.0622940237137	-555.336591146843	-8.51617819638923	2	FALSE	88.9325969866615	60	60	60
4	NewGTmethodsims_africaeurope_5050_30gen_0.5percent_rep28	3	91.6688921728519	89.2754903219902	94.0622940237137	-555.336591146843	-10.37842013123	2	FALSE	98.5467888952854	60	60	60
4	NewGTmethodsims_africaeurope_5050_30gen_0.5percent_rep29	3	91.6688921728519	89.2754903219902	94.0622940237137	-555.336591146843	-11.4133958693898	2	FALSE	98.6949953280287	60	60	60
4	NewGTmethodsims_africaeurope_5050_30gen_0.5percent_rep2	3	91.6688921728519	89.2754903219902	94.0622940237137	-555.336591146843	-6.32693608934492	2	FALSE	90.3550151582005	60	60	60
4	NewGTmethodsims_africaeurope_5050_30gen_0.5percent_rep30	2	82.2470260907361	77.843216688193	86.6508354932792	-555.336591146843	-5.23390560700363	2	FALSE	81.1785681195943	60	60	60
4	NewGTmethodsims_africaeurope_5050_30gen_0.5percent_rep3	3	91.6688921728519	89.2754903219902	94.0622940237137	-555.336591146843	-6.90396960037968	2	FALSE	88.5219779273923	60	60	60
4	NewGTmethodsims_africaeurope_5050_30gen_0.5percent_rep4	3	91.6688921728519	89.2754903219902	94.0622940237137	-555.336591146843	-6.58795169258544	2	FALSE	89.0720853939493	60	60	60
4	NewGTmethodsims_africaeurope_5050_30gen_0.5percent_rep5	3	91.6688921728519	89.2754903219902	94.0622940237137	-555.336591146843	-6.83282292932676	2	FALSE	94.7831194741508	60	60	60
4	NewGTmethodsims_africaeurope_5050_30gen_0.5percent_rep6	3	91.6688921728519	89.2754903219902	94.0622940237137	-555.336591146843	-5.4970391317812	2	FALSE	90.6054783478016	60	60	60
4	NewGTmethodsims_africaeurope_5050_30gen_0.5percent_rep7	3	91.6688921728519	89.2754903219902	94.0622940237137	-555.336591146843	-8.05526772116749	2	FALSE	88.3666249937074	60	60	60
4	NewGTmethodsims_africaeurope_5050_30gen_0.5percent_rep8	2	82.2470260907361	77.843216688193	86.6508354932792	-555.336591146843	-4.86879015226009	2	FALSE	81.910238816736	60	60	60
4	NewGTmethodsims_africaeurope_5050_30gen_0.5percent_rep9	3	91.6688921728519	89.2754903219902	94.0622940237137	-555.336591146843	-6.65263140053227	2	FALSE	92.1673801013756	60	60	60
