africaeurope_30gen30gen_rep10 0 0 44.4009244560869 9.94779510618546
africaeurope_30gen30gen_rep11 0 0 50.1366412245933 13.3880566409199
africaeurope_30gen30gen_rep12 0 0 45.2152193385826 9.0327908006907
africaeurope_30gen30gen_rep13 0 0 33.9457113303989 7.73378442201
africaeurope_30gen30gen_rep14 0 0 51.0442678117109 11.978322716657
africaeurope_30gen30gen_rep15 0 0 52.5894622620733 13.0409809858154
africaeurope_30gen30gen_rep16 0 0 46.7871939902988 6.51863104226618
africaeurope_30gen30gen_rep17 0 0 40.662077176257 8.73487200998034
africaeurope_30gen30gen_rep18 0 0 41.5523942167126 8.45507955679402
africaeurope_30gen30gen_rep19 0 0 45.5274176231243 9.52925701113969
africaeurope_30gen30gen_rep1 0 0 43.2888639384173 13.7199507897382
africaeurope_30gen30gen_rep20 0 0 51.6678663805617 11.1199510579069
africaeurope_30gen30gen_rep21 0 0 32.3024232445423 9.35608371871653
africaeurope_30gen30gen_rep22 0 0 37.5440712103208 10.6466053939826
africaeurope_30gen30gen_rep23 0 0 45.5274176231243 16.6707809676521
africaeurope_30gen30gen_rep24 0 0 36.3848524830887 12.0719827325731
africaeurope_30gen30gen_rep25 0 0 52.505337592393 17.0014290359521
africaeurope_30gen30gen_rep26 0 0 50.7545765659871 11.6698703660474
africaeurope_30gen30gen_rep27 0 0 58.1605078212944 9.06724279091923
africaeurope_30gen30gen_rep28 0 0 60.3514818147144 12.760760904498
africaeurope_30gen30gen_rep29 0 0 44.1311746355301 15.7673769325846
africaeurope_30gen30gen_rep2 0 0 47.3438720880321 11.6484453074131
africaeurope_30gen30gen_rep30 0 0 45.5274176231243 14.7993046193672
africaeurope_30gen30gen_rep3 0 0 41.5803758575685 8.29063410113443
africaeurope_30gen30gen_rep4 0 0 40.1931156840785 11.8153391365693
africaeurope_30gen30gen_rep5 0 0 67.076349903777 15.2562780524172
africaeurope_30gen30gen_rep6 0 0 53.3496733223541 14.2926800271241
africaeurope_30gen30gen_rep7 0 0 61.7132305987066 15.640431990258
africaeurope_30gen30gen_rep8 0 0 47.903913799649 8.7364897520842
africaeurope_30gen30gen_rep9 0 0 46.0764074605523 11.3068096379954
NewGTmethodsims_africaeurope_5050_30gen_0.5percent_rep10 30 30 20.751676322438 6.26673207875709
NewGTmethodsims_africaeurope_5050_30gen_0.5percent_rep11 30 30 27.3760090427085 6.57966490636437
NewGTmethodsims_africaeurope_5050_30gen_0.5percent_rep12 30 30 34.3948292721088 7.18132290200332
NewGTmethodsims_africaeurope_5050_30gen_0.5percent_rep13 30 30 32.5610435239635 7.88805560938814
NewGTmethodsims_africaeurope_5050_30gen_0.5percent_rep14 30 30 30.3193215570932 12.224593289885
NewGTmethodsims_africaeurope_5050_30gen_0.5percent_rep15 30 30 24.8665494812942 5.08540651567018
NewGTmethodsims_africaeurope_5050_30gen_0.5percent_rep16 30 30 29.9872283599444 5.43223365234156
NewGTmethodsims_africaeurope_5050_30gen_0.5percent_rep17 30 30 30.9290658306171 7.42229197563214
NewGTmethodsims_africaeurope_5050_30gen_0.5percent_rep18 30 30 22.1368245438712 4.55035006395771
NewGTmethodsims_africaeurope_5050_30gen_0.5percent_rep19 30 30 30.4264675013276 6.85327005015943
NewGTmethodsims_africaeurope_5050_30gen_0.5percent_rep1 30 30 32.0815955511866 5.79764636745365
NewGTmethodsims_africaeurope_5050_30gen_0.5percent_rep20 30 30 29.9872283599444 5.45663302320868
NewGTmethodsims_africaeurope_5050_30gen_0.5percent_rep21 30 30 38.1039211638136 8.91344172046867
NewGTmethodsims_africaeurope_5050_30gen_0.5percent_rep22 30 30 37.8501285497962 5.15812013402158
NewGTmethodsims_africaeurope_5050_30gen_0.5percent_rep23 30 30 21.5502414322623 9.25618901078308
NewGTmethodsims_africaeurope_5050_30gen_0.5percent_rep24 30 30 33.7820061857347 7.77853932287052
NewGTmethodsims_africaeurope_5050_30gen_0.5percent_rep25 30 30 36.3848524830887 5.33008824303474
NewGTmethodsims_africaeurope_5050_30gen_0.5percent_rep26 30 30 29.4691892217674 4.56585703386764
NewGTmethodsims_africaeurope_5050_30gen_0.5percent_rep27 30 30 28.9325969866615 3.93761194573312
NewGTmethodsims_africaeurope_5050_30gen_0.5percent_rep28 30 30 38.5467888952854 8.36346413329967
NewGTmethodsims_africaeurope_5050_30gen_0.5percent_rep29 30 30 38.6949953280287 6.63403052101801
NewGTmethodsims_africaeurope_5050_30gen_0.5percent_rep2 30 30 30.3550151582005 7.1898611882685
NewGTmethodsims_africaeurope_5050_30gen_0.5percent_rep30 30 30 21.1785681195943 5.42715701867151
NewGTmethodsims_africaeurope_5050_30gen_0.5percent_rep3 30 30 28.5219779273923 6.52502114958823
NewGTmethodsims_africaeurope_5050_30gen_0.5percent_rep4 30 30 29.0720853939493 5.03962025580414
NewGTmethodsims_africaeurope_5050_30gen_0.5percent_rep5 30 30 34.7831194741508 6.25516131898785
NewGTmethodsims_africaeurope_5050_30gen_0.5percent_rep6 30 30 30.6054783478016 4.96894614970066
NewGTmethodsims_africaeurope_5050_30gen_0.5percent_rep7 30 30 28.3666249937074 4.5468157382545
NewGTmethodsims_africaeurope_5050_30gen_0.5percent_rep8 30 30 21.910238816736 4.99771777398006
NewGTmethodsims_africaeurope_5050_30gen_0.5percent_rep9 30 30 32.1673801013756 7.86440491995603
