# CLUSTERING STRENGTH + LIKELIHOOD K SELECTION RESULTS (GLOBETROTTER)
# Recommended K: 2
# Method: GLOBETROTTER
# Clustering strength threshold: 0.78
# Likelihood thresholds: k1 to k2(k=2):0.69 k1 to k2(k=3):0.9 k2 to k3:0.43 k3 to k4:0.31
#
model_k	pop	cluster	joint_date_est_best	joint_date_lowerci	joint_date_upperci	likelihood_mean	likelihood_per_ind	recommended_k	is_recommended	ind_date_est	sample_age_est_best	sample_age_lowerci_mean	sample_age_upperci_mean
1	africaeurope_30gen60gen_rep10	1	85.0919207326853	79.577143237816	90.6066982275546	-773.658304359804	-11.0256020627434	2	FALSE	77.0847320556641	0	NA	NA
1	africaeurope_30gen60gen_rep11	1	85.0919207326853	79.577143237816	90.6066982275546	-773.658304359804	-11.4533143038974	2	FALSE	70.5496587870756	0	NA	NA
1	africaeurope_30gen60gen_rep12	1	85.0919207326853	79.577143237816	90.6066982275546	-773.658304359804	-10.5453515850758	2	FALSE	78.385009765625	0	NA	NA
1	africaeurope_30gen60gen_rep13	1	85.0919207326853	79.577143237816	90.6066982275546	-773.658304359804	-10.8605388220935	2	FALSE	72.964313103754	0	NA	NA
1	africaeurope_30gen60gen_rep14	1	85.0919207326853	79.577143237816	90.6066982275546	-773.658304359804	-11.128789045685	2	FALSE	96.7492828369141	0	NA	NA
1	africaeurope_30gen60gen_rep15	1	85.0919207326853	79.577143237816	90.6066982275546	-773.658304359804	-31.5795139005006	2	FALSE	51.2517049689447	0	NA	NA
1	africaeurope_30gen60gen_rep16	1	85.0919207326853	79.577143237816	90.6066982275546	-773.658304359804	-12.0653679102748	2	FALSE	99.75390625	0	NA	NA
1	africaeurope_30gen60gen_rep17	1	85.0919207326853	79.577143237816	90.6066982275546	-773.658304359804	-15.3810867567465	2	FALSE	101	0	NA	NA
1	africaeurope_30gen60gen_rep18	1	85.0919207326853	79.577143237816	90.6066982275546	-773.658304359804	-18.8858184041062	2	FALSE	56.5334025083485	0	NA	NA
1	africaeurope_30gen60gen_rep19	1	85.0919207326853	79.577143237816	90.6066982275546	-773.658304359804	-12.1755305395009	2	FALSE	69.5274204891339	0	NA	NA
1	africaeurope_30gen60gen_rep1	1	85.0919207326853	79.577143237816	90.6066982275546	-773.658304359804	-18.250479516831	2	FALSE	71.4318866571129	0	NA	NA
1	africaeurope_30gen60gen_rep20	1	85.0919207326853	79.577143237816	90.6066982275546	-773.658304359804	-9.57432531375565	2	FALSE	78.5225219726562	0	NA	NA
1	africaeurope_30gen60gen_rep21	1	85.0919207326853	79.577143237816	90.6066982275546	-773.658304359804	-11.6377549861102	2	FALSE	69.6244504528981	0	NA	NA
1	africaeurope_30gen60gen_rep22	1	85.0919207326853	79.577143237816	90.6066982275546	-773.658304359804	-12.3825735293303	2	FALSE	69.5759268903684	0	NA	NA
1	africaeurope_30gen60gen_rep23	1	85.0919207326853	79.577143237816	90.6066982275546	-773.658304359804	-13.4847717030228	2	FALSE	70.451976694089	0	NA	NA
1	africaeurope_30gen60gen_rep24	1	85.0919207326853	79.577143237816	90.6066982275546	-773.658304359804	-12.839585942704	2	FALSE	65.2321198823867	0	NA	NA
1	africaeurope_30gen60gen_rep25	1	85.0919207326853	79.577143237816	90.6066982275546	-773.658304359804	-10.8729922662356	2	FALSE	79.0737915039062	0	NA	NA
1	africaeurope_30gen60gen_rep26	1	85.0919207326853	79.577143237816	90.6066982275546	-773.658304359804	-9.65333550591808	2	FALSE	78.4537506103516	0	NA	NA
1	africaeurope_30gen60gen_rep27	1	85.0919207326853	79.577143237816	90.6066982275546	-773.658304359804	-10.1544017503594	2	FALSE	91.4727935791016	0	NA	NA
1	africaeurope_30gen60gen_rep28	1	85.0919207326853	79.577143237816	90.6066982275546	-773.658304359804	-9.5530265865717	2	FALSE	88.1597290039062	0	NA	NA
1	africaeurope_30gen60gen_rep29	1	85.0919207326853	79.577143237816	90.6066982275546	-773.658304359804	-10.4376322099766	2	FALSE	75.390625	0	NA	NA
1	africaeurope_30gen60gen_rep2	1	85.0919207326853	79.577143237816	90.6066982275546	-773.658304359804	-10.2459976767208	2	FALSE	93.340087890625	0	NA	NA
1	africaeurope_30gen60gen_rep30	1	85.0919207326853	79.577143237816	90.6066982275546	-773.658304359804	-13.2902964244037	2	FALSE	106.463272094727	0	NA	NA
1	africaeurope_30gen60gen_rep3	1	85.0919207326853	79.577143237816	90.6066982275546	-773.658304359804	-19.5348808217372	2	FALSE	47.9440454887651	0	NA	NA
1	africaeurope_30gen60gen_rep4	1	85.0919207326853	79.577143237816	90.6066982275546	-773.658304359804	-20.1754404235672	2	FALSE	45.3711811904909	0	NA	NA
1	africaeurope_30gen60gen_rep5	1	85.0919207326853	79.577143237816	90.6066982275546	-773.658304359804	-21.145154440165	2	FALSE	132.353088378906	0	NA	NA
1	africaeurope_30gen60gen_rep6	1	85.0919207326853	79.577143237816	90.6066982275546	-773.658304359804	-11.0005344936887	2	FALSE	75.5254516601562	0	NA	NA
1	africaeurope_30gen60gen_rep7	1	85.0919207326853	79.577143237816	90.6066982275546	-773.658304359804	-11.6770241108963	2	FALSE	93.5654449462891	0	NA	NA
1	africaeurope_30gen60gen_rep8	1	85.0919207326853	79.577143237816	90.6066982275546	-773.658304359804	-14.5270758918215	2	FALSE	73.7616955297075	0	NA	NA
1	africaeurope_30gen60gen_rep9	1	85.0919207326853	79.577143237816	90.6066982275546	-773.658304359804	-14.7358123515055	2	FALSE	109.2900390625	0	NA	NA
1	NewGTmethodsims_africaeurope_5050_75gen_0.5percent_rep10	1	85.0919207326853	79.577143237816	90.6066982275546	-773.658304359804	-10.0373611730117	2	FALSE	89.1620342270354	15	NA	NA
1	NewGTmethodsims_africaeurope_5050_75gen_0.5percent_rep11	1	85.0919207326853	79.577143237816	90.6066982275546	-773.658304359804	-13.0542976862859	2	FALSE	105.435440063477	15	NA	NA
1	NewGTmethodsims_africaeurope_5050_75gen_0.5percent_rep12	1	85.0919207326853	79.577143237816	90.6066982275546	-773.658304359804	-11.9609704303821	2	FALSE	101.888004302979	15	NA	NA
1	NewGTmethodsims_africaeurope_5050_75gen_0.5percent_rep13	1	85.0919207326853	79.577143237816	90.6066982275546	-773.658304359804	-21.3171592549781	2	FALSE	58.2127021097676	15	NA	NA
1	NewGTmethodsims_africaeurope_5050_75gen_0.5percent_rep14	1	85.0919207326853	79.577143237816	90.6066982275546	-773.658304359804	-20.1078486462086	2	FALSE	117.175308227539	15	NA	NA
1	NewGTmethodsims_africaeurope_5050_75gen_0.5percent_rep17	1	85.0919207326853	79.577143237816	90.6066982275546	-773.658304359804	-10.9191564139762	2	FALSE	95.599853515625	15	NA	NA
1	NewGTmethodsims_africaeurope_5050_75gen_0.5percent_rep18	1	85.0919207326853	79.577143237816	90.6066982275546	-773.658304359804	-26.4719284157323	2	FALSE	111.367431640625	15	NA	NA
1	NewGTmethodsims_africaeurope_5050_75gen_0.5percent_rep19	1	85.0919207326853	79.577143237816	90.6066982275546	-773.658304359804	-9.93438108547266	2	FALSE	92.5625	15	NA	NA
1	NewGTmethodsims_africaeurope_5050_75gen_0.5percent_rep1	1	85.0919207326853	79.577143237816	90.6066982275546	-773.658304359804	-10.7551106319213	2	FALSE	91.744384765625	15	NA	NA
1	NewGTmethodsims_africaeurope_5050_75gen_0.5percent_rep20	1	85.0919207326853	79.577143237816	90.6066982275546	-773.658304359804	-11.7362865160882	2	FALSE	100.9853515625	15	NA	NA
1	NewGTmethodsims_africaeurope_5050_75gen_0.5percent_rep21	1	85.0919207326853	79.577143237816	90.6066982275546	-773.658304359804	-14.3387536627012	2	FALSE	67.6736555769349	15	NA	NA
1	NewGTmethodsims_africaeurope_5050_75gen_0.5percent_rep22	1	85.0919207326853	79.577143237816	90.6066982275546	-773.658304359804	-9.05539375058027	2	FALSE	83.9466822553558	15	NA	NA
1	NewGTmethodsims_africaeurope_5050_75gen_0.5percent_rep23	1	85.0919207326853	79.577143237816	90.6066982275546	-773.658304359804	-12.2171661992628	2	FALSE	98.3060035705566	15	NA	NA
1	NewGTmethodsims_africaeurope_5050_75gen_0.5percent_rep24	1	85.0919207326853	79.577143237816	90.6066982275546	-773.658304359804	-9.74979232202385	2	FALSE	88.6118516795824	15	NA	NA
1	NewGTmethodsims_africaeurope_5050_75gen_0.5percent_rep25	1	85.0919207326853	79.577143237816	90.6066982275546	-773.658304359804	-9.86297070192361	2	FALSE	91.201416015625	15	NA	NA
1	NewGTmethodsims_africaeurope_5050_75gen_0.5percent_rep26	1	85.0919207326853	79.577143237816	90.6066982275546	-773.658304359804	-9.33353690851894	2	FALSE	88.0637456488637	15	NA	NA
1	NewGTmethodsims_africaeurope_5050_75gen_0.5percent_rep27	1	85.0919207326853	79.577143237816	90.6066982275546	-773.658304359804	-12.0615459142442	2	FALSE	100.123291015625	15	NA	NA
1	NewGTmethodsims_africaeurope_5050_75gen_0.5percent_rep28	1	85.0919207326853	79.577143237816	90.6066982275546	-773.658304359804	-10.8617785640524	2	FALSE	96.0186157226562	15	NA	NA
1	NewGTmethodsims_africaeurope_5050_75gen_0.5percent_rep29	1	85.0919207326853	79.577143237816	90.6066982275546	-773.658304359804	-14.5265304987471	2	FALSE	106.993713378906	15	NA	NA
1	NewGTmethodsims_africaeurope_5050_75gen_0.5percent_rep2	1	85.0919207326853	79.577143237816	90.6066982275546	-773.658304359804	-18.7314640359421	2	FALSE	115.3759765625	15	NA	NA
1	NewGTmethodsims_africaeurope_5050_75gen_0.5percent_rep30	1	85.0919207326853	79.577143237816	90.6066982275546	-773.658304359804	-14.2442665264858	2	FALSE	109.2431640625	15	NA	NA
1	NewGTmethodsims_africaeurope_5050_75gen_0.5percent_rep3	1	85.0919207326853	79.577143237816	90.6066982275546	-773.658304359804	-14.5149607301299	2	FALSE	82.6490566513433	15	NA	NA
1	NewGTmethodsims_africaeurope_5050_75gen_0.5percent_rep4	1	85.0919207326853	79.577143237816	90.6066982275546	-773.658304359804	-10.1027284210059	2	FALSE	91.201416015625	15	NA	NA
1	NewGTmethodsims_africaeurope_5050_75gen_0.5percent_rep5	1	85.0919207326853	79.577143237816	90.6066982275546	-773.658304359804	-12.4212182921128	2	FALSE	78.5529214574836	15	NA	NA
1	NewGTmethodsims_africaeurope_5050_75gen_0.5percent_rep6	1	85.0919207326853	79.577143237816	90.6066982275546	-773.658304359804	-9.73846597229483	2	FALSE	92.1528930664062	15	NA	NA
1	NewGTmethodsims_africaeurope_5050_75gen_0.5percent_rep7	1	85.0919207326853	79.577143237816	90.6066982275546	-773.658304359804	-10.0205512596854	2	FALSE	91.8123931884766	15	NA	NA
1	NewGTmethodsims_africaeurope_5050_75gen_0.5percent_rep8	1	85.0919207326853	79.577143237816	90.6066982275546	-773.658304359804	-9.41802234012588	2	FALSE	79.5764554332222	15	NA	NA
1	NewGTmethodsims_africaeurope_5050_75gen_0.5percent_rep9	1	85.0919207326853	79.577143237816	90.6066982275546	-773.658304359804	-15.8906487299649	2	FALSE	112.8994140625	15	NA	NA
2	africaeurope_30gen60gen_rep10	1	70.9346729477738	63.1214390919186	78.7479068036291	-646.2276585692	-10.9869065001787	2	TRUE	77.0847320556641	0	0	0
2	africaeurope_30gen60gen_rep11	1	70.9346729477738	63.1214390919186	78.7479068036291	-646.2276585692	-9.95309313194304	2	TRUE	70.5496587870756	0	0	0
2	africaeurope_30gen60gen_rep12	1	70.9346729477738	63.1214390919186	78.7479068036291	-646.2276585692	-10.723399592805	2	TRUE	78.385009765625	0	0	0
2	africaeurope_30gen60gen_rep13	1	70.9346729477738	63.1214390919186	78.7479068036291	-646.2276585692	-9.77951889329833	2	TRUE	72.964313103754	0	0	0
2	africaeurope_30gen60gen_rep14	2	99.1469969833656	91.3620078689869	106.931986097744	-646.2276585692	-10.1886266645647	2	TRUE	96.7492828369141	0	0	0
2	africaeurope_30gen60gen_rep15	1	70.9346729477738	63.1214390919186	78.7479068036291	-646.2276585692	-16.6969800791231	2	TRUE	51.2517049689447	0	0	0
2	africaeurope_30gen60gen_rep16	2	99.1469969833656	91.3620078689869	106.931986097744	-646.2276585692	-10.8078632465682	2	TRUE	99.75390625	0	0	0
2	africaeurope_30gen60gen_rep17	2	99.1469969833656	91.3620078689869	106.931986097744	-646.2276585692	-14.7556864913411	2	TRUE	101	0	0	0
2	africaeurope_30gen60gen_rep18	1	70.9346729477738	63.1214390919186	78.7479068036291	-646.2276585692	-11.5393065370597	2	TRUE	56.5334025083485	0	0	0
2	africaeurope_30gen60gen_rep19	1	70.9346729477738	63.1214390919186	78.7479068036291	-646.2276585692	-10.9584862630897	2	TRUE	69.5274204891339	0	0	0
2	africaeurope_30gen60gen_rep1	1	70.9346729477738	63.1214390919186	78.7479068036291	-646.2276585692	-11.4592813634556	2	TRUE	71.4318866571129	0	0	0
2	africaeurope_30gen60gen_rep20	1	70.9346729477738	63.1214390919186	78.7479068036291	-646.2276585692	-9.73433739506847	2	TRUE	78.5225219726562	0	0	0
2	africaeurope_30gen60gen_rep21	1	70.9346729477738	63.1214390919186	78.7479068036291	-646.2276585692	-9.87687075761409	2	TRUE	69.6244504528981	0	0	0
2	africaeurope_30gen60gen_rep22	1	70.9346729477738	63.1214390919186	78.7479068036291	-646.2276585692	-8.97991762605152	2	TRUE	69.5759268903684	0	0	0
2	africaeurope_30gen60gen_rep23	1	70.9346729477738	63.1214390919186	78.7479068036291	-646.2276585692	-9.18973202594674	2	TRUE	70.451976694089	0	0	0
2	africaeurope_30gen60gen_rep24	1	70.9346729477738	63.1214390919186	78.7479068036291	-646.2276585692	-10.5009519850136	2	TRUE	65.2321198823867	0	0	0
2	africaeurope_30gen60gen_rep25	1	70.9346729477738	63.1214390919186	78.7479068036291	-646.2276585692	-11.1626299095342	2	TRUE	79.0737915039062	0	0	0
2	africaeurope_30gen60gen_rep26	1	70.9346729477738	63.1214390919186	78.7479068036291	-646.2276585692	-9.7489035049132	2	TRUE	78.4537506103516	0	0	0
2	africaeurope_30gen60gen_rep27	2	99.1469969833656	91.3620078689869	106.931986097744	-646.2276585692	-10.2301277489394	2	TRUE	91.4727935791016	0	0	0
2	africaeurope_30gen60gen_rep28	2	99.1469969833656	91.3620078689869	106.931986097744	-646.2276585692	-10.5030236449465	2	TRUE	88.1597290039062	0	0	0
2	africaeurope_30gen60gen_rep29	1	70.9346729477738	63.1214390919186	78.7479068036291	-646.2276585692	-9.24414643318963	2	TRUE	75.390625	0	0	0
2	africaeurope_30gen60gen_rep2	2	99.1469969833656	91.3620078689869	106.931986097744	-646.2276585692	-9.91580465976152	2	TRUE	93.340087890625	0	0	0
2	africaeurope_30gen60gen_rep30	2	99.1469969833656	91.3620078689869	106.931986097744	-646.2276585692	-10.7599465683448	2	TRUE	106.463272094727	0	0	0
2	africaeurope_30gen60gen_rep3	1	70.9346729477738	63.1214390919186	78.7479068036291	-646.2276585692	-13.8555523843204	2	TRUE	47.9440454887651	0	0	0
2	africaeurope_30gen60gen_rep4	1	70.9346729477738	63.1214390919186	78.7479068036291	-646.2276585692	-14.6059742690328	2	TRUE	45.3711811904909	0	0	0
2	africaeurope_30gen60gen_rep5	2	99.1469969833656	91.3620078689869	106.931986097744	-646.2276585692	-16.4572513086869	2	TRUE	132.353088378906	0	0	0
2	africaeurope_30gen60gen_rep6	1	70.9346729477738	63.1214390919186	78.7479068036291	-646.2276585692	-10.6735742197244	2	TRUE	75.5254516601562	0	0	0
2	africaeurope_30gen60gen_rep7	2	99.1469969833656	91.3620078689869	106.931986097744	-646.2276585692	-11.0898962719241	2	TRUE	93.5654449462891	0	0	0
2	africaeurope_30gen60gen_rep8	1	70.9346729477738	63.1214390919186	78.7479068036291	-646.2276585692	-14.2750285970959	2	TRUE	73.7616955297075	0	0	0
2	africaeurope_30gen60gen_rep9	2	99.1469969833656	91.3620078689869	106.931986097744	-646.2276585692	-12.9342797527741	2	TRUE	109.2900390625	0	0	0
2	NewGTmethodsims_africaeurope_5050_75gen_0.5percent_rep10	2	99.1469969833656	91.3620078689869	106.931986097744	-646.2276585692	-10.5866838363801	2	TRUE	89.1620342270354	15	15	15
2	NewGTmethodsims_africaeurope_5050_75gen_0.5percent_rep11	2	99.1469969833656	91.3620078689869	106.931986097744	-646.2276585692	-10.7575818126265	2	TRUE	105.435440063477	15	15	15
2	NewGTmethodsims_africaeurope_5050_75gen_0.5percent_rep12	2	99.1469969833656	91.3620078689869	106.931986097744	-646.2276585692	-9.63894889982449	2	TRUE	101.888004302979	15	15	15
2	NewGTmethodsims_africaeurope_5050_75gen_0.5percent_rep13	1	70.9346729477738	63.1214390919186	78.7479068036291	-646.2276585692	-11.7372629186149	2	TRUE	58.2127021097676	15	15	15
2	NewGTmethodsims_africaeurope_5050_75gen_0.5percent_rep14	2	99.1469969833656	91.3620078689869	106.931986097744	-646.2276585692	-12.6216631229491	2	TRUE	117.175308227539	15	15	15
2	NewGTmethodsims_africaeurope_5050_75gen_0.5percent_rep17	2	99.1469969833656	91.3620078689869	106.931986097744	-646.2276585692	-10.18381391904	2	TRUE	95.599853515625	15	15	15
2	NewGTmethodsims_africaeurope_5050_75gen_0.5percent_rep18	2	99.1469969833656	91.3620078689869	106.931986097744	-646.2276585692	-14.1056449083224	2	TRUE	111.367431640625	15	15	15
2	NewGTmethodsims_africaeurope_5050_75gen_0.5percent_rep19	2	99.1469969833656	91.3620078689869	106.931986097744	-646.2276585692	-9.78574575385717	2	TRUE	92.5625	15	15	15
2	NewGTmethodsims_africaeurope_5050_75gen_0.5percent_rep1	2	99.1469969833656	91.3620078689869	106.931986097744	-646.2276585692	-10.7386622251943	2	TRUE	91.744384765625	15	15	15
2	NewGTmethodsims_africaeurope_5050_75gen_0.5percent_rep20	2	99.1469969833656	91.3620078689869	106.931986097744	-646.2276585692	-9.35930347223487	2	TRUE	100.9853515625	15	15	15
2	NewGTmethodsims_africaeurope_5050_75gen_0.5percent_rep21	1	70.9346729477738	63.1214390919186	78.7479068036291	-646.2276585692	-9.20975508169728	2	TRUE	67.6736555769349	15	15	15
2	NewGTmethodsims_africaeurope_5050_75gen_0.5percent_rep22	1	70.9346729477738	63.1214390919186	78.7479068036291	-646.2276585692	-11.1136196681015	2	TRUE	83.9466822553558	15	15	15
2	NewGTmethodsims_africaeurope_5050_75gen_0.5percent_rep23	2	99.1469969833656	91.3620078689869	106.931986097744	-646.2276585692	-9.40859344439437	2	TRUE	98.3060035705566	15	15	15
2	NewGTmethodsims_africaeurope_5050_75gen_0.5percent_rep24	2	99.1469969833656	91.3620078689869	106.931986097744	-646.2276585692	-10.5064088242836	2	TRUE	88.6118516795824	15	15	15
2	NewGTmethodsims_africaeurope_5050_75gen_0.5percent_rep25	2	99.1469969833656	91.3620078689869	106.931986097744	-646.2276585692	-10.4680565621287	2	TRUE	91.201416015625	15	15	15
2	NewGTmethodsims_africaeurope_5050_75gen_0.5percent_rep26	2	99.1469969833656	91.3620078689869	106.931986097744	-646.2276585692	-11.3848468244323	2	TRUE	88.0637456488637	15	15	15
2	NewGTmethodsims_africaeurope_5050_75gen_0.5percent_rep27	2	99.1469969833656	91.3620078689869	106.931986097744	-646.2276585692	-9.10176448827114	2	TRUE	100.123291015625	15	15	15
2	NewGTmethodsims_africaeurope_5050_75gen_0.5percent_rep28	2	99.1469969833656	91.3620078689869	106.931986097744	-646.2276585692	-9.32291892460144	2	TRUE	96.0186157226562	15	15	15
2	NewGTmethodsims_africaeurope_5050_75gen_0.5percent_rep29	2	99.1469969833656	91.3620078689869	106.931986097744	-646.2276585692	-9.81182953584699	2	TRUE	106.993713378906	15	15	15
2	NewGTmethodsims_africaeurope_5050_75gen_0.5percent_rep2	2	99.1469969833656	91.3620078689869	106.931986097744	-646.2276585692	-11.9293536806953	2	TRUE	115.3759765625	15	15	15
2	NewGTmethodsims_africaeurope_5050_75gen_0.5percent_rep30	2	99.1469969833656	91.3620078689869	106.931986097744	-646.2276585692	-10.581347004027	2	TRUE	109.2431640625	15	15	15
2	NewGTmethodsims_africaeurope_5050_75gen_0.5percent_rep3	1	70.9346729477738	63.1214390919186	78.7479068036291	-646.2276585692	-18.5003893192565	2	TRUE	82.6490566513433	15	15	15
2	NewGTmethodsims_africaeurope_5050_75gen_0.5percent_rep4	2	99.1469969833656	91.3620078689869	106.931986097744	-646.2276585692	-10.2397855690723	2	TRUE	91.201416015625	15	15	15
2	NewGTmethodsims_africaeurope_5050_75gen_0.5percent_rep5	1	70.9346729477738	63.1214390919186	78.7479068036291	-646.2276585692	-12.5849623339835	2	TRUE	78.5529214574836	15	15	15
2	NewGTmethodsims_africaeurope_5050_75gen_0.5percent_rep6	2	99.1469969833656	91.3620078689869	106.931986097744	-646.2276585692	-9.80890417519192	2	TRUE	92.1528930664062	15	15	15
2	NewGTmethodsims_africaeurope_5050_75gen_0.5percent_rep7	2	99.1469969833656	91.3620078689869	106.931986097744	-646.2276585692	-10.0392806368575	2	TRUE	91.8123931884766	15	15	15
2	NewGTmethodsims_africaeurope_5050_75gen_0.5percent_rep8	1	70.9346729477738	63.1214390919186	78.7479068036291	-646.2276585692	-9.94712526454615	2	TRUE	79.5764554332222	15	15	15
2	NewGTmethodsims_africaeurope_5050_75gen_0.5percent_rep9	2	99.1469969833656	91.3620078689869	106.931986097744	-646.2276585692	-11.1663085364589	2	TRUE	112.8994140625	15	15	15
3	africaeurope_30gen60gen_rep10	2	86.8672866561422	78.5496766221872	95.1848966900971	-620.421610517502	-11.2548168628159	2	FALSE	77.0847320556641	0	0	0
3	africaeurope_30gen60gen_rep11	1	65.2314903831171	55.3295293828073	75.133451383427	-620.421610517502	-10.274655604857	2	FALSE	70.5496587870756	0	0	0
3	africaeurope_30gen60gen_rep12	2	86.8672866561422	78.5496766221872	95.1848966900971	-620.421610517502	-10.7766092288925	2	FALSE	78.385009765625	0	0	0
3	africaeurope_30gen60gen_rep13	1	65.2314903831171	55.3295293828073	75.133451383427	-620.421610517502	-10.3398853404683	2	FALSE	72.964313103754	0	0	0
3	africaeurope_30gen60gen_rep14	3	106.592498791604	95.5677704878332	117.617227095375	-620.421610517502	-10.5698267876952	2	FALSE	96.7492828369141	0	0	0
3	africaeurope_30gen60gen_rep15	1	65.2314903831171	55.3295293828073	75.133451383427	-620.421610517502	-12.7787637217517	2	FALSE	51.2517049689447	0	0	0
3	africaeurope_30gen60gen_rep16	3	106.592498791604	95.5677704878332	117.617227095375	-620.421610517502	-10.8839748923743	2	FALSE	99.75390625	0	0	0
3	africaeurope_30gen60gen_rep17	2	86.8672866561422	78.5496766221872	95.1848966900971	-620.421610517502	-15.132042768288	2	FALSE	101	0	0	0
3	africaeurope_30gen60gen_rep18	1	65.2314903831171	55.3295293828073	75.133451383427	-620.421610517502	-9.98779266439071	2	FALSE	56.5334025083485	0	0	0
3	africaeurope_30gen60gen_rep19	1	65.2314903831171	55.3295293828073	75.133451383427	-620.421610517502	-11.1424770264022	2	FALSE	69.5274204891339	0	0	0
3	africaeurope_30gen60gen_rep1	1	65.2314903831171	55.3295293828073	75.133451383427	-620.421610517502	-11.8637984074976	2	FALSE	71.4318866571129	0	0	0
3	africaeurope_30gen60gen_rep20	2	86.8672866561422	78.5496766221872	95.1848966900971	-620.421610517502	-9.90844969404546	2	FALSE	78.5225219726562	0	0	0
3	africaeurope_30gen60gen_rep21	1	65.2314903831171	55.3295293828073	75.133451383427	-620.421610517502	-10.1222908122639	2	FALSE	69.6244504528981	0	0	0
3	africaeurope_30gen60gen_rep22	1	65.2314903831171	55.3295293828073	75.133451383427	-620.421610517502	-9.1991878132236	2	FALSE	69.5759268903684	0	0	0
3	africaeurope_30gen60gen_rep23	1	65.2314903831171	55.3295293828073	75.133451383427	-620.421610517502	-9.50027739112004	2	FALSE	70.451976694089	0	0	0
3	africaeurope_30gen60gen_rep24	1	65.2314903831171	55.3295293828073	75.133451383427	-620.421610517502	-10.389171971233	2	FALSE	65.2321198823867	0	0	0
3	africaeurope_30gen60gen_rep25	2	86.8672866561422	78.5496766221872	95.1848966900971	-620.421610517502	-11.060250713932	2	FALSE	79.0737915039062	0	0	0
3	africaeurope_30gen60gen_rep26	2	86.8672866561422	78.5496766221872	95.1848966900971	-620.421610517502	-10.0063372396807	2	FALSE	78.4537506103516	0	0	0
3	africaeurope_30gen60gen_rep27	2	86.8672866561422	78.5496766221872	95.1848966900971	-620.421610517502	-10.0639865277078	2	FALSE	91.4727935791016	0	0	0
3	africaeurope_30gen60gen_rep28	2	86.8672866561422	78.5496766221872	95.1848966900971	-620.421610517502	-9.53789488318197	2	FALSE	88.1597290039062	0	0	0
3	africaeurope_30gen60gen_rep29	1	65.2314903831171	55.3295293828073	75.133451383427	-620.421610517502	-10.4267444634431	2	FALSE	75.390625	0	0	0
3	africaeurope_30gen60gen_rep2	2	86.8672866561422	78.5496766221872	95.1848966900971	-620.421610517502	-10.0934590991287	2	FALSE	93.340087890625	0	0	0
3	africaeurope_30gen60gen_rep30	3	106.592498791604	95.5677704878332	117.617227095375	-620.421610517502	-10.2249597170395	2	FALSE	106.463272094727	0	0	0
3	africaeurope_30gen60gen_rep3	1	65.2314903831171	55.3295293828073	75.133451383427	-620.421610517502	-12.4026945702939	2	FALSE	47.9440454887651	0	0	0
3	africaeurope_30gen60gen_rep4	1	65.2314903831171	55.3295293828073	75.133451383427	-620.421610517502	-13.1158547436739	2	FALSE	45.3711811904909	0	0	0
3	africaeurope_30gen60gen_rep5	3	106.592498791604	95.5677704878332	117.617227095375	-620.421610517502	-14.6604305606922	2	FALSE	132.353088378906	0	0	0
3	africaeurope_30gen60gen_rep6	2	86.8672866561422	78.5496766221872	95.1848966900971	-620.421610517502	-11.2818555648881	2	FALSE	75.5254516601562	0	0	0
3	africaeurope_30gen60gen_rep7	2	86.8672866561422	78.5496766221872	95.1848966900971	-620.421610517502	-10.8169094416553	2	FALSE	93.5654449462891	0	0	0
3	africaeurope_30gen60gen_rep8	1	65.2314903831171	55.3295293828073	75.133451383427	-620.421610517502	-14.3584652833708	2	FALSE	73.7616955297075	0	0	0
3	africaeurope_30gen60gen_rep9	3	106.592498791604	95.5677704878332	117.617227095375	-620.421610517502	-12.6888282840879	2	FALSE	109.2900390625	0	0	0
3	NewGTmethodsims_africaeurope_5050_75gen_0.5percent_rep10	2	86.8672866561422	78.5496766221872	95.1848966900971	-620.421610517502	-10.0110506997645	2	FALSE	89.1620342270354	15	15	15
3	NewGTmethodsims_africaeurope_5050_75gen_0.5percent_rep11	3	106.592498791604	95.5677704878332	117.617227095375	-620.421610517502	-10.328282185215	2	FALSE	105.435440063477	15	15	15
3	NewGTmethodsims_africaeurope_5050_75gen_0.5percent_rep12	3	106.592498791604	95.5677704878332	117.617227095375	-620.421610517502	-9.5585520178007	2	FALSE	101.888004302979	15	15	15
3	NewGTmethodsims_africaeurope_5050_75gen_0.5percent_rep13	1	65.2314903831171	55.3295293828073	75.133451383427	-620.421610517502	-9.73174294687755	2	FALSE	58.2127021097676	15	15	15
3	NewGTmethodsims_africaeurope_5050_75gen_0.5percent_rep14	3	106.592498791604	95.5677704878332	117.617227095375	-620.421610517502	-10.3054842211827	2	FALSE	117.175308227539	15	15	15
3	NewGTmethodsims_africaeurope_5050_75gen_0.5percent_rep17	3	106.592498791604	95.5677704878332	117.617227095375	-620.421610517502	-10.6900438257977	2	FALSE	95.599853515625	15	15	15
3	NewGTmethodsims_africaeurope_5050_75gen_0.5percent_rep18	3	106.592498791604	95.5677704878332	117.617227095375	-620.421610517502	-12.8907119031267	2	FALSE	111.367431640625	15	15	15
3	NewGTmethodsims_africaeurope_5050_75gen_0.5percent_rep19	2	86.8672866561422	78.5496766221872	95.1848966900971	-620.421610517502	-9.77480607135985	2	FALSE	92.5625	15	15	15
3	NewGTmethodsims_africaeurope_5050_75gen_0.5percent_rep1	2	86.8672866561422	78.5496766221872	95.1848966900971	-620.421610517502	-10.6783729018395	2	FALSE	91.744384765625	15	15	15
3	NewGTmethodsims_africaeurope_5050_75gen_0.5percent_rep20	3	106.592498791604	95.5677704878332	117.617227095375	-620.421610517502	-9.48143619824785	2	FALSE	100.9853515625	15	15	15
3	NewGTmethodsims_africaeurope_5050_75gen_0.5percent_rep21	1	65.2314903831171	55.3295293828073	75.133451383427	-620.421610517502	-9.00894106241115	2	FALSE	67.6736555769349	15	15	15
3	NewGTmethodsims_africaeurope_5050_75gen_0.5percent_rep22	2	86.8672866561422	78.5496766221872	95.1848966900971	-620.421610517502	-9.15433750471554	2	FALSE	83.9466822553558	15	15	15
3	NewGTmethodsims_africaeurope_5050_75gen_0.5percent_rep23	3	106.592498791604	95.5677704878332	117.617227095375	-620.421610517502	-11.296571419536	2	FALSE	98.3060035705566	15	15	15
3	NewGTmethodsims_africaeurope_5050_75gen_0.5percent_rep24	2	86.8672866561422	78.5496766221872	95.1848966900971	-620.421610517502	-9.72995764947703	2	FALSE	88.6118516795824	15	15	15
3	NewGTmethodsims_africaeurope_5050_75gen_0.5percent_rep25	2	86.8672866561422	78.5496766221872	95.1848966900971	-620.421610517502	-9.45315721915989	2	FALSE	91.201416015625	15	15	15
3	NewGTmethodsims_africaeurope_5050_75gen_0.5percent_rep26	2	86.8672866561422	78.5496766221872	95.1848966900971	-620.421610517502	-9.12728092977975	2	FALSE	88.0637456488637	15	15	15
3	NewGTmethodsims_africaeurope_5050_75gen_0.5percent_rep27	3	106.592498791604	95.5677704878332	117.617227095375	-620.421610517502	-9.88904638487539	2	FALSE	100.123291015625	15	15	15
3	NewGTmethodsims_africaeurope_5050_75gen_0.5percent_rep28	2	86.8672866561422	78.5496766221872	95.1848966900971	-620.421610517502	-10.282343625489	2	FALSE	96.0186157226562	15	15	15
3	NewGTmethodsims_africaeurope_5050_75gen_0.5percent_rep29	3	106.592498791604	95.5677704878332	117.617227095375	-620.421610517502	-9.12557584783691	2	FALSE	106.993713378906	15	15	15
3	NewGTmethodsims_africaeurope_5050_75gen_0.5percent_rep2	3	106.592498791604	95.5677704878332	117.617227095375	-620.421610517502	-9.92193147108088	2	FALSE	115.3759765625	15	15	15
3	NewGTmethodsims_africaeurope_5050_75gen_0.5percent_rep30	3	106.592498791604	95.5677704878332	117.617227095375	-620.421610517502	-9.64873320040397	2	FALSE	109.2431640625	15	15	15
3	NewGTmethodsims_africaeurope_5050_75gen_0.5percent_rep3	2	86.8672866561422	78.5496766221872	95.1848966900971	-620.421610517502	-14.1541970402124	2	FALSE	82.6490566513433	15	15	15
3	NewGTmethodsims_africaeurope_5050_75gen_0.5percent_rep4	2	86.8672866561422	78.5496766221872	95.1848966900971	-620.421610517502	-10.0181041644935	2	FALSE	91.201416015625	15	15	15
3	NewGTmethodsims_africaeurope_5050_75gen_0.5percent_rep5	2	86.8672866561422	78.5496766221872	95.1848966900971	-620.421610517502	-12.5134399895591	2	FALSE	78.5529214574836	15	15	15
3	NewGTmethodsims_africaeurope_5050_75gen_0.5percent_rep6	2	86.8672866561422	78.5496766221872	95.1848966900971	-620.421610517502	-9.40411723670861	2	FALSE	92.1528930664062	15	15	15
3	NewGTmethodsims_africaeurope_5050_75gen_0.5percent_rep7	2	86.8672866561422	78.5496766221872	95.1848966900971	-620.421610517502	-9.90773224599706	2	FALSE	91.8123931884766	15	15	15
3	NewGTmethodsims_africaeurope_5050_75gen_0.5percent_rep8	2	86.8672866561422	78.5496766221872	95.1848966900971	-620.421610517502	-9.7113548092162	2	FALSE	79.5764554332222	15	15	15
3	NewGTmethodsims_africaeurope_5050_75gen_0.5percent_rep9	3	106.592498791604	95.5677704878332	117.617227095375	-620.421610517502	-9.76161366524263	2	FALSE	112.8994140625	15	15	15
4	africaeurope_30gen60gen_rep10	2	85.6984934611583	73.5566895220337	97.8402974002829	-597.39497717923	-10.3238769803811	2	FALSE	77.0847320556641	0	0	0
4	africaeurope_30gen60gen_rep11	2	85.6984934611583	73.5566895220337	97.8402974002829	-597.39497717923	-10.3017354036785	2	FALSE	70.5496587870756	0	0	0
4	africaeurope_30gen60gen_rep12	2	85.6984934611583	73.5566895220337	97.8402974002829	-597.39497717923	-9.27698035474614	2	FALSE	78.385009765625	0	0	0
4	africaeurope_30gen60gen_rep13	2	85.6984934611583	73.5566895220337	97.8402974002829	-597.39497717923	-10.0635019019762	2	FALSE	72.964313103754	0	0	0
4	africaeurope_30gen60gen_rep14	2	85.6984934611583	73.5566895220337	97.8402974002829	-597.39497717923	-9.69613294727037	2	FALSE	96.7492828369141	0	0	0
4	africaeurope_30gen60gen_rep15	1	64.5040097464354	54.0168267047207	74.99119278815	-597.39497717923	-12.1709217323955	2	FALSE	51.2517049689447	0	0	0
4	africaeurope_30gen60gen_rep16	4	108.662754221522	96.498054906369	120.827453536674	-597.39497717923	-10.9420987731897	2	FALSE	99.75390625	0	0	0
4	africaeurope_30gen60gen_rep17	4	108.662754221522	96.498054906369	120.827453536674	-597.39497717923	-14.1111683642731	2	FALSE	101	0	0	0
4	africaeurope_30gen60gen_rep18	1	64.5040097464354	54.0168267047207	74.99119278815	-597.39497717923	-9.90753351478272	2	FALSE	56.5334025083485	0	0	0
4	africaeurope_30gen60gen_rep19	2	85.6984934611583	73.5566895220337	97.8402974002829	-597.39497717923	-11.9082928986586	2	FALSE	69.5274204891339	0	0	0
4	africaeurope_30gen60gen_rep1	1	64.5040097464354	54.0168267047207	74.99119278815	-597.39497717923	-11.2751316521779	2	FALSE	71.4318866571129	0	0	0
4	africaeurope_30gen60gen_rep20	3	87.4140909667437	77.5356322796499	97.2925496538374	-597.39497717923	-10.2354769994898	2	FALSE	78.5225219726562	0	0	0
4	africaeurope_30gen60gen_rep21	1	64.5040097464354	54.0168267047207	74.99119278815	-597.39497717923	-10.3383680492075	2	FALSE	69.6244504528981	0	0	0
4	africaeurope_30gen60gen_rep22	1	64.5040097464354	54.0168267047207	74.99119278815	-597.39497717923	-9.29565909754293	2	FALSE	69.5759268903684	0	0	0
4	africaeurope_30gen60gen_rep23	1	64.5040097464354	54.0168267047207	74.99119278815	-597.39497717923	-9.44691071638968	2	FALSE	70.451976694089	0	0	0
4	africaeurope_30gen60gen_rep24	1	64.5040097464354	54.0168267047207	74.99119278815	-597.39497717923	-10.560876711586	2	FALSE	65.2321198823867	0	0	0
4	africaeurope_30gen60gen_rep25	2	85.6984934611583	73.5566895220337	97.8402974002829	-597.39497717923	-10.1784074520995	2	FALSE	79.0737915039062	0	0	0
4	africaeurope_30gen60gen_rep26	3	87.4140909667437	77.5356322796499	97.2925496538374	-597.39497717923	-10.0335443648092	2	FALSE	78.4537506103516	0	0	0
4	africaeurope_30gen60gen_rep27	2	85.6984934611583	73.5566895220337	97.8402974002829	-597.39497717923	-8.82358739196739	2	FALSE	91.4727935791016	0	0	0
4	africaeurope_30gen60gen_rep28	2	85.6984934611583	73.5566895220337	97.8402974002829	-597.39497717923	-9.34201927216123	2	FALSE	88.1597290039062	0	0	0
4	africaeurope_30gen60gen_rep29	1	64.5040097464354	54.0168267047207	74.99119278815	-597.39497717923	-10.6233872521388	2	FALSE	75.390625	0	0	0
4	africaeurope_30gen60gen_rep2	2	85.6984934611583	73.5566895220337	97.8402974002829	-597.39497717923	-9.14990676823959	2	FALSE	93.340087890625	0	0	0
4	africaeurope_30gen60gen_rep30	4	108.662754221522	96.498054906369	120.827453536674	-597.39497717923	-10.2359441750206	2	FALSE	106.463272094727	0	0	0
4	africaeurope_30gen60gen_rep3	1	64.5040097464354	54.0168267047207	74.99119278815	-597.39497717923	-12.4034488061493	2	FALSE	47.9440454887651	0	0	0
4	africaeurope_30gen60gen_rep4	1	64.5040097464354	54.0168267047207	74.99119278815	-597.39497717923	-13.1080368705379	2	FALSE	45.3711811904909	0	0	0
4	africaeurope_30gen60gen_rep5	4	108.662754221522	96.498054906369	120.827453536674	-597.39497717923	-13.7851877933179	2	FALSE	132.353088378906	0	0	0
4	africaeurope_30gen60gen_rep6	2	85.6984934611583	73.5566895220337	97.8402974002829	-597.39497717923	-9.94622007331779	2	FALSE	75.5254516601562	0	0	0
4	africaeurope_30gen60gen_rep7	3	87.4140909667437	77.5356322796499	97.2925496538374	-597.39497717923	-9.16167030384846	2	FALSE	93.5654449462891	0	0	0
4	africaeurope_30gen60gen_rep8	1	64.5040097464354	54.0168267047207	74.99119278815	-597.39497717923	-14.3983930343343	2	FALSE	73.7616955297075	0	0	0
4	africaeurope_30gen60gen_rep9	4	108.662754221522	96.498054906369	120.827453536674	-597.39497717923	-12.0254872877289	2	FALSE	109.2900390625	0	0	0
4	NewGTmethodsims_africaeurope_5050_75gen_0.5percent_rep10	2	85.6984934611583	73.5566895220337	97.8402974002829	-597.39497717923	-8.65983170184189	2	FALSE	89.1620342270354	15	15	15
4	NewGTmethodsims_africaeurope_5050_75gen_0.5percent_rep11	4	108.662754221522	96.498054906369	120.827453536674	-597.39497717923	-10.339781716682	2	FALSE	105.435440063477	15	15	15
4	NewGTmethodsims_africaeurope_5050_75gen_0.5percent_rep12	4	108.662754221522	96.498054906369	120.827453536674	-597.39497717923	-9.94375914383178	2	FALSE	101.888004302979	15	15	15
4	NewGTmethodsims_africaeurope_5050_75gen_0.5percent_rep13	1	64.5040097464354	54.0168267047207	74.99119278815	-597.39497717923	-9.45600454723742	2	FALSE	58.2127021097676	15	15	15
4	NewGTmethodsims_africaeurope_5050_75gen_0.5percent_rep14	4	108.662754221522	96.498054906369	120.827453536674	-597.39497717923	-10.125614275759	2	FALSE	117.175308227539	15	15	15
4	NewGTmethodsims_africaeurope_5050_75gen_0.5percent_rep17	2	85.6984934611583	73.5566895220337	97.8402974002829	-597.39497717923	-9.46334917016512	2	FALSE	95.599853515625	15	15	15
4	NewGTmethodsims_africaeurope_5050_75gen_0.5percent_rep18	4	108.662754221522	96.498054906369	120.827453536674	-597.39497717923	-11.8282638723101	2	FALSE	111.367431640625	15	15	15
4	NewGTmethodsims_africaeurope_5050_75gen_0.5percent_rep19	2	85.6984934611583	73.5566895220337	97.8402974002829	-597.39497717923	-9.90434804809317	2	FALSE	92.5625	15	15	15
4	NewGTmethodsims_africaeurope_5050_75gen_0.5percent_rep1	2	85.6984934611583	73.5566895220337	97.8402974002829	-597.39497717923	-9.65617275440198	2	FALSE	91.744384765625	15	15	15
4	NewGTmethodsims_africaeurope_5050_75gen_0.5percent_rep20	4	108.662754221522	96.498054906369	120.827453536674	-597.39497717923	-9.97093995833865	2	FALSE	100.9853515625	15	15	15
4	NewGTmethodsims_africaeurope_5050_75gen_0.5percent_rep21	1	64.5040097464354	54.0168267047207	74.99119278815	-597.39497717923	-8.95907520428011	2	FALSE	67.6736555769349	15	15	15
4	NewGTmethodsims_africaeurope_5050_75gen_0.5percent_rep22	3	87.4140909667437	77.5356322796499	97.2925496538374	-597.39497717923	-9.35144684839227	2	FALSE	83.9466822553558	15	15	15
4	NewGTmethodsims_africaeurope_5050_75gen_0.5percent_rep23	3	87.4140909667437	77.5356322796499	97.2925496538374	-597.39497717923	-10.5780909908112	2	FALSE	98.3060035705566	15	15	15
4	NewGTmethodsims_africaeurope_5050_75gen_0.5percent_rep24	2	85.6984934611583	73.5566895220337	97.8402974002829	-597.39497717923	-8.83370668692791	2	FALSE	88.6118516795824	15	15	15
4	NewGTmethodsims_africaeurope_5050_75gen_0.5percent_rep25	3	87.4140909667437	77.5356322796499	97.2925496538374	-597.39497717923	-8.79732828784142	2	FALSE	91.201416015625	15	15	15
4	NewGTmethodsims_africaeurope_5050_75gen_0.5percent_rep26	3	87.4140909667437	77.5356322796499	97.2925496538374	-597.39497717923	-8.5968149453335	2	FALSE	88.0637456488637	15	15	15
4	NewGTmethodsims_africaeurope_5050_75gen_0.5percent_rep27	4	108.662754221522	96.498054906369	120.827453536674	-597.39497717923	-10.4720475674486	2	FALSE	100.123291015625	15	15	15
4	NewGTmethodsims_africaeurope_5050_75gen_0.5percent_rep28	3	87.4140909667437	77.5356322796499	97.2925496538374	-597.39497717923	-9.88317702793682	2	FALSE	96.0186157226562	15	15	15
4	NewGTmethodsims_africaeurope_5050_75gen_0.5percent_rep29	4	108.662754221522	96.498054906369	120.827453536674	-597.39497717923	-9.38847186073944	2	FALSE	106.993713378906	15	15	15
4	NewGTmethodsims_africaeurope_5050_75gen_0.5percent_rep2	4	108.662754221522	96.498054906369	120.827453536674	-597.39497717923	-9.82909505729991	2	FALSE	115.3759765625	15	15	15
4	NewGTmethodsims_africaeurope_5050_75gen_0.5percent_rep30	4	108.662754221522	96.498054906369	120.827453536674	-597.39497717923	-9.73513497404152	2	FALSE	109.2431640625	15	15	15
4	NewGTmethodsims_africaeurope_5050_75gen_0.5percent_rep3	3	87.4140909667437	77.5356322796499	97.2925496538374	-597.39497717923	-10.0062656982806	2	FALSE	82.6490566513433	15	15	15
4	NewGTmethodsims_africaeurope_5050_75gen_0.5percent_rep4	2	85.6984934611583	73.5566895220337	97.8402974002829	-597.39497717923	-8.81217688670148	2	FALSE	91.201416015625	15	15	15
4	NewGTmethodsims_africaeurope_5050_75gen_0.5percent_rep5	3	87.4140909667437	77.5356322796499	97.2925496538374	-597.39497717923	-13.7897814668152	2	FALSE	78.5529214574836	15	15	15
4	NewGTmethodsims_africaeurope_5050_75gen_0.5percent_rep6	3	87.4140909667437	77.5356322796499	97.2925496538374	-597.39497717923	-9.21265369656394	2	FALSE	92.1528930664062	15	15	15
4	NewGTmethodsims_africaeurope_5050_75gen_0.5percent_rep7	2	85.6984934611583	73.5566895220337	97.8402974002829	-597.39497717923	-9.06586860969801	2	FALSE	91.8123931884766	15	15	15
4	NewGTmethodsims_africaeurope_5050_75gen_0.5percent_rep8	3	87.4140909667437	77.5356322796499	97.2925496538374	-597.39497717923	-9.90600053428066	2	FALSE	79.5764554332222	15	15	15
4	NewGTmethodsims_africaeurope_5050_75gen_0.5percent_rep9	4	108.662754221522	96.498054906369	120.827453536674	-597.39497717923	-9.75986870375957	2	FALSE	112.8994140625	15	15	15
