Malta	861.4285714	877.5	950	26
Ostuni1	977.8571429	993.2142857	502	16
Vestonice13	1108.214286	1115.714286	687	26
Vestonice43	1108.214286	1117.142857	643	25
Vestonice16	1110	1126.071429	643	19
Yana1	1126.071429	1149.642857	341	15
Yana2	1126.071429	1149.642857	489	15
SunghirI	1143.571429	1224.285714	533	19
SunghirIV	1204.285714	1244.642857	452	13
PM1	1218.571429	1238.571429	423	11
SunghirIII	1188.214286	1272.857143	389	15
SunghirII	1195.357143	1279.107143	496	17
SalkhitArchAdm	1226.428571	1264.285714	459	10
BK1653	1236.428571	1260	351	10
Kostenki14Shotgun	1309.642857	1406.428571	346	10
Tianyuan	1360	1458.928571	321	12
OaseNew	1352.214286	1494.928571	7	0.1
BKF6620	1520.892857	1568.75	93	2
UstIshim	1532.142857	1640.142857	133	6
BKBB7240	1569.285714	1626.785714	78	2
ZlatyKunShotgun	1125	1878.571429	77	1
BKCC7335	1586.428571	1640.357143	81	2
