# CLUSTERING STRENGTH + LIKELIHOOD K SELECTION RESULTS (GLOBETROTTER)
# Recommended K: 4+
# Method: GLOBETROTTER
# Clustering strength threshold: 0.78
# Likelihood thresholds: k1 to k2(k=2):0.69 k1 to k2(k=3):0.9 k2 to k3:0.43 k3 to k4:0.31
#
model_k	pop	cluster	joint_date_est_best	joint_date_lowerci	joint_date_upperci	likelihood_mean	likelihood_per_ind	recommended_k	is_recommended	ind_date_est	sample_age_est_best	sample_age_lowerci_mean	sample_age_upperci_mean
1	Malta	1	1663.16032644459	1660.88797003945	1665.43268284974	-2459.76184261009	-176.222420446689	4+	FALSE	1812.14217952333	862.142179523334	861.510112853982	874.185394452601
1	Ostuni1	1	1663.16032644459	1660.88797003945	1665.43268284974	-2459.76184261009	-566.000673675126	4+	FALSE	1494.2461086206	992.246108620604	988.275142568882	993.187907738144
1	Vestonice13	1	1663.16032644459	1660.88797003945	1665.43268284974	-2459.76184261009	-143.203584394402	4+	FALSE	1796.3198019336	1109.3198019336	1108.32153977861	1115.32280453134
1	Vestonice43	1	1663.16032644459	1660.88797003945	1665.43268284974	-2459.76184261009	-76.2595412653212	4+	FALSE	1752.96096897751	1109.96096897751	1108.32919596771	1116.65995675545
1	Vestonice16	1	1663.16032644459	1660.88797003945	1665.43268284974	-2459.76184261009	-122.778823863383	4+	FALSE	1753.49096797073	1110.49096797073	1110.05516699621	1121.92758746486
1	Yana1	1	1663.16032644459	1660.88797003945	1665.43268284974	-2459.76184261009	-670.74331407855	4+	FALSE	1490.51860969589	1149.51860969589	1145.08820176641	1149.62027425849
1	Yana2	1	1663.16032644459	1660.88797003945	1665.43268284974	-2459.76184261009	-23.5490674933378	4+	FALSE	1637.05627952451	1148.05627952451	1130.96786769498	1149.40634402056
1	SunghirI	1	1663.16032644459	1660.88797003945	1665.43268284974	-2459.76184261009	-12.4789550168476	4+	FALSE	1677.15940740739	1144.15940740739	1143.98592603741	1179.1479940684
1	SunghirIV	1	1663.16032644459	1660.88797003945	1665.43268284974	-2459.76184261009	-10.6762289364911	4+	FALSE	1672.97840038499	1220.97840038499	1204.78739894554	1237.49412882385
1	PM1	1	1663.16032644459	1660.88797003945	1665.43268284974	-2459.76184261009	-11.4357201255207	4+	FALSE	1653.36808378878	1230.36808378878	1220.09110288112	1238.12437935441
1	SunghirIII	1	1663.16032644459	1660.88797003945	1665.43268284974	-2459.76184261009	-12.2222836962496	4+	FALSE	1650.05628146844	1261.05628146844	1239.91406971636	1272.43079366317
1	SunghirII	1	1663.16032644459	1660.88797003945	1665.43268284974	-2459.76184261009	-27.4293447541589	4+	FALSE	1695.73199850385	1199.73199850385	1195.46877803717	1218.31114267924
1	SalkhitArchAdm	1	1663.16032644459	1660.88797003945	1665.43268284974	-2459.76184261009	-34.6560012150501	4+	FALSE	1686.4736163201	1227.4736163201	1226.52916899128	1238.32086100722
1	BK1653	1	1663.16032644459	1660.88797003945	1665.43268284974	-2459.76184261009	-151.415352990615	4+	FALSE	1609.50684081383	1258.50684081383	1254.19123053924	1259.98510401614
1	Kostenki14Shotgun	1	1663.16032644459	1660.88797003945	1665.43268284974	-2459.76184261009	-8.31433701144937	4+	FALSE	1659.07667602528	1313.07667602528	1310.18134234812	1337.58501510542
1	Tianyuan	1	1663.16032644459	1660.88797003945	1665.43268284974	-2459.76184261009	-19.0037463092413	4+	FALSE	1681.27875528766	1360.27875528766	1360.2505250178	1376.72424707712
1	BKF6620	1	1663.16032644459	1660.88797003945	1665.43268284974	-2459.76184261009	-120.51649813601	4+	FALSE	1661.69225976689	1568.69225976689	1565.21121334076	1568.71867755668
1	UstIshim	1	1663.16032644459	1660.88797003945	1665.43268284974	-2459.76184261009	-13.755296988989	4+	FALSE	1666.76282070368	1533.76282070368	1532.29120348464	1544.97168351314
1	BKBB7240	1	1663.16032644459	1660.88797003945	1665.43268284974	-2459.76184261009	-117.909245515329	4+	FALSE	1663.42379878403	1585.42379878403	1580.0350160338	1590.206497935
1	BKCC7335	1	1663.16032644459	1660.88797003945	1665.43268284974	-2459.76184261009	-141.191406697329	4+	FALSE	1667.48411490141	1586.48411490141	1586.4412752369	1589.3788457597
2	Malta	2	1704.93418177111	1701.67722176479	1708.19114177744	-1481.64158462527	-109.405017980062	4+	FALSE	1819.85019976718	869.850199767176	861.610380354544	875.222446978644
2	Ostuni1	1	1611.32010747181	1607.37975092723	1615.26046401639	-1481.64158462527	-272.584871531915	4+	FALSE	1495.21008662114	993.210086621144	985.483558171051	993.174539699434
2	Vestonice13	2	1704.93418177111	1701.67722176479	1708.19114177744	-1481.64158462527	-77.6216913120382	4+	FALSE	1799.31948479311	1112.31948479311	1108.3684164886	1115.39104322225
2	Vestonice43	2	1704.93418177111	1701.67722176479	1708.19114177744	-1481.64158462527	-29.88001938942	4+	FALSE	1752.95714982131	1109.95714982131	1108.41834768564	1116.77471906556
2	Vestonice16	2	1704.93418177111	1701.67722176479	1708.19114177744	-1481.64158462527	-42.0333230363456	4+	FALSE	1753.37554445364	1110.37554445364	1110.22917566888	1124.58670945369
2	Yana1	1	1611.32010747181	1607.37975092723	1615.26046401639	-1481.64158462527	-333.222069025924	4+	FALSE	1490.49168909807	1149.49168909807	1143.196168853	1149.55696144738
2	Yana2	1	1611.32010747181	1607.37975092723	1615.26046401639	-1481.64158462527	-9.7757221342809	4+	FALSE	1617.98502131779	1128.98502131779	1126.59169644111	1147.49854770373
2	SunghirI	2	1704.93418177111	1701.67722176479	1708.19114177744	-1481.64158462527	-10.0233288992614	4+	FALSE	1698.98069188344	1165.98069188344	1146.15550504753	1207.9147834208
2	SunghirIV	2	1704.93418177111	1701.67722176479	1708.19114177744	-1481.64158462527	-12.0408208248855	4+	FALSE	1693.0097601028	1241.0097601028	1219.73263185708	1244.51928542825
2	PM1	1	1611.32010747181	1607.37975092723	1615.26046401639	-1481.64158462527	-45.3772898530125	4+	FALSE	1641.73970836284	1218.73970836284	1218.68741083773	1237.4186974985
2	SunghirIII	2	1704.93418177111	1701.67722176479	1708.19114177744	-1481.64158462527	-67.4646291603702	4+	FALSE	1653.33618676316	1264.33618676316	1195.10755891482	1265.62135488309
2	SunghirII	2	1704.93418177111	1701.67722176479	1708.19114177744	-1481.64158462527	-13.5572256209653	4+	FALSE	1721.35177334939	1225.35177334939	1196.60098301741	1245.36720272878
2	SalkhitArchAdm	2	1704.93418177111	1701.67722176479	1708.19114177744	-1481.64158462527	-8.01973880611565	4+	FALSE	1706.95938476796	1247.95938476796	1229.40003761921	1262.10999469816
2	BK1653	1	1611.32010747181	1607.37975092723	1615.26046401639	-1481.64158462527	-9.0214627458832	4+	FALSE	1604.8731794324	1253.8731794324	1240.33989740934	1259.60557723977
2	Kostenki14Shotgun	2	1704.93418177111	1701.67722176479	1708.19114177744	-1481.64158462527	-9.65273071513193	4+	FALSE	1698.87107321537	1352.87107321537	1338.14519592129	1379.37100167826
2	Tianyuan	2	1704.93418177111	1701.67722176479	1708.19114177744	-1481.64158462527	-8.21033438770926	4+	FALSE	1708.78345249165	1387.78345249165	1364.0995876749	1405.73489082337
2	BKF6620	1	1611.32010747181	1607.37975092723	1615.26046401639	-1481.64158462527	-132.071122555237	4+	FALSE	1614.41617044198	1521.41617044198	1520.93044516658	1524.22459851328
2	UstIshim	2	1704.93418177111	1701.67722176479	1708.19114177744	-1481.64158462527	-13.7393198361626	4+	FALSE	1704.66597764264	1571.66597764264	1557.14193725563	1584.65495881415
2	BKBB7240	2	1704.93418177111	1701.67722176479	1708.19114177744	-1481.64158462527	-139.934627603002	4+	FALSE	1703.65065431292	1625.65065431292	1619.37949238869	1626.63141945377
2	BKCC7335	2	1704.93418177111	1701.67722176479	1708.19114177744	-1481.64158462527	-138.006239207544	4+	FALSE	1705.25780503907	1624.25780503907	1616.17020805247	1628.45004057534
3	Malta	3	1760.57439335497	1748.99530153784	1772.1534851721	-1063.98334042948	-30.528496613957	4+	FALSE	1812.28304295565	862.283042955651	861.751126373985	876.626522517603
3	Ostuni1	1	1611.75800301466	1607.73379063898	1615.78221539035	-1063.98334042948	-276.860941433988	4+	FALSE	1494.70898883288	992.708988832876	985.634415828463	993.174295338435
3	Vestonice13	3	1760.57439335497	1748.99530153784	1772.1534851721	-1063.98334042948	-22.1836981251396	4+	FALSE	1799.88810200523	1112.88810200523	1108.34985509359	1115.50218774222
3	Vestonice43	3	1760.57439335497	1748.99530153784	1772.1534851721	-1063.98334042948	-10.4953811583921	4+	FALSE	1757.83835752008	1114.83835752008	1108.49366708495	1116.89576921356
3	Vestonice16	3	1760.57439335497	1748.99530153784	1772.1534851721	-1063.98334042948	-8.83270597015471	4+	FALSE	1762.95312224066	1119.95312224066	1110.31781263195	1125.42102622152
3	Yana1	1	1611.75800301466	1607.73379063898	1615.78221539035	-1063.98334042948	-337.257574711475	4+	FALSE	1490.18043747501	1149.18043747501	1143.0887118092	1149.53627503785
3	Yana2	1	1611.75800301466	1607.73379063898	1615.78221539035	-1063.98334042948	-16.3658722140726	4+	FALSE	1630.22358803559	1141.22358803559	1126.44414289766	1148.43329031931
3	SunghirI	3	1760.57439335497	1748.99530153784	1772.1534851721	-1063.98334042948	-10.9102482272706	4+	FALSE	1748.09813982776	1215.09813982776	1144.60519136278	1223.43470544842
3	SunghirIV	2	1679.16024324171	1670.66174708922	1687.65873939421	-1063.98334042948	-9.04722220196482	4+	FALSE	1678.83626965636	1226.83626965636	1208.78149170828	1243.86321077116
3	PM1	1	1611.75800301466	1607.73379063898	1615.78221539035	-1063.98334042948	-45.2491610492835	4+	FALSE	1642.12659536465	1219.12659536465	1218.70208591106	1238.15879338304
3	SunghirIII	2	1679.16024324171	1670.66174708922	1687.65873939421	-1063.98334042948	-18.4318834352262	4+	FALSE	1659.75100346807	1270.75100346807	1195.6610239368	1271.78893665049
3	SunghirII	3	1760.57439335497	1748.99530153784	1772.1534851721	-1063.98334042948	-9.80403506158571	4+	FALSE	1769.49634760962	1273.49634760962	1213.7933988055	1278.15849009906
3	SalkhitArchAdm	2	1679.16024324171	1670.66174708922	1687.65873939421	-1063.98334042948	-14.2538502938165	4+	FALSE	1690.84873686688	1231.84873686688	1226.66769723099	1256.81620937205
3	BK1653	1	1611.75800301466	1607.73379063898	1615.78221539035	-1063.98334042948	-10.9705701692079	4+	FALSE	1602.78331474087	1251.78331474087	1239.48173702859	1259.51860483145
3	Kostenki14Shotgun	3	1760.57439335497	1748.99530153784	1772.1534851721	-1063.98334042948	-20.0795947763511	4+	FALSE	1748.01043613445	1402.01043613445	1315.11947325901	1402.25354819544
3	Tianyuan	3	1760.57439335497	1748.99530153784	1772.1534851721	-1063.98334042948	-9.61069744208623	4+	FALSE	1759.48977656327	1438.48977656327	1363.18147910387	1457.77699536037
3	BKF6620	1	1611.75800301466	1607.73379063898	1615.78221539035	-1063.98334042948	-131.467427797822	4+	FALSE	1614.77506285983	1521.77506285983	1520.93826744553	1524.67551018476
3	UstIshim	2	1679.16024324171	1670.66174708922	1687.65873939421	-1063.98334042948	-10.7429106667844	4+	FALSE	1673.30757956184	1540.30757956184	1535.31853644061	1575.82747707307
3	BKBB7240	2	1679.16024324171	1670.66174708922	1687.65873939421	-1063.98334042948	-35.1313439812724	4+	FALSE	1678.95858312387	1600.95858312387	1592.50732516696	1625.39001828293
3	BKCC7335	2	1679.16024324171	1670.66174708922	1687.65873939421	-1063.98334042948	-35.7597250996338	4+	FALSE	1679.89738074436	1598.89738074436	1589.56399430343	1623.14803966821
4	Malta	4	1768.96832441881	1754.98843631029	1782.94821252733	-389.134134198277	-25.3889840984598	4+	TRUE	1813.91486108865	863.914861088648	861.648141896811	876.590112082188
4	Ostuni1	1	1476.04906403521	1453.38335035805	1498.71477771236	-389.134134198277	-7.50649574833584	4+	TRUE	1481.62184074638	979.621840746377	978.263846887876	992.729523431775
4	Vestonice13	4	1768.96832441881	1754.98843631029	1782.94821252733	-389.134134198277	-18.2503259000724	4+	TRUE	1801.44977405073	1114.44977405073	1108.38989983558	1115.49969208264
4	Vestonice43	4	1768.96832441881	1754.98843631029	1782.94821252733	-389.134134198277	-12.1240604349893	4+	TRUE	1753.12808662317	1110.12808662317	1108.43786600926	1116.9603334013
4	Vestonice16	4	1768.96832441881	1754.98843631029	1782.94821252733	-389.134134198277	-8.72090230459945	4+	TRUE	1766.08412870325	1123.08412870325	1110.49336588193	1125.58567608445
4	Yana1	1	1476.04906403521	1453.38335035805	1498.71477771236	-389.134134198277	-7.15389247521529	4+	TRUE	1471.1511157539	1130.1511157539	1126.95314310916	1149.06856723617
4	Yana2	2	1636.50119401979	1630.07493611073	1642.92745192886	-389.134134198277	-9.22255118408792	4+	TRUE	1636.90072545957	1147.90072545957	1126.62829863559	1148.85155060412
4	SunghirI	4	1768.96832441881	1754.98843631029	1782.94821252733	-389.134134198277	-12.5503306478897	4+	TRUE	1752.09220782431	1219.09220782431	1153.09232316745	1223.73894536825
4	SunghirIV	3	1685.7167712588	1676.57970801771	1694.85383449989	-389.134134198277	-9.88557365737826	4+	TRUE	1683.82153484495	1231.82153484495	1208.35331083044	1243.75090941746
4	PM1	2	1636.50119401979	1630.07493611073	1642.92745192886	-389.134134198277	-12.3026083662	4+	TRUE	1647.56363303004	1224.56363303004	1218.70731897535	1237.7366447018
4	SunghirIII	2	1636.50119401979	1630.07493611073	1642.92745192886	-389.134134198277	-9.25383081169107	4+	TRUE	1637.75307604839	1248.75307604839	1205.73094415537	1271.1949887859
4	SunghirII	4	1768.96832441881	1754.98843631029	1782.94821252733	-389.134134198277	-9.21392880035171	4+	TRUE	1762.64714507206	1266.64714507206	1204.75003247709	1277.82427347043
4	SalkhitArchAdm	3	1685.7167712588	1676.57970801771	1694.85383449989	-389.134134198277	-8.41099166926149	4+	TRUE	1688.61685700448	1229.61685700448	1226.83177933266	1256.45734936457
4	BK1653	2	1636.50119401979	1630.07493611073	1642.92745192886	-389.134134198277	-44.7807060035739	4+	TRUE	1608.96945209499	1257.96945209499	1244.02619392871	1259.83933694834
4	Kostenki14Shotgun	2	1636.50119401979	1630.07493611073	1642.92745192886	-389.134134198277	-33.8419192461216	4+	TRUE	1659.72232832166	1313.72232832166	1319.45010045656	1368.95811269216
4	Tianyuan	4	1768.96832441881	1754.98843631029	1782.94821252733	-389.134134198277	-11.6204779479679	4+	TRUE	1767.15626288141	1446.15626288141	1363.70372415063	1457.4946273903
4	BKF6620	2	1636.50119401979	1630.07493611073	1642.92745192886	-389.134134198277	-91.4064179000216	4+	TRUE	1636.2785593999	1543.2785593999	1521.42832890108	1545.57551269237
4	UstIshim	3	1685.7167712588	1676.57970801771	1694.85383449989	-389.134134198277	-8.25363348887559	4+	TRUE	1681.34410102363	1548.34410102363	1534.05707449073	1575.69168058573
4	BKBB7240	3	1685.7167712588	1676.57970801771	1694.85383449989	-389.134134198277	-23.7309827952919	4+	TRUE	1684.20287056722	1606.20287056722	1588.76500313927	1624.73704134289
4	BKCC7335	3	1685.7167712588	1676.57970801771	1694.85383449989	-389.134134198277	-25.5155207178919	4+	TRUE	1687.64537843551	1606.64537843551	1587.77294111907	1623.13088324535
