# CLUSTERING STRENGTH + LIKELIHOOD K SELECTION RESULTS (GLOBETROTTER)
# Recommended K: 3
# Method: GLOBETROTTER
# Clustering strength threshold: 0.78
# Likelihood thresholds: k1 to k2(k=2):0.69 k1 to k2(k=3):0.9 k2 to k3:0.43 k3 to k4:0.31
#
model_k	pop	cluster	joint_date_est_best	joint_date_lowerci	joint_date_upperci	likelihood_mean	likelihood_per_ind	recommended_k	is_recommended	ind_date_est	sample_age_est_best	sample_age_lowerci_mean	sample_age_upperci_mean
2	Malta	2	1663.73156754958	1661.44421352492	1666.01892157424	-2525.1996433934	-183.572806551301	3	FALSE	1816.01211374022	866.012113740218	861.512115838471	874.433090837353
2	Ostuni1	2	1663.73156754958	1661.44421352492	1666.01892157424	-2525.1996433934	-564.512193325079	3	FALSE	1495.04308901839	993.043089018391	987.636719668915	993.18537951842
2	Vestonice13	2	1663.73156754958	1661.44421352492	1666.01892157424	-2525.1996433934	-143.410924465093	3	FALSE	1796.99626013567	1109.99626013567	1108.27643956174	1115.3546409933
2	Vestonice43	2	1663.73156754958	1661.44421352492	1666.01892157424	-2525.1996433934	-73.3138402347654	3	FALSE	1751.45809016678	1108.45809016678	1108.31333456751	1116.6995857671
2	Vestonice16	2	1663.73156754958	1661.44421352492	1666.01892157424	-2525.1996433934	-124.227494286457	3	FALSE	1754.6393164111	1111.6393164111	1110.14234616329	1122.2612405303
2	Yana1	2	1663.73156754958	1661.44421352492	1666.01892157424	-2525.1996433934	-675.454212827063	3	FALSE	1490.47697798375	1149.47697798375	1145.47736400792	1149.61087997681
2	Yana2	2	1663.73156754958	1661.44421352492	1666.01892157424	-2525.1996433934	-23.1769560051596	3	FALSE	1637.95025166699	1148.95025166699	1131.33139299121	1149.47991871055
2	SunghirI	2	1663.73156754958	1661.44421352492	1666.01892157424	-2525.1996433934	-19.5236614511037	3	FALSE	1690.27590917555	1157.27590917555	1144.01015355698	1176.9324456589
2	SunghirIV	2	1663.73156754958	1661.44421352492	1666.01892157424	-2525.1996433934	-8.50339856462928	3	FALSE	1658.94064808353	1206.94064808353	1204.94032807821	1238.85641070897
2	PM1	2	1663.73156754958	1661.44421352492	1666.01892157424	-2525.1996433934	-7.95504641189751	3	FALSE	1660.31752121704	1237.31752121704	1219.93673674843	1238.2343870002
2	SunghirIII	2	1663.73156754958	1661.44421352492	1666.01892157424	-2525.1996433934	-8.59603784870474	3	FALSE	1660.81010702486	1271.81010702486	1237.59768847788	1272.46272814867
2	SunghirII	2	1663.73156754958	1661.44421352492	1666.01892157424	-2525.1996433934	-23.1420318306801	3	FALSE	1692.24660101894	1196.24660101894	1195.72371417889	1217.18238063069
2	SalkhitArchAdm	2	1663.73156754958	1661.44421352492	1666.01892157424	-2525.1996433934	-33.586158203341	3	FALSE	1686.58135145633	1227.58135145633	1226.62432525448	1238.17977585699
2	BK1653	2	1663.73156754958	1661.44421352492	1666.01892157424	-2525.1996433934	-149.549400773475	3	FALSE	1610.42699480026	1259.42699480026	1252.75238224066	1259.92434400562
2	Kostenki14Shotgun	2	1663.73156754958	1661.44421352492	1666.01892157424	-2525.1996433934	-8.28355746667611	3	FALSE	1659.72399847947	1313.72399847947	1310.39162016842	1337.88011725922
2	Tianyuan	2	1663.73156754958	1661.44421352492	1666.01892157424	-2525.1996433934	-19.079220144876	3	FALSE	1681.90988183357	1360.90988183357	1360.03097079814	1375.4178987082
2	OaseNew	1	1464.99111021643	1462.26975075204	1467.71246968082	-2525.1996433934	-58.998896435108	3	FALSE	1464.99030509349	1457.99030509349	1459.88279967488	1466.944047443
2	BKF6620	2	1663.73156754958	1661.44421352492	1666.01892157424	-2525.1996433934	-126.981195016221	3	FALSE	1661.0247285676	1568.0247285676	1564.64470079491	1568.68909219046
2	UstIshim	2	1663.73156754958	1661.44421352492	1666.01892157424	-2525.1996433934	-13.9630012187328	3	FALSE	1667.53596439283	1534.53596439283	1532.42458382133	1544.67579332064
2	BKBB7240	2	1663.73156754958	1661.44421352492	1666.01892157424	-2525.1996433934	-122.355380811979	3	FALSE	1665.63585899549	1587.63585899549	1580.23646464746	1590.3791238484
2	ZlatyKunShotgun	1	1464.99111021643	1462.26975075204	1467.71246968082	-2525.1996433934	-1.53293567023495	3	FALSE	1465.07162250985	1388.07162250985	1391.22400335874	1397.06419517259
2	BKCC7335	2	1663.73156754958	1661.44421352492	1666.01892157424	-2525.1996433934	-135.481293850827	3	FALSE	1667.4901652059	1586.4901652059	1586.49091500082	1589.24406550112
3	Malta	3	1665.97233342975	1663.5952405907	1668.34942626881	-1259.21102604088	-173.344013394811	3	TRUE	1813.64904673212	863.649046732119	861.526213048335	874.204459334062
3	Ostuni1	1	1482.90639440274	1460.26766694814	1505.54512185735	-1259.21102604088	-8.19515441401849	3	TRUE	1491.0498067069	989.049806706903	978.159304291463	992.65579768192
3	Vestonice13	3	1665.97233342975	1663.5952405907	1668.34942626881	-1259.21102604088	-139.681742553737	3	TRUE	1797.3392723226	1110.3392723226	1108.31168329798	1115.29733563254
3	Vestonice43	3	1665.97233342975	1663.5952405907	1668.34942626881	-1259.21102604088	-70.1004370456977	3	TRUE	1751.38473564742	1108.38473564742	1108.38288518647	1116.77050495215
3	Vestonice16	3	1665.97233342975	1663.5952405907	1668.34942626881	-1259.21102604088	-115.821096968758	3	TRUE	1753.46701480707	1110.46701480707	1110.12556782044	1122.57624175977
3	Yana1	1	1482.90639440274	1460.26766694814	1505.54512185735	-1259.21102604088	-7.75915888060035	3	TRUE	1475.74909843229	1134.74909843229	1127.02301570189	1149.11473105209
3	Yana2	3	1665.97233342975	1663.5952405907	1668.34942626881	-1259.21102604088	-31.8653761563805	3	TRUE	1633.50615262509	1144.50615262509	1131.68672717634	1149.39403593462
3	SunghirI	3	1665.97233342975	1663.5952405907	1668.34942626881	-1259.21102604088	-12.1355346774493	3	TRUE	1678.98085647761	1145.98085647761	1144.15243832557	1181.6231553468
3	SunghirIV	3	1665.97233342975	1663.5952405907	1668.34942626881	-1259.21102604088	-10.4350545363317	3	TRUE	1675.31973684929	1223.31973684929	1205.02323629183	1239.43566904731
3	PM1	3	1665.97233342975	1663.5952405907	1668.34942626881	-1259.21102604088	-10.4701940599251	3	TRUE	1657.44721650681	1234.44721650681	1220.7464277168	1238.4256609343
3	SunghirIII	3	1665.97233342975	1663.5952405907	1668.34942626881	-1259.21102604088	-8.85406185851656	3	TRUE	1661.66608765913	1272.66608765913	1242.07441665184	1272.59045213632
3	SunghirII	3	1665.97233342975	1663.5952405907	1668.34942626881	-1259.21102604088	-20.7533078324535	3	TRUE	1691.91565221344	1195.91565221344	1195.50172881398	1218.18970847817
3	SalkhitArchAdm	3	1665.97233342975	1663.5952405907	1668.34942626881	-1259.21102604088	-29.6228245681858	3	TRUE	1687.03416000487	1228.03416000487	1226.57236946901	1240.3567990016
3	BK1653	3	1665.97233342975	1663.5952405907	1668.34942626881	-1259.21102604088	-159.311849665782	3	TRUE	1610.859893449	1259.859893449	1253.31968564009	1259.93702643653
3	Kostenki14Shotgun	3	1665.97233342975	1663.5952405907	1668.34942626881	-1259.21102604088	-9.57189904417852	3	TRUE	1659.44684278151	1313.44684278151	1310.72305375766	1340.55334695654
3	Tianyuan	3	1665.97233342975	1663.5952405907	1668.34942626881	-1259.21102604088	-16.2725408251154	3	TRUE	1681.75934689679	1360.75934689679	1360.05309030038	1379.344661424
3	OaseNew	2	1491.22120592307	1486.67022772421	1495.77218412192	-1259.21102604088	-59.0042961542807	3	TRUE	1491.22458936233	1484.22458936233	1479.34031958132	1489.72143196377
3	BKF6620	3	1665.97233342975	1663.5952405907	1668.34942626881	-1259.21102604088	-133.924338048308	3	TRUE	1661.63003465577	1568.63003465577	1565.6619863564	1568.69032157684
3	UstIshim	3	1665.97233342975	1663.5952405907	1668.34942626881	-1259.21102604088	-11.4897955703025	3	TRUE	1665.59133236366	1532.59133236366	1532.25590705569	1546.71732793725
3	BKBB7240	3	1665.97233342975	1663.5952405907	1668.34942626881	-1259.21102604088	-110.371460391691	3	TRUE	1666.08747037954	1588.08747037954	1583.11113484262	1592.42133630789
3	ZlatyKunShotgun	2	1491.22120592307	1486.67022772421	1495.77218412192	-1259.21102604088	-2.07290758756485	3	TRUE	1490.88286199618	1413.88286199618	1410.05565849645	1418.46007181257
3	BKCC7335	3	1665.97233342975	1663.5952405907	1668.34942626881	-1259.21102604088	-118.15398180679	3	TRUE	1668.47018723838	1587.47018723838	1586.44375840601	1590.5154349545
4	Malta	4	1734.944854357	1727.26192362815	1742.62778508585	-1102.80899674432	-56.1664702163085	3	FALSE	1812.80258674173	862.802586741727	861.556623830455	876.56706652882
4	Ostuni1	2	1611.10922474933	1607.16267217096	1615.05577732771	-1102.80899674432	-271.93384238936	3	FALSE	1495.1035357076	993.103535707604	985.559191886475	993.154133984326
4	Vestonice13	4	1734.944854357	1727.26192362815	1742.62778508585	-1102.80899674432	-42.8053689652077	3	FALSE	1800.17832431639	1113.17832431639	1108.32336733652	1115.41906861977
4	Vestonice43	4	1734.944854357	1727.26192362815	1742.62778508585	-1102.80899674432	-14.8471490163997	3	FALSE	1756.804633415	1113.804633415	1108.43673477902	1116.90899331105
4	Vestonice16	4	1734.944854357	1727.26192362815	1742.62778508585	-1102.80899674432	-15.8567570921176	3	FALSE	1756.91251419161	1113.91251419161	1110.14556714868	1125.37002155375
4	Yana1	2	1611.10922474933	1607.16267217096	1615.05577732771	-1102.80899674432	-331.24120933097	3	FALSE	1490.61578277787	1149.61578277787	1143.21782033285	1149.60462759558
4	Yana2	2	1611.10922474933	1607.16267217096	1615.05577732771	-1102.80899674432	-10.286610215299	3	FALSE	1619.81052338375	1130.81052338375	1126.41366764189	1148.25055097471
4	SunghirI	4	1734.944854357	1727.26192362815	1742.62778508585	-1102.80899674432	-9.29964989758278	3	FALSE	1737.97056735793	1204.97056735793	1162.43266057434	1222.58426848988
4	SunghirIV	4	1734.944854357	1727.26192362815	1742.62778508585	-1102.80899674432	-54.3467982941829	3	FALSE	1695.35601958407	1243.35601958407	1204.91608536205	1244.42341469359
4	PM1	2	1611.10922474933	1607.16267217096	1615.05577732771	-1102.80899674432	-50.1391043124421	3	FALSE	1643.38312942139	1220.38312942139	1218.68768570362	1236.95842838636
4	SunghirIII	2	1611.10922474933	1607.16267217096	1615.05577732771	-1102.80899674432	-9.35339430442754	3	FALSE	1616.91593482786	1227.91593482786	1197.40575748661	1252.56996410998
4	SunghirII	4	1734.944854357	1727.26192362815	1742.62778508585	-1102.80899674432	-9.01542634083097	3	FALSE	1739.75448522565	1243.75448522565	1207.62650047254	1270.72325475005
4	SalkhitArchAdm	4	1734.944854357	1727.26192362815	1742.62778508585	-1102.80899674432	-17.7224277056629	3	FALSE	1721.62682043621	1262.62682043621	1228.57844308886	1264.14623529748
4	BK1653	2	1611.10922474933	1607.16267217096	1615.05577732771	-1102.80899674432	-8.0471334740477	3	FALSE	1606.58571257036	1255.58571257036	1239.96324308701	1259.57327457716
4	Kostenki14Shotgun	4	1734.944854357	1727.26192362815	1742.62778508585	-1102.80899674432	-10.0586011294453	3	FALSE	1730.03634175226	1384.03634175226	1365.32930198541	1404.47883616418
4	Tianyuan	4	1734.944854357	1727.26192362815	1742.62778508585	-1102.80899674432	-8.22823470890165	3	FALSE	1732.67992866694	1411.67992866694	1384.49496277	1448.1943781199
4	OaseNew	1	1359.6039924026	1280.49601062179	1438.71197418341	-1102.80899674432	7.31052758555521	3	FALSE	1359.6039924026	1352.6039924026	1356.17888513956	1490.68128843696
4	BKF6620	2	1611.10922474933	1607.16267217096	1615.05577732771	-1102.80899674432	-161.734615171255	3	FALSE	1613.92003366835	1520.92003366835	1520.92003366835	1524.04431874524
4	UstIshim	4	1734.944854357	1727.26192362815	1742.62778508585	-1102.80899674432	-21.1242422742068	3	FALSE	1738.53486479703	1605.53486479703	1580.77089752131	1626.00569964829
4	BKBB7240	3	1670.23243535208	1662.72201901776	1677.7428516864	-1102.80899674432	-2.8028164514327	3	FALSE	1669.76704387297	1591.76704387297	1584.77643499791	1610.57852512284
4	ZlatyKunShotgun	3	1670.23243535208	1662.72201901776	1677.7428516864	-1102.80899674432	-2.55605287218209	3	FALSE	1670.31596535156	1593.31596535156	1587.50728832784	1610.35200190377
4	BKCC7335	3	1670.23243535208	1662.72201901776	1677.7428516864	-1102.80899674432	-2.55362016761147	3	FALSE	1670.36370683327	1589.36370683327	1586.54210110141	1606.7137191383
