# CLUSTERING STRENGTH + LIKELIHOOD K SELECTION RESULTS (GLOBETROTTER)
# Recommended K: 3
# Method: GLOBETROTTER
# Clustering strength threshold: 0.78
# Likelihood thresholds: k1 to k2(k=2):0.69 k1 to k2(k=3):0.9 k2 to k3:0.43 k3 to k4:0.31
#
model_k	pop	cluster	joint_date_est_best	joint_date_lowerci	joint_date_upperci	likelihood_mean	likelihood_per_ind	recommended_k	is_recommended	ind_date_est	sample_age_est_best	sample_age_lowerci_mean	sample_age_upperci_mean
1	Malta	1	1650.76035931981	1643.79760138552	1657.72311725411	-1991.00543221155	-203.964558762025	3	FALSE	1812.02392118959	862.023921189591	861.526116075328	873.90758814507
1	Ostuni1	1	1650.76035931981	1643.79760138552	1657.72311725411	-1991.00543221155	-482.286174574243	3	FALSE	1494.98898463431	992.988984634308	988.151720091668	993.185714660668
1	Vestonice13	1	1650.76035931981	1643.79760138552	1657.72311725411	-1991.00543221155	-165.991122139038	3	FALSE	1795.23155975609	1108.23155975609	1108.33819951542	1115.35626949515
1	Vestonice43	1	1650.76035931981	1643.79760138552	1657.72311725411	-1991.00543221155	-94.9524431968066	3	FALSE	1753.02808802852	1110.02808802852	1108.33254575057	1116.59313543261
1	Vestonice16	1	1650.76035931981	1643.79760138552	1657.72311725411	-1991.00543221155	-154.127934560458	3	FALSE	1753.02971189425	1110.02971189425	1110.10174065167	1121.89553719141
1	Yana1	1	1650.76035931981	1643.79760138552	1657.72311725411	-1991.00543221155	-579.390539034325	3	FALSE	1490.42690230166	1149.42690230166	1145.15693977713	1149.5823754493
1	Yana2	1	1650.76035931981	1643.79760138552	1657.72311725411	-1991.00543221155	-12.7517562162546	3	FALSE	1636.33565091444	1147.33565091444	1129.4760577281	1149.44821946942
1	SunghirI	1	1650.76035931981	1643.79760138552	1657.72311725411	-1991.00543221155	-18.9311160598438	3	FALSE	1677.17645631105	1144.17645631105	1143.74889850398	1170.27835702169
1	SunghirIV	1	1650.76035931981	1643.79760138552	1657.72311725411	-1991.00543221155	-8.80351138016275	3	FALSE	1656.43299034471	1204.43299034471	1204.70169081236	1230.55875242219
1	PM1	1	1650.76035931981	1643.79760138552	1657.72311725411	-1991.00543221155	-8.37263642843818	3	FALSE	1653.36095878458	1230.36095878458	1219.38890464813	1238.05652801715
1	SunghirIII	1	1650.76035931981	1643.79760138552	1657.72311725411	-1991.00543221155	-8.2929345953202	3	FALSE	1648.03543002933	1259.03543002933	1226.94949252086	1272.08164529771
1	SunghirII	1	1650.76035931981	1643.79760138552	1657.72311725411	-1991.00543221155	-38.8641991555122	3	FALSE	1692.5550563531	1196.5550563531	1195.66473211565	1214.1053243683
1	SalkhitArchAdm	1	1650.76035931981	1643.79760138552	1657.72311725411	-1991.00543221155	-69.6310130693778	3	FALSE	1685.70139535134	1226.70139535134	1226.48780973066	1234.39340802226
1	BK1653	1	1650.76035931981	1643.79760138552	1657.72311725411	-1991.00543221155	-90.5080772801081	3	FALSE	1610.28299177731	1259.28299177731	1252.27044448442	1259.94441326823
1	Kostenki14Shotgun	1	1650.76035931981	1643.79760138552	1657.72311725411	-1991.00543221155	-10.2023573677053	3	FALSE	1656.44392201614	1310.44392201614	1310.0220001531	1330.847334609
1	Tianyuan	1	1650.76035931981	1643.79760138552	1657.72311725411	-1991.00543221155	-43.9350583919306	3	FALSE	1682.98446484554	1361.98446484554	1360.15765020098	1375.15107070035
2	Malta	2	1707.59678637841	1698.83686122117	1716.35671153565	-742.174897348771	-92.4248347706668	3	FALSE	1812.3395917873	862.339591787303	861.659936733047	875.969728494448
2	Ostuni1	1	1561.86654241795	1549.56683104068	1574.16625379521	-742.174897348771	-98.5963489966595	3	FALSE	1493.84906233129	991.849062331295	982.166747342916	993.136199930425
2	Vestonice13	2	1707.59678637841	1698.83686122117	1716.35671153565	-742.174897348771	-68.9430340150305	3	FALSE	1795.89353503182	1108.89353503182	1108.37069650549	1115.44098329411
2	Vestonice43	2	1707.59678637841	1698.83686122117	1716.35671153565	-742.174897348771	-26.5573603112421	3	FALSE	1751.74407712613	1108.74407712613	1108.37213756305	1116.90372423394
2	Vestonice16	2	1707.59678637841	1698.83686122117	1716.35671153565	-742.174897348771	-37.7767240545477	3	FALSE	1753.09807604169	1110.09807604169	1110.19696268856	1124.70593357227
2	Yana1	1	1561.86654241795	1549.56683104068	1574.16625379521	-742.174897348771	-120.776948270712	3	FALSE	1490.52957090498	1149.52957090498	1139.19113310944	1149.51809342555
2	Yana2	1	1561.86654241795	1549.56683104068	1574.16625379521	-742.174897348771	-71.1569011255902	3	FALSE	1615.30867357971	1126.30867357971	1126.17330682666	1147.76171322708
2	SunghirI	2	1707.59678637841	1698.83686122117	1716.35671153565	-742.174897348771	-9.98495567805284	3	FALSE	1699.60919073023	1166.60919073023	1147.24072280456	1215.82157390918
2	SunghirIV	2	1707.59678637841	1698.83686122117	1716.35671153565	-742.174897348771	-13.6345179437355	3	FALSE	1693.84283190655	1241.84283190655	1220.71410525934	1244.36248692402
2	PM1	2	1707.59678637841	1698.83686122117	1716.35671153565	-742.174897348771	-101.212193766864	3	FALSE	1660.23542748834	1237.23542748834	1219.16105973418	1238.51639086264
2	SunghirIII	1	1561.86654241795	1549.56683104068	1574.16625379521	-742.174897348771	-14.3862005813914	3	FALSE	1579.22683788267	1190.22683788267	1188.5269847734	1219.25558889212
2	SunghirII	2	1707.59678637841	1698.83686122117	1716.35671153565	-742.174897348771	-8.81640678843626	3	FALSE	1703.7436769355	1207.7436769355	1196.30263265251	1255.65386083064
2	SalkhitArchAdm	2	1707.59678637841	1698.83686122117	1716.35671153565	-742.174897348771	-9.22062933280877	3	FALSE	1708.36585639462	1249.36585639462	1229.08643938802	1263.49468807592
2	BK1653	1	1561.86654241795	1549.56683104068	1574.16625379521	-742.174897348771	-45.7671331091623	3	FALSE	1588.6734460819	1237.6734460819	1236.60007496767	1249.88457535745
2	Kostenki14Shotgun	2	1707.59678637841	1698.83686122117	1716.35671153565	-742.174897348771	-10.7626235438162	3	FALSE	1701.9904192026	1355.9904192026	1338.83351724794	1392.73905801228
2	Tianyuan	2	1707.59678637841	1698.83686122117	1716.35671153565	-742.174897348771	-12.1580850600541	3	FALSE	1718.30936106638	1397.30936106638	1364.95588950679	1421.52785248303
3	Malta	3	1744.0130639823	1733.92110250353	1754.10502546106	-270.641851912127	-44.9067254143649	3	TRUE	1811.73501578242	861.735015782424	861.663243151471	876.508178434185
3	Ostuni1	1	1484.87466299341	1462.2865223629	1507.46280362391	-270.641851912127	-7.11707161152023	3	TRUE	1481.54039778686	979.540397786858	978.12802151065	992.570110352679
3	Vestonice13	3	1744.0130639823	1733.92110250353	1754.10502546106	-270.641851912127	-31.5248007843668	3	TRUE	1796.71056435606	1109.71056435606	1108.34396900049	1115.48959592861
3	Vestonice43	3	1744.0130639823	1733.92110250353	1754.10502546106	-270.641851912127	-11.1513611059727	3	TRUE	1751.74071451337	1108.74071451337	1108.45019609153	1116.9103458639
3	Vestonice16	3	1744.0130639823	1733.92110250353	1754.10502546106	-270.641851912127	-11.4432207381433	3	TRUE	1757.54367621337	1114.54367621337	1110.27647377076	1124.89130037131
3	Yana1	1	1484.87466299341	1462.2865223629	1507.46280362391	-270.641851912127	-6.8116251674673	3	TRUE	1487.8051695226	1146.8051695226	1126.8453347396	1149.01797553194
3	Yana2	2	1632.10983274893	1620.29606025639	1643.92360524148	-270.641851912127	-9.37366392495555	3	TRUE	1625.33964308341	1136.33964308341	1126.73619990568	1149.24957339546
3	SunghirI	3	1744.0130639823	1733.92110250353	1754.10502546106	-270.641851912127	-9.00446915767781	3	TRUE	1746.65874031134	1213.65874031134	1158.3128024007	1222.67105390915
3	SunghirIV	2	1632.10983274893	1620.29606025639	1643.92360524148	-270.641851912127	-25.798470392288	3	TRUE	1657.13346497827	1205.13346497827	1204.43945758408	1244.23002843499
3	PM1	2	1632.10983274893	1620.29606025639	1643.92360524148	-270.641851912127	-11.8472794636543	3	TRUE	1642.93221836048	1219.93221836048	1218.73741111136	1236.49177933833
3	SunghirIII	2	1632.10983274893	1620.29606025639	1643.92360524148	-270.641851912127	-8.55292450133292	3	TRUE	1635.09348722694	1246.09348722694	1211.23373818441	1268.50899251977
3	SunghirII	3	1744.0130639823	1733.92110250353	1754.10502546106	-270.641851912127	-8.61516024309515	3	TRUE	1746.969611537	1250.969611537	1206.76760193618	1272.76331347979
3	SalkhitArchAdm	3	1744.0130639823	1733.92110250353	1754.10502546106	-270.641851912127	-33.1443984625755	3	TRUE	1722.70446317294	1263.70446317294	1247.12122061399	1264.15325759095
3	BK1653	2	1632.10983274893	1620.29606025639	1643.92360524148	-270.641851912127	-31.8367400748302	3	TRUE	1610.04173396066	1259.04173396066	1247.88154809275	1259.85854012667
3	Kostenki14Shotgun	3	1744.0130639823	1733.92110250353	1754.10502546106	-270.641851912127	-10.7078457656041	3	TRUE	1741.7053780173	1395.7053780173	1369.13769813395	1405.38387181687
3	Tianyuan	3	1744.0130639823	1733.92110250353	1754.10502546106	-270.641851912127	-8.80609510427827	3	TRUE	1742.66283511677	1421.66283511677	1388.18315496029	1444.76481998374
4	Malta	4	1769.8488841686	1752.77202348114	1786.92574485606	-176.324214091285	-24.1317211040461	3	FALSE	1813.46346952835	863.463469528353	861.685524262733	876.557554569214
4	Ostuni1	1	1486.45427250799	1463.85573542595	1509.05280959003	-176.324214091285	-7.07716317656885	3	FALSE	1483.44196233171	981.441962331715	978.198346082828	992.731894417474
4	Vestonice13	4	1769.8488841686	1752.77202348114	1786.92574485606	-176.324214091285	-15.4193026826446	3	FALSE	1796.76194949995	1109.76194949995	1108.38358760225	1115.53232286032
4	Vestonice43	4	1769.8488841686	1752.77202348114	1786.92574485606	-176.324214091285	-10.6560042702978	3	FALSE	1758.952277249	1115.952277249	1108.45653479091	1116.92031528653
4	Vestonice16	4	1769.8488841686	1752.77202348114	1786.92574485606	-176.324214091285	-10.004205904166	3	FALSE	1759.88358564533	1116.88358564533	1110.73552490672	1125.73258142076
4	Yana1	1	1486.45427250799	1463.85573542595	1509.05280959003	-176.324214091285	-6.77654939456079	3	FALSE	1489.10181074886	1148.10181074886	1126.88377451252	1149.05952758658
4	Yana2	2	1611.73836010912	1595.56575037673	1627.91096984152	-176.324214091285	-8.42910707402522	3	FALSE	1615.16270014662	1126.16270014662	1126.47939786953	1148.71826475642
4	SunghirI	4	1769.8488841686	1752.77202348114	1786.92574485606	-176.324214091285	-16.6759379170949	3	FALSE	1745.74481343374	1212.74481343374	1145.83531972122	1223.21725678395
4	SunghirIV	3	1675.86753196414	1663.17011890821	1688.56494502007	-176.324214091285	-9.6194809622166	3	FALSE	1668.28054017265	1216.28054017265	1206.98355985505	1243.96876491802
4	PM1	3	1675.86753196414	1663.17011890821	1688.56494502007	-176.324214091285	-15.2962892304394	3	FALSE	1661.18108525476	1238.18108525476	1218.86379111907	1237.94484587852
4	SunghirIII	2	1611.73836010912	1595.56575037673	1627.91096984152	-176.324214091285	-8.21249979265486	3	FALSE	1610.33167001151	1221.33167001151	1197.91739741269	1269.40116696853
4	SunghirII	4	1769.8488841686	1752.77202348114	1786.92574485606	-176.324214091285	-9.21005088257911	3	FALSE	1772.01023163268	1276.01023163268	1196.45259957707	1277.95669210778
4	SalkhitArchAdm	3	1675.86753196414	1663.17011890821	1688.56494502007	-176.324214091285	-12.45319594593	3	FALSE	1686.80641901511	1227.80641901511	1227.11754925342	1261.25095120148
4	BK1653	2	1611.73836010912	1595.56575037673	1627.91096984152	-176.324214091285	-7.72863277352775	3	FALSE	1610.84162680251	1259.84162680251	1241.39450464031	1259.89044446587
4	Kostenki14Shotgun	3	1675.86753196414	1663.17011890821	1688.56494502007	-176.324214091285	-6.64828561327024	3	FALSE	1677.75460463382	1331.75460463382	1319.34724361515	1404.5882860406
4	Tianyuan	3	1675.86753196414	1663.17011890821	1688.56494502007	-176.324214091285	-7.98578736726268	3	FALSE	1681.34089103418	1360.34089103418	1360.79668579511	1408.79552439356
