# CLUSTERING STRENGTH + LIKELIHOOD K SELECTION RESULTS (GLOBETROTTER)
# Recommended K: 4+
# Method: GLOBETROTTER
# Clustering strength threshold: 0.78
# Likelihood thresholds: k1 to k2(k=2):0.69 k1 to k2(k=3):0.9 k2 to k3:0.43 k3 to k4:0.31
#
model_k	pop	cluster	joint_date_est_best	joint_date_lowerci	joint_date_upperci	likelihood_mean	likelihood_per_ind	recommended_k	is_recommended	ind_date_est	sample_age_est_best	sample_age_lowerci_mean	sample_age_upperci_mean
1	Malta	1	1502.0099688093	1501.79917072391	1502.22076689469	-75476.469230001	-720.135137532173	4+	FALSE	1811.46000675126	861.460006751259	861.504024732132	869.177783314503
1	Ostuni1	1	1502.0099688093	1501.79917072391	1502.22076689469	-75476.469230001	-10.9336791644224	4+	FALSE	1491.00714640618	989.007146406175	978.398017126154	992.875975040059
1	Vestonice13	1	1502.0099688093	1501.79917072391	1502.22076689469	-75476.469230001	-650.842194814428	4+	FALSE	1795.93329235958	1108.93329235958	1108.26208403181	1114.6818265927
1	Vestonice43	1	1502.0099688093	1501.79917072391	1502.22076689469	-75476.469230001	-511.32157828316	4+	FALSE	1751.95489844938	1108.95489844938	1108.30989739906	1115.21850551457
1	Vestonice16	1	1502.0099688093	1501.79917072391	1502.22076689469	-75476.469230001	-886.505568613418	4+	FALSE	1753.63657495768	1110.63657495768	1110.04159813675	1115.12663970354
1	Yana1	1	1502.0099688093	1501.79917072391	1502.22076689469	-75476.469230001	-11.2686017404333	4+	FALSE	1490.39702208135	1149.39702208135	1128.83278411376	1149.39848566894
1	Yana2	1	1502.0099688093	1501.79917072391	1502.22076689469	-75476.469230001	-293.645163905696	4+	FALSE	1615.33166059487	1126.33166059487	1126.13718032245	1133.0625862139
1	SunghirI	1	1502.0099688093	1501.79917072391	1502.22076689469	-75476.469230001	-432.580365418546	4+	FALSE	1676.77423647029	1143.77423647029	1143.65136848734	1150.6766371862
1	SunghirIV	1	1502.0099688093	1501.79917072391	1502.22076689469	-75476.469230001	-724.433111803452	4+	FALSE	1657.64557630069	1205.64557630069	1204.30862351038	1208.81039874569
1	PM1	1	1502.0099688093	1501.79917072391	1502.22076689469	-75476.469230001	-816.028461385817	4+	FALSE	1641.87776492047	1218.87776492047	1218.6072457477	1221.51935908373
1	SunghirIII	1	1502.0099688093	1501.79917072391	1502.22076689469	-75476.469230001	-134.666190333487	4+	FALSE	1577.42715530146	1188.42715530146	1188.27295376086	1199.54971496938
1	SunghirII	1	1502.0099688093	1501.79917072391	1502.22076689469	-75476.469230001	-636.18801441701	4+	FALSE	1692.42528190277	1196.42528190277	1195.44152824623	1199.75655247486
1	SalkhitArchAdm	1	1502.0099688093	1501.79917072391	1502.22076689469	-75476.469230001	-1690.58952071362	4+	FALSE	1685.46461291402	1226.46461291402	1226.44207949223	1228.78854711782
1	BK1653	1	1502.0099688093	1501.79917072391	1502.22076689469	-75476.469230001	-375.883773474322	4+	FALSE	1587.80910341336	1236.80910341336	1236.45925320097	1240.3386229966
1	Kostenki14Shotgun	1	1502.0099688093	1501.79917072391	1502.22076689469	-75476.469230001	-1189.08272159074	4+	FALSE	1655.71576070126	1309.71576070126	1309.64951099527	1312.21686433757
1	Tianyuan	1	1502.0099688093	1501.79917072391	1502.22076689469	-75476.469230001	-1121.18601573636	4+	FALSE	1681.08997174041	1360.08997174041	1360.04466194865	1363.27823193696
1	OaseNew	1	1502.0099688093	1501.79917072391	1502.22076689469	-75476.469230001	-64646.0138670791	4+	FALSE	1501.89511928112	1494.89511928112	1494.77057342041	1494.92312046902
1	ZlatyKunShotgun	1	1502.0099688093	1501.79917072391	1502.22076689469	-75476.469230001	-625.165263994811	4+	FALSE	1502.06812454603	1425.06812454603	1423.46281481202	1426.43753795765
2	Malta	2	1651.22553728876	1644.23859018691	1658.2124843906	-2069.7041294299	-202.912405002162	4+	FALSE	1812.04744250876	862.047442508764	861.536475699703	874.548309572504
2	Ostuni1	2	1651.22553728876	1644.23859018691	1658.2124843906	-2069.7041294299	-485.277232044797	4+	FALSE	1494.9633751576	992.963375157596	987.872273359202	993.165723432458
2	Vestonice13	2	1651.22553728876	1644.23859018691	1658.2124843906	-2069.7041294299	-167.854339209853	4+	FALSE	1796.56594702904	1109.56594702904	1108.29097045514	1115.28011035436
2	Vestonice43	2	1651.22553728876	1644.23859018691	1658.2124843906	-2069.7041294299	-94.2014387601426	4+	FALSE	1753.03326185156	1110.03326185156	1108.35256748228	1116.57004906224
2	Vestonice16	2	1651.22553728876	1644.23859018691	1658.2124843906	-2069.7041294299	-153.465353680263	4+	FALSE	1753.26073776606	1110.26073776606	1110.09633310346	1121.68542958145
2	Yana1	2	1651.22553728876	1644.23859018691	1658.2124843906	-2069.7041294299	-581.65404634262	4+	FALSE	1490.57475058584	1149.57475058584	1142.08482594196	1149.63803031959
2	Yana2	2	1651.22553728876	1644.23859018691	1658.2124843906	-2069.7041294299	-12.6697955069487	4+	FALSE	1636.92924473924	1147.92924473924	1128.34281753159	1149.31140811312
2	SunghirI	2	1651.22553728876	1644.23859018691	1658.2124843906	-2069.7041294299	-23.9887438195557	4+	FALSE	1683.82877185991	1150.82877185991	1143.98165378556	1170.28030892784
2	SunghirIV	2	1651.22553728876	1644.23859018691	1658.2124843906	-2069.7041294299	-9.88427550683336	4+	FALSE	1659.51460057879	1207.51460057879	1204.6781716745	1230.13286154988
2	PM1	2	1651.22553728876	1644.23859018691	1658.2124843906	-2069.7041294299	-8.18414546748799	4+	FALSE	1649.74174609012	1226.74174609012	1219.28439041087	1238.10938158619
2	SunghirIII	2	1651.22553728876	1644.23859018691	1658.2124843906	-2069.7041294299	-9.77115492573561	4+	FALSE	1642.62640044214	1253.62640044214	1230.91328280005	1271.68546973345
2	SunghirII	2	1651.22553728876	1644.23859018691	1658.2124843906	-2069.7041294299	-38.6877417028447	4+	FALSE	1692.89803972549	1196.89803972549	1195.49360950652	1212.63201403402
2	SalkhitArchAdm	2	1651.22553728876	1644.23859018691	1658.2124843906	-2069.7041294299	-71.5879644166822	4+	FALSE	1686.72222764015	1227.72222764015	1226.54441694456	1235.19348925153
2	BK1653	2	1651.22553728876	1644.23859018691	1658.2124843906	-2069.7041294299	-91.9377975798622	4+	FALSE	1610.39648281567	1259.39648281567	1252.03032907566	1259.91840116681
2	Kostenki14Shotgun	2	1651.22553728876	1644.23859018691	1658.2124843906	-2069.7041294299	-13.3799232626157	4+	FALSE	1661.01605325173	1315.01605325173	1309.66595644424	1329.52386690622
2	Tianyuan	2	1651.22553728876	1644.23859018691	1658.2124843906	-2069.7041294299	-40.191571042161	4+	FALSE	1681.73095551666	1360.73095551666	1360.25777073108	1374.92030530234
2	OaseNew	1	1490.95911736245	1488.17214105987	1493.74609366502	-2069.7041294299	-59.0337911782176	4+	FALSE	1490.95072464482	1483.95072464482	1485.91706883209	1494.24684425831
2	ZlatyKunShotgun	1	1490.95911736245	1488.17214105987	1493.74609366502	-2069.7041294299	-5.02240998111453	4+	FALSE	1491.79838912509	1414.79838912509	1416.69158393509	1426.6245808987
3	Malta	3	1712.52055141613	1703.81753333708	1721.22356949518	-808.218048469366	-86.1266507482521	4+	FALSE	1813.11647978848	863.116479788482	861.565934380412	875.867212908236
3	Ostuni1	2	1562.63351306216	1550.35238262672	1574.9146434976	-808.218048469366	-99.5442124647582	4+	FALSE	1494.26021266716	992.260212667161	980.735023205777	993.050669752612
3	Vestonice13	3	1712.52055141613	1703.81753333708	1721.22356949518	-808.218048469366	-62.0022708014374	4+	FALSE	1795.33313884272	1108.33313884272	1108.32265310402	1115.48576896217
3	Vestonice43	3	1712.52055141613	1703.81753333708	1721.22356949518	-808.218048469366	-23.1538405090093	4+	FALSE	1751.55314427241	1108.55314427241	1108.40212726512	1116.72196992522
3	Vestonice16	3	1712.52055141613	1703.81753333708	1721.22356949518	-808.218048469366	-33.5520355757487	4+	FALSE	1754.53655851881	1111.53655851881	1110.17954724837	1124.54339933357
3	Yana1	2	1562.63351306216	1550.35238262672	1574.9146434976	-808.218048469366	-123.589169305575	4+	FALSE	1490.41500123028	1149.41500123028	1139.86743946987	1149.51870780207
3	Yana2	2	1562.63351306216	1550.35238262672	1574.9146434976	-808.218048469366	-71.2128871565419	4+	FALSE	1616.09921005102	1127.09921005102	1126.28686028792	1149.13176784067
3	SunghirI	3	1712.52055141613	1703.81753333708	1721.22356949518	-808.218048469366	-9.20370502176837	4+	FALSE	1709.80110535946	1176.80110535946	1146.55923214695	1210.17949955992
3	SunghirIV	3	1712.52055141613	1703.81753333708	1721.22356949518	-808.218048469366	-17.7967228179571	4+	FALSE	1694.35867408028	1242.35867408028	1220.0031298768	1244.35828224712
3	PM1	3	1712.52055141613	1703.81753333708	1721.22356949518	-808.218048469366	-121.358914528923	4+	FALSE	1660.2649396758	1237.2649396758	1228.66246294847	1238.53140906314
3	SunghirIII	2	1562.63351306216	1550.35238262672	1574.9146434976	-808.218048469366	-18.0533725863317	4+	FALSE	1584.22986920954	1195.22986920954	1188.56178752071	1213.90780797573
3	SunghirII	3	1712.52055141613	1703.81753333708	1721.22356949518	-808.218048469366	-9.0067047289632	4+	FALSE	1717.60441543296	1221.60441543296	1196.27759312231	1245.86239396271
3	SalkhitArchAdm	3	1712.52055141613	1703.81753333708	1721.22356949518	-808.218048469366	-13.4855413212921	4+	FALSE	1721.78822148253	1262.78822148253	1228.36766410135	1262.67119209902
3	BK1653	2	1562.63351306216	1550.35238262672	1574.9146434976	-808.218048469366	-42.2078198296165	4+	FALSE	1588.07803739368	1237.07803739368	1236.49241049313	1247.89178179233
3	Kostenki14Shotgun	3	1712.52055141613	1703.81753333708	1721.22356949518	-808.218048469366	-9.24369257741981	4+	FALSE	1711.49452335509	1365.49452335509	1336.72099834724	1385.76945247906
3	Tianyuan	3	1712.52055141613	1703.81753333708	1721.22356949518	-808.218048469366	-8.18121813190001	4+	FALSE	1712.04569468577	1391.04569468577	1363.13792549706	1411.50311428668
3	OaseNew	1	1464.88494586172	1462.86241990902	1466.90747181441	-808.218048469366	-58.9985742396478	4+	FALSE	1464.88500776502	1457.88500776502	1454.68031166449	1459.89185410958
3	ZlatyKunShotgun	1	1464.88494586172	1462.86241990902	1466.90747181441	-808.218048469366	-1.50071612422367	4+	FALSE	1464.87875553143	1387.87875553143	1385.49118374621	1389.07215402047
4	Malta	4	1741.22841212238	1731.14342504383	1751.31339920094	-338.187035043903	-53.7926183669835	4+	TRUE	1817.30492283898	867.304922838981	861.579824859895	876.261987257014
4	Ostuni1	2	1480.91833180207	1458.31464870133	1503.52201490281	-338.187035043903	-7.85862252665423	4+	TRUE	1487.92438142526	985.924381425256	978.209959145206	992.724234067393
4	Vestonice13	4	1741.22841212238	1731.14342504383	1751.31339920094	-338.187035043903	-34.2202490988658	4+	TRUE	1797.27706204157	1110.27706204157	1108.34870015098	1115.50840566885
4	Vestonice43	4	1741.22841212238	1731.14342504383	1751.31339920094	-338.187035043903	-11.6383107353672	4+	TRUE	1752.2095453246	1109.2095453246	1108.41788797917	1116.88028380421
4	Vestonice16	4	1741.22841212238	1731.14342504383	1751.31339920094	-338.187035043903	-11.9886805906679	4+	TRUE	1756.14349404304	1113.14349404304	1110.19284809582	1125.24919550562
4	Yana1	2	1480.91833180207	1458.31464870133	1503.52201490281	-338.187035043903	-7.46337890147157	4+	TRUE	1474.76067100045	1133.76067100045	1127.08431455884	1149.20014213806
4	Yana2	3	1631.54708595412	1619.75160747694	1643.34256443131	-338.187035043903	-9.99246723371675	4+	TRUE	1622.96328627092	1133.96328627092	1127.31581320373	1149.25411803541
4	SunghirI	4	1741.22841212238	1731.14342504383	1751.31339920094	-338.187035043903	-9.37843095692483	4+	TRUE	1735.39749065629	1202.39749065629	1148.86288597536	1223.05778334995
4	SunghirIV	3	1631.54708595412	1619.75160747694	1643.34256443131	-338.187035043903	-25.5841774703696	4+	TRUE	1656.42557202519	1204.42557202519	1204.54656603847	1242.79520317743
4	PM1	3	1631.54708595412	1619.75160747694	1643.34256443131	-338.187035043903	-11.5072975564	4+	TRUE	1641.98243300966	1218.98243300966	1218.75859778258	1235.8082679779
4	SunghirIII	3	1631.54708595412	1619.75160747694	1643.34256443131	-338.187035043903	-8.59215804350666	4+	TRUE	1634.81323099713	1245.81323099713	1213.72360380847	1269.16651337457
4	SunghirII	4	1741.22841212238	1731.14342504383	1751.31339920094	-338.187035043903	-8.64084343819067	4+	TRUE	1738.03065320093	1242.03065320093	1206.75118169158	1273.38055628325
4	SalkhitArchAdm	4	1741.22841212238	1731.14342504383	1751.31339920094	-338.187035043903	-27.0263200996831	4+	TRUE	1723.01591912459	1264.01591912459	1249.58746913887	1264.05736766154
4	BK1653	3	1631.54708595412	1619.75160747694	1643.34256443131	-338.187035043903	-29.4985910339697	4+	TRUE	1610.56523657635	1259.56523657635	1247.35088663098	1259.91928928136
4	Kostenki14Shotgun	4	1741.22841212238	1731.14342504383	1751.31339920094	-338.187035043903	-10.8074072846106	4+	TRUE	1738.52348238334	1392.52348238334	1368.70967066723	1405.44763506373
4	Tianyuan	4	1741.22841212238	1731.14342504383	1751.31339920094	-338.187035043903	-8.97467420665065	4+	TRUE	1738.64419151693	1417.64419151693	1386.79100984292	1445.4923828747
4	OaseNew	1	1428.95352132856	1426.73611327393	1431.17092938318	-338.187035043903	-59.0057377756476	4+	TRUE	1428.95730694661	1421.95730694661	1413.59850975975	1420.60411813759
4	ZlatyKunShotgun	1	1428.95352132856	1426.73611327393	1431.17092938318	-338.187035043903	-2.21706972422256	4+	TRUE	1428.57495952358	1351.57495952358	1344.88792856938	1350.0214058905
