# CLUSTERING STRENGTH + LIKELIHOOD K SELECTION RESULTS (GLOBETROTTER)
# Recommended K: 1
# Method: GLOBETROTTER
# Clustering strength threshold: 0.77
# Likelihood thresholds: k1 to k2(k=2):0.65 k1 to k2(k=3):1.21 k2 to k3:0.34 k3 to k4:0.18
#
model_k	pop	cluster	joint_date_est_best	joint_date_lowerci	joint_date_upperci	likelihood_mean	likelihood_per_ind	recommended_k	is_recommended	ind_date_est	sample_age_est_best	sample_age_lowerci_mean	sample_age_upperci_mean
1	sims_spanishjapanese_5050_lambda_75_10	1	74.1899213436527	59.3715164042644	89.0083262830409	-395.366540570369	-11.272100145733	1	TRUE	74.463009024435	0	NA	NA
1	sims_spanishjapanese_5050_lambda_75_11	1	74.1899213436527	59.3715164042644	89.0083262830409	-395.366540570369	-13.7427299354732	1	TRUE	45.4492650842169	0	NA	NA
1	sims_spanishjapanese_5050_lambda_75_12	1	74.1899213436527	59.3715164042644	89.0083262830409	-395.366540570369	-12.2125694417542	1	TRUE	92.44140625	0	NA	NA
1	sims_spanishjapanese_5050_lambda_75_13	1	74.1899213436527	59.3715164042644	89.0083262830409	-395.366540570369	-12.7334130909643	1	TRUE	60.8036819465127	0	NA	NA
1	sims_spanishjapanese_5050_lambda_75_14	1	74.1899213436527	59.3715164042644	89.0083262830409	-395.366540570369	-13.963529748016	1	TRUE	57.9392558213244	0	NA	NA
1	sims_spanishjapanese_5050_lambda_75_15	1	74.1899213436527	59.3715164042644	89.0083262830409	-395.366540570369	-11.9258206567747	1	TRUE	79.3501586914062	0	NA	NA
1	sims_spanishjapanese_5050_lambda_75_16	1	74.1899213436527	59.3715164042644	89.0083262830409	-395.366540570369	-14.4437208983429	1	TRUE	47.3438720880321	0	NA	NA
1	sims_spanishjapanese_5050_lambda_75_17	1	74.1899213436527	59.3715164042644	89.0083262830409	-395.366540570369	-14.0047167986328	1	TRUE	96.6728515625	0	NA	NA
1	sims_spanishjapanese_5050_lambda_75_18	1	74.1899213436527	59.3715164042644	89.0083262830409	-395.366540570369	-12.5272941922222	1	TRUE	52.7579175369777	0	NA	NA
1	sims_spanishjapanese_5050_lambda_75_19	1	74.1899213436527	59.3715164042644	89.0083262830409	-395.366540570369	-11.1208202370651	1	TRUE	78.5225219726562	0	NA	NA
1	sims_spanishjapanese_5050_lambda_75_1	1	74.1899213436527	59.3715164042644	89.0083262830409	-395.366540570369	-16.0980846893957	1	TRUE	67.12398107895	0	NA	NA
1	sims_spanishjapanese_5050_lambda_75_20	1	74.1899213436527	59.3715164042644	89.0083262830409	-395.366540570369	-18.866268796342	1	TRUE	47.9841943391766	0	NA	NA
1	sims_spanishjapanese_5050_lambda_75_21	1	74.1899213436527	59.3715164042644	89.0083262830409	-395.366540570369	-13.6938374342013	1	TRUE	104.78515625	0	NA	NA
1	sims_spanishjapanese_5050_lambda_75_22	1	74.1899213436527	59.3715164042644	89.0083262830409	-395.366540570369	-11.5253959263029	1	TRUE	83.12890625	0	NA	NA
1	sims_spanishjapanese_5050_lambda_75_23	1	74.1899213436527	59.3715164042644	89.0083262830409	-395.366540570369	-11.3823186930914	1	TRUE	69.430459170551	0	NA	NA
1	sims_spanishjapanese_5050_lambda_75_24	1	74.1899213436527	59.3715164042644	89.0083262830409	-395.366540570369	-11.9536461386203	1	TRUE	58.1162230987097	0	NA	NA
1	sims_spanishjapanese_5050_lambda_75_25	1	74.1899213436527	59.3715164042644	89.0083262830409	-395.366540570369	-13.3492691219781	1	TRUE	84.265625	0	NA	NA
1	sims_spanishjapanese_5050_lambda_75_26	1	74.1899213436527	59.3715164042644	89.0083262830409	-395.366540570369	-11.1690252807026	1	TRUE	77.1528930664062	0	NA	NA
1	sims_spanishjapanese_5050_lambda_75_27	1	74.1899213436527	59.3715164042644	89.0083262830409	-395.366540570369	-11.172330683028	1	TRUE	79.765625	0	NA	NA
1	sims_spanishjapanese_5050_lambda_75_28	1	74.1899213436527	59.3715164042644	89.0083262830409	-395.366540570369	-11.9442479138243	1	TRUE	61.6219668301714	0	NA	NA
1	sims_spanishjapanese_5050_lambda_75_29	1	74.1899213436527	59.3715164042644	89.0083262830409	-395.366540570369	-15.5680756787288	1	TRUE	113.558837890625	0	NA	NA
1	sims_spanishjapanese_5050_lambda_75_2	1	74.1899213436527	59.3715164042644	89.0083262830409	-395.366540570369	-14.391713470444	1	TRUE	41.6923989260476	0	NA	NA
1	sims_spanishjapanese_5050_lambda_75_30	1	74.1899213436527	59.3715164042644	89.0083262830409	-395.366540570369	-17.231234874484	1	TRUE	124.765625	0	NA	NA
1	sims_spanishjapanese_5050_lambda_75_3	1	74.1899213436527	59.3715164042644	89.0083262830409	-395.366540570369	-12.130366043297	1	TRUE	88.3056640625	0	NA	NA
1	sims_spanishjapanese_5050_lambda_75_4	1	74.1899213436527	59.3715164042644	89.0083262830409	-395.366540570369	-13.4232941078209	1	TRUE	101	0	NA	NA
1	sims_spanishjapanese_5050_lambda_75_5	1	74.1899213436527	59.3715164042644	89.0083262830409	-395.366540570369	-11.5706033850916	1	TRUE	75.4707202858845	0	NA	NA
1	sims_spanishjapanese_5050_lambda_75_6	1	74.1899213436527	59.3715164042644	89.0083262830409	-395.366540570369	-13.2189625651986	1	TRUE	50.9200114529145	0	NA	NA
1	sims_spanishjapanese_5050_lambda_75_7	1	74.1899213436527	59.3715164042644	89.0083262830409	-395.366540570369	-11.0177945699679	1	TRUE	73.7616955297075	0	NA	NA
1	sims_spanishjapanese_5050_lambda_75_8	1	74.1899213436527	59.3715164042644	89.0083262830409	-395.366540570369	-12.8937561346462	1	TRUE	96.2149047851562	0	NA	NA
1	sims_spanishjapanese_5050_lambda_75_9	1	74.1899213436527	59.3715164042644	89.0083262830409	-395.366540570369	-14.8195999182251	1	TRUE	91.1016235351562	0	NA	NA
2	sims_spanishjapanese_5050_lambda_75_10	2	86.942042726806	67.979549248631	105.904536204981	-372.914961259459	-11.8474265767027	1	FALSE	74.463009024435	0	0	0
2	sims_spanishjapanese_5050_lambda_75_11	1	54.1873819808458	30.4383018789031	77.9364620827884	-372.914961259459	-12.3488251616522	1	FALSE	45.4492650842169	0	0	0
2	sims_spanishjapanese_5050_lambda_75_12	2	86.942042726806	67.979549248631	105.904536204981	-372.914961259459	-11.4468881694124	1	FALSE	92.44140625	0	0	0
2	sims_spanishjapanese_5050_lambda_75_13	1	54.1873819808458	30.4383018789031	77.9364620827884	-372.914961259459	-12.3280339603702	1	FALSE	60.8036819465127	0	0	0
2	sims_spanishjapanese_5050_lambda_75_14	1	54.1873819808458	30.4383018789031	77.9364620827884	-372.914961259459	-13.4132094806685	1	FALSE	57.9392558213244	0	0	0
2	sims_spanishjapanese_5050_lambda_75_15	2	86.942042726806	67.979549248631	105.904536204981	-372.914961259459	-12.0351145609535	1	FALSE	79.3501586914062	0	0	0
2	sims_spanishjapanese_5050_lambda_75_16	1	54.1873819808458	30.4383018789031	77.9364620827884	-372.914961259459	-13.3825016489681	1	FALSE	47.3438720880321	0	0	0
2	sims_spanishjapanese_5050_lambda_75_17	2	86.942042726806	67.979549248631	105.904536204981	-372.914961259459	-13.6923124975548	1	FALSE	96.6728515625	0	0	0
2	sims_spanishjapanese_5050_lambda_75_18	1	54.1873819808458	30.4383018789031	77.9364620827884	-372.914961259459	-11.4311015847538	1	FALSE	52.7579175369777	0	0	0
2	sims_spanishjapanese_5050_lambda_75_19	2	86.942042726806	67.979549248631	105.904536204981	-372.914961259459	-11.1915037752731	1	FALSE	78.5225219726562	0	0	0
2	sims_spanishjapanese_5050_lambda_75_1	1	54.1873819808458	30.4383018789031	77.9364620827884	-372.914961259459	-15.7220784196857	1	FALSE	67.12398107895	0	0	0
2	sims_spanishjapanese_5050_lambda_75_20	1	54.1873819808458	30.4383018789031	77.9364620827884	-372.914961259459	-14.2639847813021	1	FALSE	47.9841943391766	0	0	0
2	sims_spanishjapanese_5050_lambda_75_21	2	86.942042726806	67.979549248631	105.904536204981	-372.914961259459	-12.3694946037519	1	FALSE	104.78515625	0	0	0
2	sims_spanishjapanese_5050_lambda_75_22	2	86.942042726806	67.979549248631	105.904536204981	-372.914961259459	-11.3267081164659	1	FALSE	83.12890625	0	0	0
2	sims_spanishjapanese_5050_lambda_75_23	1	54.1873819808458	30.4383018789031	77.9364620827884	-372.914961259459	-11.9599398622807	1	FALSE	69.430459170551	0	0	0
2	sims_spanishjapanese_5050_lambda_75_24	1	54.1873819808458	30.4383018789031	77.9364620827884	-372.914961259459	-11.2505836556107	1	FALSE	58.1162230987097	0	0	0
2	sims_spanishjapanese_5050_lambda_75_25	2	86.942042726806	67.979549248631	105.904536204981	-372.914961259459	-13.4212711952828	1	FALSE	84.265625	0	0	0
2	sims_spanishjapanese_5050_lambda_75_26	2	86.942042726806	67.979549248631	105.904536204981	-372.914961259459	-11.3959370996254	1	FALSE	77.1528930664062	0	0	0
2	sims_spanishjapanese_5050_lambda_75_27	2	86.942042726806	67.979549248631	105.904536204981	-372.914961259459	-11.1167734586599	1	FALSE	79.765625	0	0	0
2	sims_spanishjapanese_5050_lambda_75_28	1	54.1873819808458	30.4383018789031	77.9364620827884	-372.914961259459	-11.7040467411683	1	FALSE	61.6219668301714	0	0	0
2	sims_spanishjapanese_5050_lambda_75_29	2	86.942042726806	67.979549248631	105.904536204981	-372.914961259459	-13.1192064792572	1	FALSE	113.558837890625	0	0	0
2	sims_spanishjapanese_5050_lambda_75_2	1	54.1873819808458	30.4383018789031	77.9364620827884	-372.914961259459	-11.6785606196518	1	FALSE	41.6923989260476	0	0	0
2	sims_spanishjapanese_5050_lambda_75_30	2	86.942042726806	67.979549248631	105.904536204981	-372.914961259459	-16.6324787780461	1	FALSE	124.765625	0	0	0
2	sims_spanishjapanese_5050_lambda_75_3	2	86.942042726806	67.979549248631	105.904536204981	-372.914961259459	-11.735132287727	1	FALSE	88.3056640625	0	0	0
2	sims_spanishjapanese_5050_lambda_75_4	2	86.942042726806	67.979549248631	105.904536204981	-372.914961259459	-12.538135696998	1	FALSE	101	0	0	0
2	sims_spanishjapanese_5050_lambda_75_5	2	86.942042726806	67.979549248631	105.904536204981	-372.914961259459	-11.8713371303987	1	FALSE	75.4707202858845	0	0	0
2	sims_spanishjapanese_5050_lambda_75_6	1	54.1873819808458	30.4383018789031	77.9364620827884	-372.914961259459	-12.1891303394042	1	FALSE	50.9200114529145	0	0	0
2	sims_spanishjapanese_5050_lambda_75_7	2	86.942042726806	67.979549248631	105.904536204981	-372.914961259459	-11.5368118751355	1	FALSE	73.7616955297075	0	0	0
2	sims_spanishjapanese_5050_lambda_75_8	2	86.942042726806	67.979549248631	105.904536204981	-372.914961259459	-11.2292100298027	1	FALSE	96.2149047851562	0	0	0
2	sims_spanishjapanese_5050_lambda_75_9	2	86.942042726806	67.979549248631	105.904536204981	-372.914961259459	-12.7372226728953	1	FALSE	91.1016235351562	0	0	0
3	sims_spanishjapanese_5050_lambda_75_10	2	70.6166440778029	51.3894760650665	89.8438120905394	-359.978250341886	-9.78800778117889	1	FALSE	74.463009024435	0	0	0
3	sims_spanishjapanese_5050_lambda_75_11	1	68.1463584561133	24.3014366133769	111.99128029885	-359.978250341886	-12.8960085563768	1	FALSE	45.4492650842169	0	0	0
3	sims_spanishjapanese_5050_lambda_75_12	3	83.8295737272993	56.3971858749894	111.261961579609	-359.978250341886	-10.3187456229278	1	FALSE	92.44140625	0	0	0
3	sims_spanishjapanese_5050_lambda_75_13	2	70.6166440778029	51.3894760650665	89.8438120905394	-359.978250341886	-10.3300598894714	1	FALSE	60.8036819465127	0	0	0
3	sims_spanishjapanese_5050_lambda_75_14	1	68.1463584561133	24.3014366133769	111.99128029885	-359.978250341886	-12.1699311732692	1	FALSE	57.9392558213244	0	0	0
3	sims_spanishjapanese_5050_lambda_75_15	3	83.8295737272993	56.3971858749894	111.261961579609	-359.978250341886	-11.0863723516374	1	FALSE	79.3501586914062	0	0	0
3	sims_spanishjapanese_5050_lambda_75_16	1	68.1463584561133	24.3014366133769	111.99128029885	-359.978250341886	-12.5293556663832	1	FALSE	47.3438720880321	0	0	0
3	sims_spanishjapanese_5050_lambda_75_17	1	68.1463584561133	24.3014366133769	111.99128029885	-359.978250341886	-12.953628088129	1	FALSE	96.6728515625	0	0	0
3	sims_spanishjapanese_5050_lambda_75_18	3	83.8295737272993	56.3971858749894	111.261961579609	-359.978250341886	-12.4918608050781	1	FALSE	52.7579175369777	0	0	0
3	sims_spanishjapanese_5050_lambda_75_19	2	70.6166440778029	51.3894760650665	89.8438120905394	-359.978250341886	-10.4309107777724	1	FALSE	78.5225219726562	0	0	0
3	sims_spanishjapanese_5050_lambda_75_1	1	68.1463584561133	24.3014366133769	111.99128029885	-359.978250341886	-14.4515046815758	1	FALSE	67.12398107895	0	0	0
3	sims_spanishjapanese_5050_lambda_75_20	2	70.6166440778029	51.3894760650665	89.8438120905394	-359.978250341886	-15.8107110137174	1	FALSE	47.9841943391766	0	0	0
3	sims_spanishjapanese_5050_lambda_75_21	3	83.8295737272993	56.3971858749894	111.261961579609	-359.978250341886	-11.3028422918842	1	FALSE	104.78515625	0	0	0
3	sims_spanishjapanese_5050_lambda_75_22	3	83.8295737272993	56.3971858749894	111.261961579609	-359.978250341886	-10.2881789768441	1	FALSE	83.12890625	0	0	0
3	sims_spanishjapanese_5050_lambda_75_23	3	83.8295737272993	56.3971858749894	111.261961579609	-359.978250341886	-10.8058545266156	1	FALSE	69.430459170551	0	0	0
3	sims_spanishjapanese_5050_lambda_75_24	2	70.6166440778029	51.3894760650665	89.8438120905394	-359.978250341886	-11.1610045745702	1	FALSE	58.1162230987097	0	0	0
3	sims_spanishjapanese_5050_lambda_75_25	1	68.1463584561133	24.3014366133769	111.99128029885	-359.978250341886	-12.2146960902182	1	FALSE	84.265625	0	0	0
3	sims_spanishjapanese_5050_lambda_75_26	2	70.6166440778029	51.3894760650665	89.8438120905394	-359.978250341886	-10.0716374526217	1	FALSE	77.1528930664062	0	0	0
3	sims_spanishjapanese_5050_lambda_75_27	2	70.6166440778029	51.3894760650665	89.8438120905394	-359.978250341886	-10.5029547116844	1	FALSE	79.765625	0	0	0
3	sims_spanishjapanese_5050_lambda_75_28	3	83.8295737272993	56.3971858749894	111.261961579609	-359.978250341886	-11.3136844887894	1	FALSE	61.6219668301714	0	0	0
3	sims_spanishjapanese_5050_lambda_75_29	3	83.8295737272993	56.3971858749894	111.261961579609	-359.978250341886	-13.7208956451424	1	FALSE	113.558837890625	0	0	0
3	sims_spanishjapanese_5050_lambda_75_2	2	70.6166440778029	51.3894760650665	89.8438120905394	-359.978250341886	-14.1016892208575	1	FALSE	41.6923989260476	0	0	0
3	sims_spanishjapanese_5050_lambda_75_30	1	68.1463584561133	24.3014366133769	111.99128029885	-359.978250341886	-15.9649094764193	1	FALSE	124.765625	0	0	0
3	sims_spanishjapanese_5050_lambda_75_3	3	83.8295737272993	56.3971858749894	111.261961579609	-359.978250341886	-10.5147921505059	1	FALSE	88.3056640625	0	0	0
3	sims_spanishjapanese_5050_lambda_75_4	3	83.8295737272993	56.3971858749894	111.261961579609	-359.978250341886	-12.6292478344973	1	FALSE	101	0	0	0
3	sims_spanishjapanese_5050_lambda_75_5	3	83.8295737272993	56.3971858749894	111.261961579609	-359.978250341886	-10.3301658686461	1	FALSE	75.4707202858845	0	0	0
3	sims_spanishjapanese_5050_lambda_75_6	1	68.1463584561133	24.3014366133769	111.99128029885	-359.978250341886	-12.5743120127884	1	FALSE	50.9200114529145	0	0	0
3	sims_spanishjapanese_5050_lambda_75_7	2	70.6166440778029	51.3894760650665	89.8438120905394	-359.978250341886	-10.5406623315877	1	FALSE	73.7616955297075	0	0	0
3	sims_spanishjapanese_5050_lambda_75_8	2	70.6166440778029	51.3894760650665	89.8438120905394	-359.978250341886	-12.8391127727807	1	FALSE	96.2149047851562	0	0	0
3	sims_spanishjapanese_5050_lambda_75_9	2	70.6166440778029	51.3894760650665	89.8438120905394	-359.978250341886	-13.844513507916	1	FALSE	91.1016235351562	0	0	0
4	sims_spanishjapanese_5050_lambda_75_10	3	82.2916010111292	57.6676529154477	106.915549106811	-347.524979858239	-9.77986469321438	1	FALSE	74.463009024435	0	0	0
4	sims_spanishjapanese_5050_lambda_75_11	1	51.8660374965067	24.7754111679534	78.95666382506	-347.524979858239	-13.0011114205568	1	FALSE	45.4492650842169	0	0	0
4	sims_spanishjapanese_5050_lambda_75_12	4	87.1311920930401	58.2781330453131	115.984251140767	-347.524979858239	-10.2506753636215	1	FALSE	92.44140625	0	0	0
4	sims_spanishjapanese_5050_lambda_75_13	1	51.8660374965067	24.7754111679534	78.95666382506	-347.524979858239	-11.3021315091778	1	FALSE	60.8036819465127	0	0	0
4	sims_spanishjapanese_5050_lambda_75_14	2	78.6217912188124	24.4701309614215	132.773451476203	-347.524979858239	-12.4198768753044	1	FALSE	57.9392558213244	0	0	0
4	sims_spanishjapanese_5050_lambda_75_15	4	87.1311920930401	58.2781330453131	115.984251140767	-347.524979858239	-11.1077055327414	1	FALSE	79.3501586914062	0	0	0
4	sims_spanishjapanese_5050_lambda_75_16	2	78.6217912188124	24.4701309614215	132.773451476203	-347.524979858239	-13.0884824389557	1	FALSE	47.3438720880321	0	0	0
4	sims_spanishjapanese_5050_lambda_75_17	2	78.6217912188124	24.4701309614215	132.773451476203	-347.524979858239	-12.3336477583404	1	FALSE	96.6728515625	0	0	0
4	sims_spanishjapanese_5050_lambda_75_18	1	51.8660374965067	24.7754111679534	78.95666382506	-347.524979858239	-11.5469236105255	1	FALSE	52.7579175369777	0	0	0
4	sims_spanishjapanese_5050_lambda_75_19	3	82.2916010111292	57.6676529154477	106.915549106811	-347.524979858239	-9.97502801735501	1	FALSE	78.5225219726562	0	0	0
4	sims_spanishjapanese_5050_lambda_75_1	2	78.6217912188124	24.4701309614215	132.773451476203	-347.524979858239	-14.1545351722458	1	FALSE	67.12398107895	0	0	0
4	sims_spanishjapanese_5050_lambda_75_20	1	51.8660374965067	24.7754111679534	78.95666382506	-347.524979858239	-12.3144333825146	1	FALSE	47.9841943391766	0	0	0
4	sims_spanishjapanese_5050_lambda_75_21	4	87.1311920930401	58.2781330453131	115.984251140767	-347.524979858239	-11.0255143666556	1	FALSE	104.78515625	0	0	0
4	sims_spanishjapanese_5050_lambda_75_22	4	87.1311920930401	58.2781330453131	115.984251140767	-347.524979858239	-10.3762536681737	1	FALSE	83.12890625	0	0	0
4	sims_spanishjapanese_5050_lambda_75_23	4	87.1311920930401	58.2781330453131	115.984251140767	-347.524979858239	-11.1251390419934	1	FALSE	69.430459170551	0	0	0
4	sims_spanishjapanese_5050_lambda_75_24	1	51.8660374965067	24.7754111679534	78.95666382506	-347.524979858239	-10.8146025626692	1	FALSE	58.1162230987097	0	0	0
4	sims_spanishjapanese_5050_lambda_75_25	2	78.6217912188124	24.4701309614215	132.773451476203	-347.524979858239	-11.9970190305359	1	FALSE	84.265625	0	0	0
4	sims_spanishjapanese_5050_lambda_75_26	3	82.2916010111292	57.6676529154477	106.915549106811	-347.524979858239	-9.70573773790246	1	FALSE	77.1528930664062	0	0	0
4	sims_spanishjapanese_5050_lambda_75_27	3	82.2916010111292	57.6676529154477	106.915549106811	-347.524979858239	-9.92793024990083	1	FALSE	79.765625	0	0	0
4	sims_spanishjapanese_5050_lambda_75_28	4	87.1311920930401	58.2781330453131	115.984251140767	-347.524979858239	-11.6814980235488	1	FALSE	61.6219668301714	0	0	0
4	sims_spanishjapanese_5050_lambda_75_29	4	87.1311920930401	58.2781330453131	115.984251140767	-347.524979858239	-13.2233335913915	1	FALSE	113.558837890625	0	0	0
4	sims_spanishjapanese_5050_lambda_75_2	1	51.8660374965067	24.7754111679534	78.95666382506	-347.524979858239	-11.2221053511838	1	FALSE	41.6923989260476	0	0	0
4	sims_spanishjapanese_5050_lambda_75_30	2	78.6217912188124	24.4701309614215	132.773451476203	-347.524979858239	-14.6142187322209	1	FALSE	124.765625	0	0	0
4	sims_spanishjapanese_5050_lambda_75_3	4	87.1311920930401	58.2781330453131	115.984251140767	-347.524979858239	-10.4630834817074	1	FALSE	88.3056640625	0	0	0
4	sims_spanishjapanese_5050_lambda_75_4	4	87.1311920930401	58.2781330453131	115.984251140767	-347.524979858239	-12.3050661267156	1	FALSE	101	0	0	0
4	sims_spanishjapanese_5050_lambda_75_5	4	87.1311920930401	58.2781330453131	115.984251140767	-347.524979858239	-10.4996207468014	1	FALSE	75.4707202858845	0	0	0
4	sims_spanishjapanese_5050_lambda_75_6	1	51.8660374965067	24.7754111679534	78.95666382506	-347.524979858239	-12.8558557055203	1	FALSE	50.9200114529145	0	0	0
4	sims_spanishjapanese_5050_lambda_75_7	3	82.2916010111292	57.6676529154477	106.915549106811	-347.524979858239	-10.5991450051494	1	FALSE	73.7616955297075	0	0	0
4	sims_spanishjapanese_5050_lambda_75_8	3	82.2916010111292	57.6676529154477	106.915549106811	-347.524979858239	-10.8353739092546	1	FALSE	96.2149047851562	0	0	0
4	sims_spanishjapanese_5050_lambda_75_9	3	82.2916010111292	57.6676529154477	106.915549106811	-347.524979858239	-12.9790667523609	1	FALSE	91.1016235351562	0	0	0
