# CLUSTERING STRENGTH + LIKELIHOOD K SELECTION RESULTS (GLOBETROTTER)
# Recommended K: 1
# Method: GLOBETROTTER
# Clustering strength threshold: 0.77
# Likelihood thresholds: k1 to k2(k=2):0.65 k1 to k2(k=3):1.21 k2 to k3:0.34 k3 to k4:0.18
#
model_k	pop	cluster	joint_date_est_best	joint_date_lowerci	joint_date_upperci	likelihood_mean	likelihood_per_ind	recommended_k	is_recommended	ind_date_est	sample_age_est_best	sample_age_lowerci_mean	sample_age_upperci_mean
1	sims_spanishjapanese_5050_lambda_20_10	1	23.0316599635015	18.3880287337737	27.6752911932294	-274.236383545245	-8.43899357749632	1	TRUE	28.9093826955496	0	NA	NA
1	sims_spanishjapanese_5050_lambda_20_11	1	23.0316599635015	18.3880287337737	27.6752911932294	-274.236383545245	-9.86592622621209	1	TRUE	14.7612169511872	0	NA	NA
1	sims_spanishjapanese_5050_lambda_20_12	1	23.0316599635015	18.3880287337737	27.6752911932294	-274.236383545245	-8.82944110058666	1	TRUE	27.0162381956288	0	NA	NA
1	sims_spanishjapanese_5050_lambda_20_13	1	23.0316599635015	18.3880287337737	27.6752911932294	-274.236383545245	-8.22377413504664	1	TRUE	25.1247970099384	0	NA	NA
1	sims_spanishjapanese_5050_lambda_20_14	1	23.0316599635015	18.3880287337737	27.6752911932294	-274.236383545245	-10.0620143100842	1	TRUE	26.4368797451572	0	NA	NA
1	sims_spanishjapanese_5050_lambda_20_15	1	23.0316599635015	18.3880287337737	27.6752911932294	-274.236383545245	-7.90976463793625	1	TRUE	27.1059492952654	0	NA	NA
1	sims_spanishjapanese_5050_lambda_20_16	1	23.0316599635015	18.3880287337737	27.6752911932294	-274.236383545245	-8.43886853927691	1	TRUE	27.2858347188053	0	NA	NA
1	sims_spanishjapanese_5050_lambda_20_17	1	23.0316599635015	18.3880287337737	27.6752911932294	-274.236383545245	-7.35567510560782	1	TRUE	22.1519736740382	0	NA	NA
1	sims_spanishjapanese_5050_lambda_20_18	1	23.0316599635015	18.3880287337737	27.6752911932294	-274.236383545245	-8.04200485835789	1	TRUE	27.150862748117	0	NA	NA
1	sims_spanishjapanese_5050_lambda_20_19	1	23.0316599635015	18.3880287337737	27.6752911932294	-274.236383545245	-8.85207331544764	1	TRUE	29.9163116198756	0	NA	NA
1	sims_spanishjapanese_5050_lambda_20_1	1	23.0316599635015	18.3880287337737	27.6752911932294	-274.236383545245	-8.00030462451076	1	TRUE	23.9145476989066	0	NA	NA
1	sims_spanishjapanese_5050_lambda_20_20	1	23.0316599635015	18.3880287337737	27.6752911932294	-274.236383545245	-8.02800635955349	1	TRUE	24.1358666408628	0	NA	NA
1	sims_spanishjapanese_5050_lambda_20_21	1	23.0316599635015	18.3880287337737	27.6752911932294	-274.236383545245	-7.41673756028614	1	TRUE	23.2569728816629	0	NA	NA
1	sims_spanishjapanese_5050_lambda_20_22	1	23.0316599635015	18.3880287337737	27.6752911932294	-274.236383545245	-8.87693855349998	1	TRUE	16.4994351472219	0	NA	NA
1	sims_spanishjapanese_5050_lambda_20_23	1	23.0316599635015	18.3880287337737	27.6752911932294	-274.236383545245	-8.99423258424964	1	TRUE	24.4817838248278	0	NA	NA
1	sims_spanishjapanese_5050_lambda_20_24	1	23.0316599635015	18.3880287337737	27.6752911932294	-274.236383545245	-11.9707591621326	1	TRUE	28.2403662232219	0	NA	NA
1	sims_spanishjapanese_5050_lambda_20_25	1	23.0316599635015	18.3880287337737	27.6752911932294	-274.236383545245	-12.9717086774208	1	TRUE	8.8765625	0	NA	NA
1	sims_spanishjapanese_5050_lambda_20_26	1	23.0316599635015	18.3880287337737	27.6752911932294	-274.236383545245	-7.81660002252422	1	TRUE	26.6144490473639	0	NA	NA
1	sims_spanishjapanese_5050_lambda_20_27	1	23.0316599635015	18.3880287337737	27.6752911932294	-274.236383545245	-8.64982332630602	1	TRUE	29.3989094150652	0	NA	NA
1	sims_spanishjapanese_5050_lambda_20_28	1	23.0316599635015	18.3880287337737	27.6752911932294	-274.236383545245	-10.1450302861833	1	TRUE	13.237890625	0	NA	NA
1	sims_spanishjapanese_5050_lambda_20_29	1	23.0316599635015	18.3880287337737	27.6752911932294	-274.236383545245	-7.96019984579794	1	TRUE	20.2569946777154	0	NA	NA
1	sims_spanishjapanese_5050_lambda_20_2	1	23.0316599635015	18.3880287337737	27.6752911932294	-274.236383545245	-8.6736129296728	1	TRUE	16.5253864782119	0	NA	NA
1	sims_spanishjapanese_5050_lambda_20_30	1	23.0316599635015	18.3880287337737	27.6752911932294	-274.236383545245	-10.6661727152096	1	TRUE	18.2861696333132	0	NA	NA
1	sims_spanishjapanese_5050_lambda_20_3	1	23.0316599635015	18.3880287337737	27.6752911932294	-274.236383545245	-7.77029824717899	1	TRUE	19.3710785382769	0	NA	NA
1	sims_spanishjapanese_5050_lambda_20_4	1	23.0316599635015	18.3880287337737	27.6752911932294	-274.236383545245	-9.62071326477404	1	TRUE	25.9956586311957	0	NA	NA
1	sims_spanishjapanese_5050_lambda_20_5	1	23.0316599635015	18.3880287337737	27.6752911932294	-274.236383545245	-7.92538785057974	1	TRUE	26.9266815040811	0	NA	NA
1	sims_spanishjapanese_5050_lambda_20_6	1	23.0316599635015	18.3880287337737	27.6752911932294	-274.236383545245	-8.0305227770903	1	TRUE	21.8500221775337	0	NA	NA
1	sims_spanishjapanese_5050_lambda_20_7	1	23.0316599635015	18.3880287337737	27.6752911932294	-274.236383545245	-10.2062196908891	1	TRUE	13.3418212890625	0	NA	NA
1	sims_spanishjapanese_5050_lambda_20_8	1	23.0316599635015	18.3880287337737	27.6752911932294	-274.236383545245	-13.2421336682759	1	TRUE	30.4860774678259	0	NA	NA
1	sims_spanishjapanese_5050_lambda_20_9	1	23.0316599635015	18.3880287337737	27.6752911932294	-274.236383545245	-11.2524455930571	1	TRUE	13.58603515625	0	NA	NA
2	sims_spanishjapanese_5050_lambda_20_10	2	24.9592735985545	19.8014562255976	30.1170909715114	-253.463372124163	-7.94798434629192	1	FALSE	28.9093826955496	0	0	0
2	sims_spanishjapanese_5050_lambda_20_11	1	14.7841129346888	4.11524433825337	25.4529815311243	-253.463372124163	-8.27118130485135	1	FALSE	14.7612169511872	0	0	0
2	sims_spanishjapanese_5050_lambda_20_12	2	24.9592735985545	19.8014562255976	30.1170909715114	-253.463372124163	-8.71109917276887	1	FALSE	27.0162381956288	0	0	0
2	sims_spanishjapanese_5050_lambda_20_13	2	24.9592735985545	19.8014562255976	30.1170909715114	-253.463372124163	-7.66274674517048	1	FALSE	25.1247970099384	0	0	0
2	sims_spanishjapanese_5050_lambda_20_14	2	24.9592735985545	19.8014562255976	30.1170909715114	-253.463372124163	-9.92715041828056	1	FALSE	26.4368797451572	0	0	0
2	sims_spanishjapanese_5050_lambda_20_15	2	24.9592735985545	19.8014562255976	30.1170909715114	-253.463372124163	-7.64722019618767	1	FALSE	27.1059492952654	0	0	0
2	sims_spanishjapanese_5050_lambda_20_16	2	24.9592735985545	19.8014562255976	30.1170909715114	-253.463372124163	-8.28193378125387	1	FALSE	27.2858347188053	0	0	0
2	sims_spanishjapanese_5050_lambda_20_17	2	24.9592735985545	19.8014562255976	30.1170909715114	-253.463372124163	-7.60459792523955	1	FALSE	22.1519736740382	0	0	0
2	sims_spanishjapanese_5050_lambda_20_18	2	24.9592735985545	19.8014562255976	30.1170909715114	-253.463372124163	-7.83558903952877	1	FALSE	27.150862748117	0	0	0
2	sims_spanishjapanese_5050_lambda_20_19	2	24.9592735985545	19.8014562255976	30.1170909715114	-253.463372124163	-8.3583020170365	1	FALSE	29.9163116198756	0	0	0
2	sims_spanishjapanese_5050_lambda_20_1	2	24.9592735985545	19.8014562255976	30.1170909715114	-253.463372124163	-7.69021823268815	1	FALSE	23.9145476989066	0	0	0
2	sims_spanishjapanese_5050_lambda_20_20	2	24.9592735985545	19.8014562255976	30.1170909715114	-253.463372124163	-8.14350855306956	1	FALSE	24.1358666408628	0	0	0
2	sims_spanishjapanese_5050_lambda_20_21	2	24.9592735985545	19.8014562255976	30.1170909715114	-253.463372124163	-7.59402329582216	1	FALSE	23.2569728816629	0	0	0
2	sims_spanishjapanese_5050_lambda_20_22	1	14.7841129346888	4.11524433825337	25.4529815311243	-253.463372124163	-6.81568656575313	1	FALSE	16.4994351472219	0	0	0
2	sims_spanishjapanese_5050_lambda_20_23	2	24.9592735985545	19.8014562255976	30.1170909715114	-253.463372124163	-9.04086756681888	1	FALSE	24.4817838248278	0	0	0
2	sims_spanishjapanese_5050_lambda_20_24	2	24.9592735985545	19.8014562255976	30.1170909715114	-253.463372124163	-11.6126683136234	1	FALSE	28.2403662232219	0	0	0
2	sims_spanishjapanese_5050_lambda_20_25	1	14.7841129346888	4.11524433825337	25.4529815311243	-253.463372124163	-7.81093074661256	1	FALSE	8.8765625	0	0	0
2	sims_spanishjapanese_5050_lambda_20_26	2	24.9592735985545	19.8014562255976	30.1170909715114	-253.463372124163	-7.41498538027678	1	FALSE	26.6144490473639	0	0	0
2	sims_spanishjapanese_5050_lambda_20_27	2	24.9592735985545	19.8014562255976	30.1170909715114	-253.463372124163	-8.19183368717101	1	FALSE	29.3989094150652	0	0	0
2	sims_spanishjapanese_5050_lambda_20_28	1	14.7841129346888	4.11524433825337	25.4529815311243	-253.463372124163	-6.81574650798843	1	FALSE	13.237890625	0	0	0
2	sims_spanishjapanese_5050_lambda_20_29	1	14.7841129346888	4.11524433825337	25.4529815311243	-253.463372124163	-7.43233719571862	1	FALSE	20.2569946777154	0	0	0
2	sims_spanishjapanese_5050_lambda_20_2	1	14.7841129346888	4.11524433825337	25.4529815311243	-253.463372124163	-7.55941487017726	1	FALSE	16.5253864782119	0	0	0
2	sims_spanishjapanese_5050_lambda_20_30	2	24.9592735985545	19.8014562255976	30.1170909715114	-253.463372124163	-11.3355787527849	1	FALSE	18.2861696333132	0	0	0
2	sims_spanishjapanese_5050_lambda_20_3	2	24.9592735985545	19.8014562255976	30.1170909715114	-253.463372124163	-8.40662954072924	1	FALSE	19.3710785382769	0	0	0
2	sims_spanishjapanese_5050_lambda_20_4	2	24.9592735985545	19.8014562255976	30.1170909715114	-253.463372124163	-9.53792976112629	1	FALSE	25.9956586311957	0	0	0
2	sims_spanishjapanese_5050_lambda_20_5	2	24.9592735985545	19.8014562255976	30.1170909715114	-253.463372124163	-7.71734956227585	1	FALSE	26.9266815040811	0	0	0
2	sims_spanishjapanese_5050_lambda_20_6	2	24.9592735985545	19.8014562255976	30.1170909715114	-253.463372124163	-8.11977747554292	1	FALSE	21.8500221775337	0	0	0
2	sims_spanishjapanese_5050_lambda_20_7	1	14.7841129346888	4.11524433825337	25.4529815311243	-253.463372124163	-7.41751860102954	1	FALSE	13.3418212890625	0	0	0
2	sims_spanishjapanese_5050_lambda_20_8	2	24.9592735985545	19.8014562255976	30.1170909715114	-253.463372124163	-10.7582900285809	1	FALSE	30.4860774678259	0	0	0
2	sims_spanishjapanese_5050_lambda_20_9	2	24.9592735985545	19.8014562255976	30.1170909715114	-253.463372124163	-11.8002725397644	1	FALSE	13.58603515625	0	0	0
3	sims_spanishjapanese_5050_lambda_20_10	3	25.9099702256969	20.1328581299788	31.6870823214149	-235.527748244241	-7.72644217067851	1	FALSE	28.9093826955496	0	0	0
3	sims_spanishjapanese_5050_lambda_20_11	1	15.3950782919949	5.94222357820827	24.8479330057815	-235.527748244241	-8.03568819290404	1	FALSE	14.7612169511872	0	0	0
3	sims_spanishjapanese_5050_lambda_20_12	3	25.9099702256969	20.1328581299788	31.6870823214149	-235.527748244241	-8.58075946915562	1	FALSE	27.0162381956288	0	0	0
3	sims_spanishjapanese_5050_lambda_20_13	3	25.9099702256969	20.1328581299788	31.6870823214149	-235.527748244241	-7.86485277930592	1	FALSE	25.1247970099384	0	0	0
3	sims_spanishjapanese_5050_lambda_20_14	3	25.9099702256969	20.1328581299788	31.6870823214149	-235.527748244241	-9.83452131522984	1	FALSE	26.4368797451572	0	0	0
3	sims_spanishjapanese_5050_lambda_20_15	3	25.9099702256969	20.1328581299788	31.6870823214149	-235.527748244241	-7.52711671967837	1	FALSE	27.1059492952654	0	0	0
3	sims_spanishjapanese_5050_lambda_20_16	3	25.9099702256969	20.1328581299788	31.6870823214149	-235.527748244241	-8.13850057621232	1	FALSE	27.2858347188053	0	0	0
3	sims_spanishjapanese_5050_lambda_20_17	3	25.9099702256969	20.1328581299788	31.6870823214149	-235.527748244241	-7.86450117905996	1	FALSE	22.1519736740382	0	0	0
3	sims_spanishjapanese_5050_lambda_20_18	3	25.9099702256969	20.1328581299788	31.6870823214149	-235.527748244241	-7.70391025002398	1	FALSE	27.150862748117	0	0	0
3	sims_spanishjapanese_5050_lambda_20_19	3	25.9099702256969	20.1328581299788	31.6870823214149	-235.527748244241	-8.08596726594596	1	FALSE	29.9163116198756	0	0	0
3	sims_spanishjapanese_5050_lambda_20_1	2	22.8823809433576	9.04333635574709	36.721425530968	-235.527748244241	1.04310704022646	1	FALSE	23.9145476989066	0	0	0
3	sims_spanishjapanese_5050_lambda_20_20	3	25.9099702256969	20.1328581299788	31.6870823214149	-235.527748244241	-8.13572120136539	1	FALSE	24.1358666408628	0	0	0
3	sims_spanishjapanese_5050_lambda_20_21	3	25.9099702256969	20.1328581299788	31.6870823214149	-235.527748244241	-7.69157489527517	1	FALSE	23.2569728816629	0	0	0
3	sims_spanishjapanese_5050_lambda_20_22	1	15.3950782919949	5.94222357820827	24.8479330057815	-235.527748244241	-7.38259207451423	1	FALSE	16.4994351472219	0	0	0
3	sims_spanishjapanese_5050_lambda_20_23	3	25.9099702256969	20.1328581299788	31.6870823214149	-235.527748244241	-8.999557985021	1	FALSE	24.4817838248278	0	0	0
3	sims_spanishjapanese_5050_lambda_20_24	3	25.9099702256969	20.1328581299788	31.6870823214149	-235.527748244241	-11.5242535856052	1	FALSE	28.2403662232219	0	0	0
3	sims_spanishjapanese_5050_lambda_20_25	1	15.3950782919949	5.94222357820827	24.8479330057815	-235.527748244241	-8.40118608056127	1	FALSE	8.8765625	0	0	0
3	sims_spanishjapanese_5050_lambda_20_26	3	25.9099702256969	20.1328581299788	31.6870823214149	-235.527748244241	-7.36729767995547	1	FALSE	26.6144490473639	0	0	0
3	sims_spanishjapanese_5050_lambda_20_27	3	25.9099702256969	20.1328581299788	31.6870823214149	-235.527748244241	-7.94480323229374	1	FALSE	29.3989094150652	0	0	0
3	sims_spanishjapanese_5050_lambda_20_28	1	15.3950782919949	5.94222357820827	24.8479330057815	-235.527748244241	-7.47339101863294	1	FALSE	13.237890625	0	0	0
3	sims_spanishjapanese_5050_lambda_20_29	1	15.3950782919949	5.94222357820827	24.8479330057815	-235.527748244241	-7.8827672127879	1	FALSE	20.2569946777154	0	0	0
3	sims_spanishjapanese_5050_lambda_20_2	1	15.3950782919949	5.94222357820827	24.8479330057815	-235.527748244241	-7.37913279703295	1	FALSE	16.5253864782119	0	0	0
3	sims_spanishjapanese_5050_lambda_20_30	3	25.9099702256969	20.1328581299788	31.6870823214149	-235.527748244241	-12.5258347260413	1	FALSE	18.2861696333132	0	0	0
3	sims_spanishjapanese_5050_lambda_20_3	1	15.3950782919949	5.94222357820827	24.8479330057815	-235.527748244241	-8.10454537921102	1	FALSE	19.3710785382769	0	0	0
3	sims_spanishjapanese_5050_lambda_20_4	3	25.9099702256969	20.1328581299788	31.6870823214149	-235.527748244241	-9.45147890941101	1	FALSE	25.9956586311957	0	0	0
3	sims_spanishjapanese_5050_lambda_20_5	3	25.9099702256969	20.1328581299788	31.6870823214149	-235.527748244241	-7.60125371013762	1	FALSE	26.9266815040811	0	0	0
3	sims_spanishjapanese_5050_lambda_20_6	2	22.8823809433576	9.04333635574709	36.721425530968	-235.527748244241	1.0426941215992	1	FALSE	21.8500221775337	0	0	0
3	sims_spanishjapanese_5050_lambda_20_7	1	15.3950782919949	5.94222357820827	24.8479330057815	-235.527748244241	-7.7557463382903	1	FALSE	13.3418212890625	0	0	0
3	sims_spanishjapanese_5050_lambda_20_8	3	25.9099702256969	20.1328581299788	31.6870823214149	-235.527748244241	-10.4813649704421	1	FALSE	30.4860774678259	0	0	0
3	sims_spanishjapanese_5050_lambda_20_9	1	15.3950782919949	5.94222357820827	24.8479330057815	-235.527748244241	-10.1487876912937	1	FALSE	13.58603515625	0	0	0
4	sims_spanishjapanese_5050_lambda_20_10	4	27.4824516440285	17.65156207002	37.3133412180371	-222.201836482195	-6.30729753088872	1	FALSE	28.9093826955496	0	0	0
4	sims_spanishjapanese_5050_lambda_20_11	1	19.2608647499007	11.7102385182596	26.8114909815417	-222.201836482195	-8.26400764810766	1	FALSE	14.7612169511872	0	0	0
4	sims_spanishjapanese_5050_lambda_20_12	1	19.2608647499007	11.7102385182596	26.8114909815417	-222.201836482195	-9.02486810088731	1	FALSE	27.0162381956288	0	0	0
4	sims_spanishjapanese_5050_lambda_20_13	3	24.6046125401289	15.922564988464	33.2866600917937	-222.201836482195	-6.24678530658876	1	FALSE	25.1247970099384	0	0	0
4	sims_spanishjapanese_5050_lambda_20_14	1	19.2608647499007	11.7102385182596	26.8114909815417	-222.201836482195	-9.79443765099346	1	FALSE	26.4368797451572	0	0	0
4	sims_spanishjapanese_5050_lambda_20_15	4	27.4824516440285	17.65156207002	37.3133412180371	-222.201836482195	-5.78756258635752	1	FALSE	27.1059492952654	0	0	0
4	sims_spanishjapanese_5050_lambda_20_16	1	19.2608647499007	11.7102385182596	26.8114909815417	-222.201836482195	-9.05805291331163	1	FALSE	27.2858347188053	0	0	0
4	sims_spanishjapanese_5050_lambda_20_17	3	24.6046125401289	15.922564988464	33.2866600917937	-222.201836482195	-7.67643875214572	1	FALSE	22.1519736740382	0	0	0
4	sims_spanishjapanese_5050_lambda_20_18	4	27.4824516440285	17.65156207002	37.3133412180371	-222.201836482195	-6.26618760185238	1	FALSE	27.150862748117	0	0	0
4	sims_spanishjapanese_5050_lambda_20_19	4	27.4824516440285	17.65156207002	37.3133412180371	-222.201836482195	-6.34538609504978	1	FALSE	29.9163116198756	0	0	0
4	sims_spanishjapanese_5050_lambda_20_1	2	22.8823809433576	9.04333635574709	36.721425530968	-222.201836482195	1.04310704022646	1	FALSE	23.9145476989066	0	0	0
4	sims_spanishjapanese_5050_lambda_20_20	1	19.2608647499007	11.7102385182596	26.8114909815417	-222.201836482195	-8.14471182905541	1	FALSE	24.1358666408628	0	0	0
4	sims_spanishjapanese_5050_lambda_20_21	4	27.4824516440285	17.65156207002	37.3133412180371	-222.201836482195	-6.33799047510558	1	FALSE	23.2569728816629	0	0	0
4	sims_spanishjapanese_5050_lambda_20_22	1	19.2608647499007	11.7102385182596	26.8114909815417	-222.201836482195	-7.76524957430417	1	FALSE	16.4994351472219	0	0	0
4	sims_spanishjapanese_5050_lambda_20_23	1	19.2608647499007	11.7102385182596	26.8114909815417	-222.201836482195	-8.65618940947939	1	FALSE	24.4817838248278	0	0	0
4	sims_spanishjapanese_5050_lambda_20_24	1	19.2608647499007	11.7102385182596	26.8114909815417	-222.201836482195	-11.9179413689183	1	FALSE	28.2403662232219	0	0	0
4	sims_spanishjapanese_5050_lambda_20_25	1	19.2608647499007	11.7102385182596	26.8114909815417	-222.201836482195	-10.5733620672235	1	FALSE	8.8765625	0	0	0
4	sims_spanishjapanese_5050_lambda_20_26	3	24.6046125401289	15.922564988464	33.2866600917937	-222.201836482195	-7.51067718454407	1	FALSE	26.6144490473639	0	0	0
4	sims_spanishjapanese_5050_lambda_20_27	4	27.4824516440285	17.65156207002	37.3133412180371	-222.201836482195	-5.87298460820563	1	FALSE	29.3989094150652	0	0	0
4	sims_spanishjapanese_5050_lambda_20_28	1	19.2608647499007	11.7102385182596	26.8114909815417	-222.201836482195	-8.44268804762406	1	FALSE	13.237890625	0	0	0
4	sims_spanishjapanese_5050_lambda_20_29	1	19.2608647499007	11.7102385182596	26.8114909815417	-222.201836482195	-7.61043791939953	1	FALSE	20.2569946777154	0	0	0
4	sims_spanishjapanese_5050_lambda_20_2	1	19.2608647499007	11.7102385182596	26.8114909815417	-222.201836482195	-8.06898219906166	1	FALSE	16.5253864782119	0	0	0
4	sims_spanishjapanese_5050_lambda_20_30	3	24.6046125401289	15.922564988464	33.2866600917937	-222.201836482195	-8.7970688596677	1	FALSE	18.2861696333132	0	0	0
4	sims_spanishjapanese_5050_lambda_20_3	1	19.2608647499007	11.7102385182596	26.8114909815417	-222.201836482195	-8.18259541502672	1	FALSE	19.3710785382769	0	0	0
4	sims_spanishjapanese_5050_lambda_20_4	1	19.2608647499007	11.7102385182596	26.8114909815417	-222.201836482195	-9.35484064265877	1	FALSE	25.9956586311957	0	0	0
4	sims_spanishjapanese_5050_lambda_20_5	4	27.4824516440285	17.65156207002	37.3133412180371	-222.201836482195	-5.56690868248086	1	FALSE	26.9266815040811	0	0	0
4	sims_spanishjapanese_5050_lambda_20_6	2	22.8823809433576	9.04333635574709	36.721425530968	-222.201836482195	1.0426941215992	1	FALSE	21.8500221775337	0	0	0
4	sims_spanishjapanese_5050_lambda_20_7	1	19.2608647499007	11.7102385182596	26.8114909815417	-222.201836482195	-8.42858628472766	1	FALSE	13.3418212890625	0	0	0
4	sims_spanishjapanese_5050_lambda_20_8	3	24.6046125401289	15.922564988464	33.2866600917937	-222.201836482195	-8.65970404493698	1	FALSE	30.4860774678259	0	0	0
4	sims_spanishjapanese_5050_lambda_20_9	1	19.2608647499007	11.7102385182596	26.8114909815417	-222.201836482195	-9.62569484541719	1	FALSE	13.58603515625	0	0	0
