# CLUSTERING STRENGTH + LIKELIHOOD K SELECTION RESULTS (GLOBETROTTER)
# Recommended K: 2
# Method: GLOBETROTTER
# Clustering strength threshold: 0.77
# Likelihood thresholds: k1 to k2(k=2):0.65 k1 to k2(k=3):1.21 k2 to k3:0.34 k3 to k4:0.18
#
model_k	pop	cluster	joint_date_est_best	joint_date_lowerci	joint_date_upperci	likelihood_mean	likelihood_per_ind	recommended_k	is_recommended	ind_date_est	sample_age_est_best	sample_age_lowerci_mean	sample_age_upperci_mean
1	sims_spanishjapanese_5050_lambda_20_10	1	29.3276139494768	25.281018131501	33.3742097674525	-818.483543012774	-8.7877959645219	2	FALSE	28.9093826955496	0	NA	NA
1	sims_spanishjapanese_5050_lambda_20_11	1	29.3276139494768	25.281018131501	33.3742097674525	-818.483543012774	-12.7601574312351	2	FALSE	14.7612169511872	0	NA	NA
1	sims_spanishjapanese_5050_lambda_20_12	1	29.3276139494768	25.281018131501	33.3742097674525	-818.483543012774	-8.76622640393194	2	FALSE	27.0162381956288	0	NA	NA
1	sims_spanishjapanese_5050_lambda_20_13	1	29.3276139494768	25.281018131501	33.3742097674525	-818.483543012774	-11.22157200731	2	FALSE	25.1247970099384	0	NA	NA
1	sims_spanishjapanese_5050_lambda_20_14	1	29.3276139494768	25.281018131501	33.3742097674525	-818.483543012774	-9.13690624264932	2	FALSE	26.4368797451572	0	NA	NA
1	sims_spanishjapanese_5050_lambda_20_15	1	29.3276139494768	25.281018131501	33.3742097674525	-818.483543012774	-8.89771735530563	2	FALSE	27.1059492952654	0	NA	NA
1	sims_spanishjapanese_5050_lambda_20_16	1	29.3276139494768	25.281018131501	33.3742097674525	-818.483543012774	-8.70013804066912	2	FALSE	27.2858347188053	0	NA	NA
1	sims_spanishjapanese_5050_lambda_20_17	1	29.3276139494768	25.281018131501	33.3742097674525	-818.483543012774	-11.0341921355114	2	FALSE	22.1519736740382	0	NA	NA
1	sims_spanishjapanese_5050_lambda_20_18	1	29.3276139494768	25.281018131501	33.3742097674525	-818.483543012774	-8.77978255917237	2	FALSE	27.150862748117	0	NA	NA
1	sims_spanishjapanese_5050_lambda_20_19	1	29.3276139494768	25.281018131501	33.3742097674525	-818.483543012774	-8.6648875556421	2	FALSE	29.9163116198756	0	NA	NA
1	sims_spanishjapanese_5050_lambda_20_1	1	29.3276139494768	25.281018131501	33.3742097674525	-818.483543012774	-11.7433253927721	2	FALSE	23.9145476989066	0	NA	NA
1	sims_spanishjapanese_5050_lambda_20_20	1	29.3276139494768	25.281018131501	33.3742097674525	-818.483543012774	-9.21617334519202	2	FALSE	24.1358666408628	0	NA	NA
1	sims_spanishjapanese_5050_lambda_20_21	1	29.3276139494768	25.281018131501	33.3742097674525	-818.483543012774	-9.84839667835833	2	FALSE	23.2569728816629	0	NA	NA
1	sims_spanishjapanese_5050_lambda_20_22	1	29.3276139494768	25.281018131501	33.3742097674525	-818.483543012774	-12.5188133481803	2	FALSE	16.4994351472219	0	NA	NA
1	sims_spanishjapanese_5050_lambda_20_23	1	29.3276139494768	25.281018131501	33.3742097674525	-818.483543012774	-9.16258279140992	2	FALSE	24.4817838248278	0	NA	NA
1	sims_spanishjapanese_5050_lambda_20_24	1	29.3276139494768	25.281018131501	33.3742097674525	-818.483543012774	-9.66599994539138	2	FALSE	28.2403662232219	0	NA	NA
1	sims_spanishjapanese_5050_lambda_20_25	1	29.3276139494768	25.281018131501	33.3742097674525	-818.483543012774	-19.9350295390595	2	FALSE	8.8765625	0	NA	NA
1	sims_spanishjapanese_5050_lambda_20_26	1	29.3276139494768	25.281018131501	33.3742097674525	-818.483543012774	-9.46044535208613	2	FALSE	26.6144490473639	0	NA	NA
1	sims_spanishjapanese_5050_lambda_20_27	1	29.3276139494768	25.281018131501	33.3742097674525	-818.483543012774	-8.67318612265955	2	FALSE	29.3989094150652	0	NA	NA
1	sims_spanishjapanese_5050_lambda_20_28	1	29.3276139494768	25.281018131501	33.3742097674525	-818.483543012774	-14.7267653375427	2	FALSE	13.237890625	0	NA	NA
1	sims_spanishjapanese_5050_lambda_20_29	1	29.3276139494768	25.281018131501	33.3742097674525	-818.483543012774	-10.640881859814	2	FALSE	20.2569946777154	0	NA	NA
1	sims_spanishjapanese_5050_lambda_20_2	1	29.3276139494768	25.281018131501	33.3742097674525	-818.483543012774	-13.5526728886514	2	FALSE	16.5253864782119	0	NA	NA
1	sims_spanishjapanese_5050_lambda_20_30	1	29.3276139494768	25.281018131501	33.3742097674525	-818.483543012774	-19.4757115817683	2	FALSE	18.2861696333132	0	NA	NA
1	sims_spanishjapanese_5050_lambda_20_3	1	29.3276139494768	25.281018131501	33.3742097674525	-818.483543012774	-12.0714440075246	2	FALSE	19.3710785382769	0	NA	NA
1	sims_spanishjapanese_5050_lambda_20_4	1	29.3276139494768	25.281018131501	33.3742097674525	-818.483543012774	-9.06518953465554	2	FALSE	25.9956586311957	0	NA	NA
1	sims_spanishjapanese_5050_lambda_20_5	1	29.3276139494768	25.281018131501	33.3742097674525	-818.483543012774	-8.85313694765813	2	FALSE	26.9266815040811	0	NA	NA
1	sims_spanishjapanese_5050_lambda_20_6	1	29.3276139494768	25.281018131501	33.3742097674525	-818.483543012774	-13.0765643718704	2	FALSE	21.8500221775337	0	NA	NA
1	sims_spanishjapanese_5050_lambda_20_7	1	29.3276139494768	25.281018131501	33.3742097674525	-818.483543012774	-14.0121246434173	2	FALSE	13.3418212890625	0	NA	NA
1	sims_spanishjapanese_5050_lambda_20_8	1	29.3276139494768	25.281018131501	33.3742097674525	-818.483543012774	-12.1377305131511	2	FALSE	30.4860774678259	0	NA	NA
1	sims_spanishjapanese_5050_lambda_20_9	1	29.3276139494768	25.281018131501	33.3742097674525	-818.483543012774	-12.5071184473501	2	FALSE	13.58603515625	0	NA	NA
1	sims_spanishjapanese_5050_lambda_50_10	1	29.3276139494768	25.281018131501	33.3742097674525	-818.483543012774	-26.3010724229316	2	FALSE	90.953369140625	0	NA	NA
1	sims_spanishjapanese_5050_lambda_50_11	1	29.3276139494768	25.281018131501	33.3742097674525	-818.483543012774	-14.2656462459273	2	FALSE	51.4179635980476	0	NA	NA
1	sims_spanishjapanese_5050_lambda_50_12	1	29.3276139494768	25.281018131501	33.3742097674525	-818.483543012774	-10.1441068706212	2	FALSE	37.0675871490624	0	NA	NA
1	sims_spanishjapanese_5050_lambda_50_13	1	29.3276139494768	25.281018131501	33.3742097674525	-818.483543012774	-18.9340987855656	2	FALSE	65.6082954758978	0	NA	NA
1	sims_spanishjapanese_5050_lambda_50_14	1	29.3276139494768	25.281018131501	33.3742097674525	-818.483543012774	-26.2859008896323	2	FALSE	72.1713239694036	0	NA	NA
1	sims_spanishjapanese_5050_lambda_50_15	1	29.3276139494768	25.281018131501	33.3742097674525	-818.483543012774	-11.9125873009336	2	FALSE	38.7219733163069	0	NA	NA
1	sims_spanishjapanese_5050_lambda_50_16	1	29.3276139494768	25.281018131501	33.3742097674525	-818.483543012774	-24.7271085506357	2	FALSE	62.998131102236	0	NA	NA
1	sims_spanishjapanese_5050_lambda_50_17	1	29.3276139494768	25.281018131501	33.3742097674525	-818.483543012774	-12.8507856695397	2	FALSE	47.1844779770589	0	NA	NA
1	sims_spanishjapanese_5050_lambda_50_18	1	29.3276139494768	25.281018131501	33.3742097674525	-818.483543012774	-15.2974066597376	2	FALSE	43.3650944122483	0	NA	NA
1	sims_spanishjapanese_5050_lambda_50_19	1	29.3276139494768	25.281018131501	33.3742097674525	-818.483543012774	-14.1998190383695	2	FALSE	51.501195880371	0	NA	NA
1	sims_spanishjapanese_5050_lambda_50_1	1	29.3276139494768	25.281018131501	33.3742097674525	-818.483543012774	-25.0211940346739	2	FALSE	62.2622547587252	0	NA	NA
1	sims_spanishjapanese_5050_lambda_50_20	1	29.3276139494768	25.281018131501	33.3742097674525	-818.483543012774	-10.111523964694	2	FALSE	37.8101356484643	0	NA	NA
1	sims_spanishjapanese_5050_lambda_50_21	1	29.3276139494768	25.281018131501	33.3742097674525	-818.483543012774	-10.6834290929994	2	FALSE	36.0719444909827	0	NA	NA
1	sims_spanishjapanese_5050_lambda_50_22	1	29.3276139494768	25.281018131501	33.3742097674525	-818.483543012774	-14.2374817888974	2	FALSE	51.4179635980476	0	NA	NA
1	sims_spanishjapanese_5050_lambda_50_23	1	29.3276139494768	25.281018131501	33.3742097674525	-818.483543012774	-14.1285973980118	2	FALSE	49.7677334396521	0	NA	NA
1	sims_spanishjapanese_5050_lambda_50_24	1	29.3276139494768	25.281018131501	33.3742097674525	-818.483543012774	-16.6406332941085	2	FALSE	60.6225959582495	0	NA	NA
1	sims_spanishjapanese_5050_lambda_50_25	1	29.3276139494768	25.281018131501	33.3742097674525	-818.483543012774	-12.707002657162	2	FALSE	45.8014920901028	0	NA	NA
1	sims_spanishjapanese_5050_lambda_50_26	1	29.3276139494768	25.281018131501	33.3742097674525	-818.483543012774	-16.0788289734174	2	FALSE	56.3589064574899	0	NA	NA
1	sims_spanishjapanese_5050_lambda_50_27	1	29.3276139494768	25.281018131501	33.3742097674525	-818.483543012774	-13.2818423640861	2	FALSE	48.6289098819241	0	NA	NA
1	sims_spanishjapanese_5050_lambda_50_28	1	29.3276139494768	25.281018131501	33.3742097674525	-818.483543012774	-13.1937910065224	2	FALSE	47.7435586561376	0	NA	NA
1	sims_spanishjapanese_5050_lambda_50_29	1	29.3276139494768	25.281018131501	33.3742097674525	-818.483543012774	-11.2291349606563	2	FALSE	41.5244222263623	0	NA	NA
1	sims_spanishjapanese_5050_lambda_50_2	1	29.3276139494768	25.281018131501	33.3742097674525	-818.483543012774	-19.8140106726378	2	FALSE	65.1382475969622	0	NA	NA
1	sims_spanishjapanese_5050_lambda_50_30	1	29.3276139494768	25.281018131501	33.3742097674525	-818.483543012774	-15.4255956633547	2	FALSE	50.589416259785	0	NA	NA
1	sims_spanishjapanese_5050_lambda_50_3	1	29.3276139494768	25.281018131501	33.3742097674525	-818.483543012774	-20.0553707160768	2	FALSE	79.765625	0	NA	NA
1	sims_spanishjapanese_5050_lambda_50_4	1	29.3276139494768	25.281018131501	33.3742097674525	-818.483543012774	-20.4077024478029	2	FALSE	74.9660065903935	0	NA	NA
1	sims_spanishjapanese_5050_lambda_50_5	1	29.3276139494768	25.281018131501	33.3742097674525	-818.483543012774	-19.2255057544889	2	FALSE	72.7656539490786	0	NA	NA
1	sims_spanishjapanese_5050_lambda_50_6	1	29.3276139494768	25.281018131501	33.3742097674525	-818.483543012774	-14.0727942801361	2	FALSE	51.4179635980476	0	NA	NA
1	sims_spanishjapanese_5050_lambda_50_7	1	29.3276139494768	25.281018131501	33.3742097674525	-818.483543012774	-18.5908409414985	2	FALSE	49.0747002699187	0	NA	NA
1	sims_spanishjapanese_5050_lambda_50_8	1	29.3276139494768	25.281018131501	33.3742097674525	-818.483543012774	-12.0272942386854	2	FALSE	42.4808838318899	0	NA	NA
1	sims_spanishjapanese_5050_lambda_50_9	1	29.3276139494768	25.281018131501	33.3742097674525	-818.483543012774	-9.53976798450794	2	FALSE	32.1796446876225	0	NA	NA
2	sims_spanishjapanese_5050_lambda_20_10	1	23.4061686740682	18.8585833688702	27.9537539792663	-622.574449395678	-8.30817879184698	2	TRUE	28.9093826955496	0	0	0
2	sims_spanishjapanese_5050_lambda_20_11	1	23.4061686740682	18.8585833688702	27.9537539792663	-622.574449395678	-10.017533750421	2	TRUE	14.7612169511872	0	0	0
2	sims_spanishjapanese_5050_lambda_20_12	1	23.4061686740682	18.8585833688702	27.9537539792663	-622.574449395678	-8.8033130193469	2	TRUE	27.0162381956288	0	0	0
2	sims_spanishjapanese_5050_lambda_20_13	1	23.4061686740682	18.8585833688702	27.9537539792663	-622.574449395678	-8.07877723897219	2	TRUE	25.1247970099384	0	0	0
2	sims_spanishjapanese_5050_lambda_20_14	1	23.4061686740682	18.8585833688702	27.9537539792663	-622.574449395678	-10.0662671331114	2	TRUE	26.4368797451572	0	0	0
2	sims_spanishjapanese_5050_lambda_20_15	1	23.4061686740682	18.8585833688702	27.9537539792663	-622.574449395678	-7.82447118392059	2	TRUE	27.1059492952654	0	0	0
2	sims_spanishjapanese_5050_lambda_20_16	1	23.4061686740682	18.8585833688702	27.9537539792663	-622.574449395678	-8.39254776390342	2	TRUE	27.2858347188053	0	0	0
2	sims_spanishjapanese_5050_lambda_20_17	1	23.4061686740682	18.8585833688702	27.9537539792663	-622.574449395678	-7.36290901422907	2	TRUE	22.1519736740382	0	0	0
2	sims_spanishjapanese_5050_lambda_20_18	1	23.4061686740682	18.8585833688702	27.9537539792663	-622.574449395678	-7.97340541834008	2	TRUE	27.150862748117	0	0	0
2	sims_spanishjapanese_5050_lambda_20_19	1	23.4061686740682	18.8585833688702	27.9537539792663	-622.574449395678	-8.72743177315243	2	TRUE	29.9163116198756	0	0	0
2	sims_spanishjapanese_5050_lambda_20_1	1	23.4061686740682	18.8585833688702	27.9537539792663	-622.574449395678	-7.90354459836948	2	TRUE	23.9145476989066	0	0	0
2	sims_spanishjapanese_5050_lambda_20_20	1	23.4061686740682	18.8585833688702	27.9537539792663	-622.574449395678	-8.03372355009433	2	TRUE	24.1358666408628	0	0	0
2	sims_spanishjapanese_5050_lambda_20_21	1	23.4061686740682	18.8585833688702	27.9537539792663	-622.574449395678	-7.41681801968198	2	TRUE	23.2569728816629	0	0	0
2	sims_spanishjapanese_5050_lambda_20_22	1	23.4061686740682	18.8585833688702	27.9537539792663	-622.574449395678	-9.01486452512183	2	TRUE	16.4994351472219	0	0	0
2	sims_spanishjapanese_5050_lambda_20_23	1	23.4061686740682	18.8585833688702	27.9537539792663	-622.574449395678	-9.01105973941085	2	TRUE	24.4817838248278	0	0	0
2	sims_spanishjapanese_5050_lambda_20_24	1	23.4061686740682	18.8585833688702	27.9537539792663	-622.574449395678	-11.9735140829121	2	TRUE	28.2403662232219	0	0	0
2	sims_spanishjapanese_5050_lambda_20_25	1	23.4061686740682	18.8585833688702	27.9537539792663	-622.574449395678	-13.2705928471207	2	TRUE	8.8765625	0	0	0
2	sims_spanishjapanese_5050_lambda_20_26	1	23.4061686740682	18.8585833688702	27.9537539792663	-622.574449395678	-7.69721588348582	2	TRUE	26.6144490473639	0	0	0
2	sims_spanishjapanese_5050_lambda_20_27	1	23.4061686740682	18.8585833688702	27.9537539792663	-622.574449395678	-8.53072430085631	2	TRUE	29.3989094150652	0	0	0
2	sims_spanishjapanese_5050_lambda_20_28	1	23.4061686740682	18.8585833688702	27.9537539792663	-622.574449395678	-10.3404097593129	2	TRUE	13.237890625	0	0	0
2	sims_spanishjapanese_5050_lambda_20_29	1	23.4061686740682	18.8585833688702	27.9537539792663	-622.574449395678	-8.03078438779011	2	TRUE	20.2569946777154	0	0	0
2	sims_spanishjapanese_5050_lambda_20_2	1	23.4061686740682	18.8585833688702	27.9537539792663	-622.574449395678	-8.82285738409927	2	TRUE	16.5253864782119	0	0	0
2	sims_spanishjapanese_5050_lambda_20_30	1	23.4061686740682	18.8585833688702	27.9537539792663	-622.574449395678	-10.7782312181909	2	TRUE	18.2861696333132	0	0	0
2	sims_spanishjapanese_5050_lambda_20_3	1	23.4061686740682	18.8585833688702	27.9537539792663	-622.574449395678	-7.85611634041466	2	TRUE	19.3710785382769	0	0	0
2	sims_spanishjapanese_5050_lambda_20_4	1	23.4061686740682	18.8585833688702	27.9537539792663	-622.574449395678	-9.62522290729589	2	TRUE	25.9956586311957	0	0	0
2	sims_spanishjapanese_5050_lambda_20_5	1	23.4061686740682	18.8585833688702	27.9537539792663	-622.574449395678	-7.85361638696396	2	TRUE	26.9266815040811	0	0	0
2	sims_spanishjapanese_5050_lambda_20_6	1	23.4061686740682	18.8585833688702	27.9537539792663	-622.574449395678	-8.01134033306684	2	TRUE	21.8500221775337	0	0	0
2	sims_spanishjapanese_5050_lambda_20_7	1	23.4061686740682	18.8585833688702	27.9537539792663	-622.574449395678	-10.3874797611359	2	TRUE	13.3418212890625	0	0	0
2	sims_spanishjapanese_5050_lambda_20_8	1	23.4061686740682	18.8585833688702	27.9537539792663	-622.574449395678	-12.7465912684755	2	TRUE	30.4860774678259	0	0	0
2	sims_spanishjapanese_5050_lambda_20_9	1	23.4061686740682	18.8585833688702	27.9537539792663	-622.574449395678	-11.3919993669827	2	TRUE	13.58603515625	0	0	0
2	sims_spanishjapanese_5050_lambda_50_10	2	51.8479186250101	42.9793378619838	60.7164993880364	-622.574449395678	-17.2382919601278	2	TRUE	90.953369140625	0	0	0
2	sims_spanishjapanese_5050_lambda_50_11	2	51.8479186250101	42.9793378619838	60.7164993880364	-622.574449395678	-9.70528797442673	2	TRUE	51.4179635980476	0	0	0
2	sims_spanishjapanese_5050_lambda_50_12	2	51.8479186250101	42.9793378619838	60.7164993880364	-622.574449395678	-11.9287068221348	2	TRUE	37.0675871490624	0	0	0
2	sims_spanishjapanese_5050_lambda_50_13	2	51.8479186250101	42.9793378619838	60.7164993880364	-622.574449395678	-11.4853704948678	2	TRUE	65.6082954758978	0	0	0
2	sims_spanishjapanese_5050_lambda_50_14	2	51.8479186250101	42.9793378619838	60.7164993880364	-622.574449395678	-13.300224818676	2	TRUE	72.1713239694036	0	0	0
2	sims_spanishjapanese_5050_lambda_50_15	2	51.8479186250101	42.9793378619838	60.7164993880364	-622.574449395678	-11.4936340968173	2	TRUE	38.7219733163069	0	0	0
2	sims_spanishjapanese_5050_lambda_50_16	2	51.8479186250101	42.9793378619838	60.7164993880364	-622.574449395678	-11.2795010315537	2	TRUE	62.998131102236	0	0	0
2	sims_spanishjapanese_5050_lambda_50_17	2	51.8479186250101	42.9793378619838	60.7164993880364	-622.574449395678	-9.83055843298935	2	TRUE	47.1844779770589	0	0	0
2	sims_spanishjapanese_5050_lambda_50_18	2	51.8479186250101	42.9793378619838	60.7164993880364	-622.574449395678	-13.9666559348365	2	TRUE	43.3650944122483	0	0	0
2	sims_spanishjapanese_5050_lambda_50_19	2	51.8479186250101	42.9793378619838	60.7164993880364	-622.574449395678	-9.81347650958543	2	TRUE	51.501195880371	0	0	0
2	sims_spanishjapanese_5050_lambda_50_1	2	51.8479186250101	42.9793378619838	60.7164993880364	-622.574449395678	-11.2467518495866	2	TRUE	62.2622547587252	0	0	0
2	sims_spanishjapanese_5050_lambda_50_20	2	51.8479186250101	42.9793378619838	60.7164993880364	-622.574449395678	-12.0721945145468	2	TRUE	37.8101356484643	0	0	0
2	sims_spanishjapanese_5050_lambda_50_21	2	51.8479186250101	42.9793378619838	60.7164993880364	-622.574449395678	-11.7603658585198	2	TRUE	36.0719444909827	0	0	0
2	sims_spanishjapanese_5050_lambda_50_22	2	51.8479186250101	42.9793378619838	60.7164993880364	-622.574449395678	-11.0259093811497	2	TRUE	51.4179635980476	0	0	0
2	sims_spanishjapanese_5050_lambda_50_23	2	51.8479186250101	42.9793378619838	60.7164993880364	-622.574449395678	-11.4424342368965	2	TRUE	49.7677334396521	0	0	0
2	sims_spanishjapanese_5050_lambda_50_24	2	51.8479186250101	42.9793378619838	60.7164993880364	-622.574449395678	-11.1274075363527	2	TRUE	60.6225959582495	0	0	0
2	sims_spanishjapanese_5050_lambda_50_25	2	51.8479186250101	42.9793378619838	60.7164993880364	-622.574449395678	-9.99496723301756	2	TRUE	45.8014920901028	0	0	0
2	sims_spanishjapanese_5050_lambda_50_26	2	51.8479186250101	42.9793378619838	60.7164993880364	-622.574449395678	-9.96453363047162	2	TRUE	56.3589064574899	0	0	0
2	sims_spanishjapanese_5050_lambda_50_27	2	51.8479186250101	42.9793378619838	60.7164993880364	-622.574449395678	-9.82854503214185	2	TRUE	48.6289098819241	0	0	0
2	sims_spanishjapanese_5050_lambda_50_28	2	51.8479186250101	42.9793378619838	60.7164993880364	-622.574449395678	-10.4766905329311	2	TRUE	47.7435586561376	0	0	0
2	sims_spanishjapanese_5050_lambda_50_29	2	51.8479186250101	42.9793378619838	60.7164993880364	-622.574449395678	-11.4602839921386	2	TRUE	41.5244222263623	0	0	0
2	sims_spanishjapanese_5050_lambda_50_2	2	51.8479186250101	42.9793378619838	60.7164993880364	-622.574449395678	-11.2204223381247	2	TRUE	65.1382475969622	0	0	0
2	sims_spanishjapanese_5050_lambda_50_30	2	51.8479186250101	42.9793378619838	60.7164993880364	-622.574449395678	-9.60866676613466	2	TRUE	50.589416259785	0	0	0
2	sims_spanishjapanese_5050_lambda_50_3	2	51.8479186250101	42.9793378619838	60.7164993880364	-622.574449395678	-17.0378280140583	2	TRUE	79.765625	0	0	0
2	sims_spanishjapanese_5050_lambda_50_4	2	51.8479186250101	42.9793378619838	60.7164993880364	-622.574449395678	-13.6748503768544	2	TRUE	74.9660065903935	0	0	0
2	sims_spanishjapanese_5050_lambda_50_5	2	51.8479186250101	42.9793378619838	60.7164993880364	-622.574449395678	-13.6316436281647	2	TRUE	72.7656539490786	0	0	0
2	sims_spanishjapanese_5050_lambda_50_6	2	51.8479186250101	42.9793378619838	60.7164993880364	-622.574449395678	-10.0669275363392	2	TRUE	51.4179635980476	0	0	0
2	sims_spanishjapanese_5050_lambda_50_7	2	51.8479186250101	42.9793378619838	60.7164993880364	-622.574449395678	-11.6631103750664	2	TRUE	49.0747002699187	0	0	0
2	sims_spanishjapanese_5050_lambda_50_8	2	51.8479186250101	42.9793378619838	60.7164993880364	-622.574449395678	-10.7284844547985	2	TRUE	42.4808838318899	0	0	0
2	sims_spanishjapanese_5050_lambda_50_9	1	23.4061686740682	18.8585833688702	27.9537539792663	-622.574449395678	-10.249182284343	2	TRUE	32.1796446876225	0	0	0
3	sims_spanishjapanese_5050_lambda_20_10	1	23.4061686740682	18.8585833688702	27.9537539792663	-599.742376062039	-8.30817879184698	2	FALSE	28.9093826955496	0	0	0
3	sims_spanishjapanese_5050_lambda_20_11	1	23.4061686740682	18.8585833688702	27.9537539792663	-599.742376062039	-10.017533750421	2	FALSE	14.7612169511872	0	0	0
3	sims_spanishjapanese_5050_lambda_20_12	1	23.4061686740682	18.8585833688702	27.9537539792663	-599.742376062039	-8.8033130193469	2	FALSE	27.0162381956288	0	0	0
3	sims_spanishjapanese_5050_lambda_20_13	1	23.4061686740682	18.8585833688702	27.9537539792663	-599.742376062039	-8.07877723897219	2	FALSE	25.1247970099384	0	0	0
3	sims_spanishjapanese_5050_lambda_20_14	1	23.4061686740682	18.8585833688702	27.9537539792663	-599.742376062039	-10.0662671331114	2	FALSE	26.4368797451572	0	0	0
3	sims_spanishjapanese_5050_lambda_20_15	1	23.4061686740682	18.8585833688702	27.9537539792663	-599.742376062039	-7.82447118392059	2	FALSE	27.1059492952654	0	0	0
3	sims_spanishjapanese_5050_lambda_20_16	1	23.4061686740682	18.8585833688702	27.9537539792663	-599.742376062039	-8.39254776390342	2	FALSE	27.2858347188053	0	0	0
3	sims_spanishjapanese_5050_lambda_20_17	1	23.4061686740682	18.8585833688702	27.9537539792663	-599.742376062039	-7.36290901422907	2	FALSE	22.1519736740382	0	0	0
3	sims_spanishjapanese_5050_lambda_20_18	1	23.4061686740682	18.8585833688702	27.9537539792663	-599.742376062039	-7.97340541834008	2	FALSE	27.150862748117	0	0	0
3	sims_spanishjapanese_5050_lambda_20_19	1	23.4061686740682	18.8585833688702	27.9537539792663	-599.742376062039	-8.72743177315243	2	FALSE	29.9163116198756	0	0	0
3	sims_spanishjapanese_5050_lambda_20_1	1	23.4061686740682	18.8585833688702	27.9537539792663	-599.742376062039	-7.90354459836948	2	FALSE	23.9145476989066	0	0	0
3	sims_spanishjapanese_5050_lambda_20_20	1	23.4061686740682	18.8585833688702	27.9537539792663	-599.742376062039	-8.03372355009433	2	FALSE	24.1358666408628	0	0	0
3	sims_spanishjapanese_5050_lambda_20_21	1	23.4061686740682	18.8585833688702	27.9537539792663	-599.742376062039	-7.41681801968198	2	FALSE	23.2569728816629	0	0	0
3	sims_spanishjapanese_5050_lambda_20_22	1	23.4061686740682	18.8585833688702	27.9537539792663	-599.742376062039	-9.01486452512183	2	FALSE	16.4994351472219	0	0	0
3	sims_spanishjapanese_5050_lambda_20_23	1	23.4061686740682	18.8585833688702	27.9537539792663	-599.742376062039	-9.01105973941085	2	FALSE	24.4817838248278	0	0	0
3	sims_spanishjapanese_5050_lambda_20_24	1	23.4061686740682	18.8585833688702	27.9537539792663	-599.742376062039	-11.9735140829121	2	FALSE	28.2403662232219	0	0	0
3	sims_spanishjapanese_5050_lambda_20_25	1	23.4061686740682	18.8585833688702	27.9537539792663	-599.742376062039	-13.2705928471207	2	FALSE	8.8765625	0	0	0
3	sims_spanishjapanese_5050_lambda_20_26	1	23.4061686740682	18.8585833688702	27.9537539792663	-599.742376062039	-7.69721588348582	2	FALSE	26.6144490473639	0	0	0
3	sims_spanishjapanese_5050_lambda_20_27	1	23.4061686740682	18.8585833688702	27.9537539792663	-599.742376062039	-8.53072430085631	2	FALSE	29.3989094150652	0	0	0
3	sims_spanishjapanese_5050_lambda_20_28	1	23.4061686740682	18.8585833688702	27.9537539792663	-599.742376062039	-10.3404097593129	2	FALSE	13.237890625	0	0	0
3	sims_spanishjapanese_5050_lambda_20_29	1	23.4061686740682	18.8585833688702	27.9537539792663	-599.742376062039	-8.03078438779011	2	FALSE	20.2569946777154	0	0	0
3	sims_spanishjapanese_5050_lambda_20_2	1	23.4061686740682	18.8585833688702	27.9537539792663	-599.742376062039	-8.82285738409927	2	FALSE	16.5253864782119	0	0	0
3	sims_spanishjapanese_5050_lambda_20_30	1	23.4061686740682	18.8585833688702	27.9537539792663	-599.742376062039	-10.7782312181909	2	FALSE	18.2861696333132	0	0	0
3	sims_spanishjapanese_5050_lambda_20_3	1	23.4061686740682	18.8585833688702	27.9537539792663	-599.742376062039	-7.85611634041466	2	FALSE	19.3710785382769	0	0	0
3	sims_spanishjapanese_5050_lambda_20_4	1	23.4061686740682	18.8585833688702	27.9537539792663	-599.742376062039	-9.62522290729589	2	FALSE	25.9956586311957	0	0	0
3	sims_spanishjapanese_5050_lambda_20_5	1	23.4061686740682	18.8585833688702	27.9537539792663	-599.742376062039	-7.85361638696396	2	FALSE	26.9266815040811	0	0	0
3	sims_spanishjapanese_5050_lambda_20_6	1	23.4061686740682	18.8585833688702	27.9537539792663	-599.742376062039	-8.01134033306684	2	FALSE	21.8500221775337	0	0	0
3	sims_spanishjapanese_5050_lambda_20_7	1	23.4061686740682	18.8585833688702	27.9537539792663	-599.742376062039	-10.3874797611359	2	FALSE	13.3418212890625	0	0	0
3	sims_spanishjapanese_5050_lambda_20_8	1	23.4061686740682	18.8585833688702	27.9537539792663	-599.742376062039	-12.7465912684755	2	FALSE	30.4860774678259	0	0	0
3	sims_spanishjapanese_5050_lambda_20_9	1	23.4061686740682	18.8585833688702	27.9537539792663	-599.742376062039	-11.3919993669827	2	FALSE	13.58603515625	0	0	0
3	sims_spanishjapanese_5050_lambda_50_10	3	66.0616910458822	50.0544661202019	82.0689159715625	-599.742376062039	-13.6181591433656	2	FALSE	90.953369140625	0	0	0
3	sims_spanishjapanese_5050_lambda_50_11	2	45.5524984989391	34.8994543280964	56.2055426697818	-599.742376062039	-9.88253833890742	2	FALSE	51.4179635980476	0	0	0
3	sims_spanishjapanese_5050_lambda_50_12	2	45.5524984989391	34.8994543280964	56.2055426697818	-599.742376062039	-10.0605176255925	2	FALSE	37.0675871490624	0	0	0
3	sims_spanishjapanese_5050_lambda_50_13	3	66.0616910458822	50.0544661202019	82.0689159715625	-599.742376062039	-10.2604442166098	2	FALSE	65.6082954758978	0	0	0
3	sims_spanishjapanese_5050_lambda_50_14	3	66.0616910458822	50.0544661202019	82.0689159715625	-599.742376062039	-10.2087410201461	2	FALSE	72.1713239694036	0	0	0
3	sims_spanishjapanese_5050_lambda_50_15	2	45.5524984989391	34.8994543280964	56.2055426697818	-599.742376062039	-10.9307624043256	2	FALSE	38.7219733163069	0	0	0
3	sims_spanishjapanese_5050_lambda_50_16	3	66.0616910458822	50.0544661202019	82.0689159715625	-599.742376062039	-10.4825909850624	2	FALSE	62.998131102236	0	0	0
3	sims_spanishjapanese_5050_lambda_50_17	2	45.5524984989391	34.8994543280964	56.2055426697818	-599.742376062039	-9.52452955731895	2	FALSE	47.1844779770589	0	0	0
3	sims_spanishjapanese_5050_lambda_50_18	2	45.5524984989391	34.8994543280964	56.2055426697818	-599.742376062039	-14.6091113750509	2	FALSE	43.3650944122483	0	0	0
3	sims_spanishjapanese_5050_lambda_50_19	2	45.5524984989391	34.8994543280964	56.2055426697818	-599.742376062039	-10.0149064776481	2	FALSE	51.501195880371	0	0	0
3	sims_spanishjapanese_5050_lambda_50_1	3	66.0616910458822	50.0544661202019	82.0689159715625	-599.742376062039	-10.7541960913078	2	FALSE	62.2622547587252	0	0	0
3	sims_spanishjapanese_5050_lambda_50_20	2	45.5524984989391	34.8994543280964	56.2055426697818	-599.742376062039	-10.0131481380472	2	FALSE	37.8101356484643	0	0	0
3	sims_spanishjapanese_5050_lambda_50_21	2	45.5524984989391	34.8994543280964	56.2055426697818	-599.742376062039	-10.420264795292	2	FALSE	36.0719444909827	0	0	0
3	sims_spanishjapanese_5050_lambda_50_22	2	45.5524984989391	34.8994543280964	56.2055426697818	-599.742376062039	-11.4122193446749	2	FALSE	51.4179635980476	0	0	0
3	sims_spanishjapanese_5050_lambda_50_23	2	45.5524984989391	34.8994543280964	56.2055426697818	-599.742376062039	-11.8109668269221	2	FALSE	49.7677334396521	0	0	0
3	sims_spanishjapanese_5050_lambda_50_24	3	66.0616910458822	50.0544661202019	82.0689159715625	-599.742376062039	-10.6761368068236	2	FALSE	60.6225959582495	0	0	0
3	sims_spanishjapanese_5050_lambda_50_25	2	45.5524984989391	34.8994543280964	56.2055426697818	-599.742376062039	-9.23766095596665	2	FALSE	45.8014920901028	0	0	0
3	sims_spanishjapanese_5050_lambda_50_26	3	66.0616910458822	50.0544661202019	82.0689159715625	-599.742376062039	-10.6622505108706	2	FALSE	56.3589064574899	0	0	0
3	sims_spanishjapanese_5050_lambda_50_27	2	45.5524984989391	34.8994543280964	56.2055426697818	-599.742376062039	-9.72471611523635	2	FALSE	48.6289098819241	0	0	0
3	sims_spanishjapanese_5050_lambda_50_28	2	45.5524984989391	34.8994543280964	56.2055426697818	-599.742376062039	-10.4869001783865	2	FALSE	47.7435586561376	0	0	0
3	sims_spanishjapanese_5050_lambda_50_29	2	45.5524984989391	34.8994543280964	56.2055426697818	-599.742376062039	-9.68856077409815	2	FALSE	41.5244222263623	0	0	0
3	sims_spanishjapanese_5050_lambda_50_2	3	66.0616910458822	50.0544661202019	82.0689159715625	-599.742376062039	-9.99992664290148	2	FALSE	65.1382475969622	0	0	0
3	sims_spanishjapanese_5050_lambda_50_30	2	45.5524984989391	34.8994543280964	56.2055426697818	-599.742376062039	-9.64158463025614	2	FALSE	50.589416259785	0	0	0
3	sims_spanishjapanese_5050_lambda_50_3	3	66.0616910458822	50.0544661202019	82.0689159715625	-599.742376062039	-15.5632220379207	2	FALSE	79.765625	0	0	0
3	sims_spanishjapanese_5050_lambda_50_4	3	66.0616910458822	50.0544661202019	82.0689159715625	-599.742376062039	-11.6125199513579	2	FALSE	74.9660065903935	0	0	0
3	sims_spanishjapanese_5050_lambda_50_5	3	66.0616910458822	50.0544661202019	82.0689159715625	-599.742376062039	-11.9412939591488	2	FALSE	72.7656539490786	0	0	0
3	sims_spanishjapanese_5050_lambda_50_6	2	45.5524984989391	34.8994543280964	56.2055426697818	-599.742376062039	-10.2990137652911	2	FALSE	51.4179635980476	0	0	0
3	sims_spanishjapanese_5050_lambda_50_7	2	45.5524984989391	34.8994543280964	56.2055426697818	-599.742376062039	-11.4556904792115	2	FALSE	49.0747002699187	0	0	0
3	sims_spanishjapanese_5050_lambda_50_8	2	45.5524984989391	34.8994543280964	56.2055426697818	-599.742376062039	-10.2490788819298	2	FALSE	42.4808838318899	0	0	0
3	sims_spanishjapanese_5050_lambda_50_9	1	23.4061686740682	18.8585833688702	27.9537539792663	-599.742376062039	-10.249182284343	2	FALSE	32.1796446876225	0	0	0
4	sims_spanishjapanese_5050_lambda_20_10	2	25.8185657329618	20.6312633809702	31.0058680849535	-577.348999538187	-7.77428796033978	2	FALSE	28.9093826955496	0	0	0
4	sims_spanishjapanese_5050_lambda_20_11	1	15.3950782919949	5.94222357820827	24.8479330057815	-577.348999538187	-8.03568819290404	2	FALSE	14.7612169511872	0	0	0
4	sims_spanishjapanese_5050_lambda_20_12	2	25.8185657329618	20.6312633809702	31.0058680849535	-577.348999538187	-8.75243174594441	2	FALSE	27.0162381956288	0	0	0
4	sims_spanishjapanese_5050_lambda_20_13	2	25.8185657329618	20.6312633809702	31.0058680849535	-577.348999538187	-7.51180259844311	2	FALSE	25.1247970099384	0	0	0
4	sims_spanishjapanese_5050_lambda_20_14	2	25.8185657329618	20.6312633809702	31.0058680849535	-577.348999538187	-10.02908415229	2	FALSE	26.4368797451572	0	0	0
4	sims_spanishjapanese_5050_lambda_20_15	2	25.8185657329618	20.6312633809702	31.0058680849535	-577.348999538187	-7.57612677186015	2	FALSE	27.1059492952654	0	0	0
4	sims_spanishjapanese_5050_lambda_20_16	2	25.8185657329618	20.6312633809702	31.0058680849535	-577.348999538187	-8.28317223430567	2	FALSE	27.2858347188053	0	0	0
4	sims_spanishjapanese_5050_lambda_20_17	2	25.8185657329618	20.6312633809702	31.0058680849535	-577.348999538187	-7.76412837569148	2	FALSE	22.1519736740382	0	0	0
4	sims_spanishjapanese_5050_lambda_20_18	2	25.8185657329618	20.6312633809702	31.0058680849535	-577.348999538187	-7.79556444027016	2	FALSE	27.150862748117	0	0	0
4	sims_spanishjapanese_5050_lambda_20_19	2	25.8185657329618	20.6312633809702	31.0058680849535	-577.348999538187	-8.18991238118983	2	FALSE	29.9163116198756	0	0	0
4	sims_spanishjapanese_5050_lambda_20_1	2	25.8185657329618	20.6312633809702	31.0058680849535	-577.348999538187	-7.64841953331763	2	FALSE	23.9145476989066	0	0	0
4	sims_spanishjapanese_5050_lambda_20_20	2	25.8185657329618	20.6312633809702	31.0058680849535	-577.348999538187	-8.26468784720446	2	FALSE	24.1358666408628	0	0	0
4	sims_spanishjapanese_5050_lambda_20_21	2	25.8185657329618	20.6312633809702	31.0058680849535	-577.348999538187	-7.71893842937465	2	FALSE	23.2569728816629	0	0	0
4	sims_spanishjapanese_5050_lambda_20_22	1	15.3950782919949	5.94222357820827	24.8479330057815	-577.348999538187	-7.38259207451423	2	FALSE	16.4994351472219	0	0	0
4	sims_spanishjapanese_5050_lambda_20_23	2	25.8185657329618	20.6312633809702	31.0058680849535	-577.348999538187	-9.1769358193698	2	FALSE	24.4817838248278	0	0	0
4	sims_spanishjapanese_5050_lambda_20_24	2	25.8185657329618	20.6312633809702	31.0058680849535	-577.348999538187	-11.7066785789495	2	FALSE	28.2403662232219	0	0	0
4	sims_spanishjapanese_5050_lambda_20_25	1	15.3950782919949	5.94222357820827	24.8479330057815	-577.348999538187	-8.40118608056127	2	FALSE	8.8765625	0	0	0
4	sims_spanishjapanese_5050_lambda_20_26	2	25.8185657329618	20.6312633809702	31.0058680849535	-577.348999538187	-7.2856879718993	2	FALSE	26.6144490473639	0	0	0
4	sims_spanishjapanese_5050_lambda_20_27	2	25.8185657329618	20.6312633809702	31.0058680849535	-577.348999538187	-8.03769410605317	2	FALSE	29.3989094150652	0	0	0
4	sims_spanishjapanese_5050_lambda_20_28	1	15.3950782919949	5.94222357820827	24.8479330057815	-577.348999538187	-7.47339101863294	2	FALSE	13.237890625	0	0	0
4	sims_spanishjapanese_5050_lambda_20_29	1	15.3950782919949	5.94222357820827	24.8479330057815	-577.348999538187	-7.8827672127879	2	FALSE	20.2569946777154	0	0	0
4	sims_spanishjapanese_5050_lambda_20_2	1	15.3950782919949	5.94222357820827	24.8479330057815	-577.348999538187	-7.37913279703295	2	FALSE	16.5253864782119	0	0	0
4	sims_spanishjapanese_5050_lambda_20_30	2	25.8185657329618	20.6312633809702	31.0058680849535	-577.348999538187	-11.8124096377992	2	FALSE	18.2861696333132	0	0	0
4	sims_spanishjapanese_5050_lambda_20_3	1	15.3950782919949	5.94222357820827	24.8479330057815	-577.348999538187	-8.10454537921102	2	FALSE	19.3710785382769	0	0	0
4	sims_spanishjapanese_5050_lambda_20_4	2	25.8185657329618	20.6312633809702	31.0058680849535	-577.348999538187	-9.64240012403094	2	FALSE	25.9956586311957	0	0	0
4	sims_spanishjapanese_5050_lambda_20_5	2	25.8185657329618	20.6312633809702	31.0058680849535	-577.348999538187	-7.67325798321844	2	FALSE	26.9266815040811	0	0	0
4	sims_spanishjapanese_5050_lambda_20_6	2	25.8185657329618	20.6312633809702	31.0058680849535	-577.348999538187	-8.25594999071942	2	FALSE	21.8500221775337	0	0	0
4	sims_spanishjapanese_5050_lambda_20_7	1	15.3950782919949	5.94222357820827	24.8479330057815	-577.348999538187	-7.7557463382903	2	FALSE	13.3418212890625	0	0	0
4	sims_spanishjapanese_5050_lambda_20_8	2	25.8185657329618	20.6312633809702	31.0058680849535	-577.348999538187	-9.84939166042823	2	FALSE	30.4860774678259	0	0	0
4	sims_spanishjapanese_5050_lambda_20_9	1	15.3950782919949	5.94222357820827	24.8479330057815	-577.348999538187	-10.1487876912937	2	FALSE	13.58603515625	0	0	0
4	sims_spanishjapanese_5050_lambda_50_10	4	66.0616910458822	50.0544661202019	82.0689159715625	-577.348999538187	-13.6181591433656	2	FALSE	90.953369140625	0	0	0
4	sims_spanishjapanese_5050_lambda_50_11	3	45.5524984989391	34.8994543280964	56.2055426697818	-577.348999538187	-9.88253833890742	2	FALSE	51.4179635980476	0	0	0
4	sims_spanishjapanese_5050_lambda_50_12	3	45.5524984989391	34.8994543280964	56.2055426697818	-577.348999538187	-10.0605176255925	2	FALSE	37.0675871490624	0	0	0
4	sims_spanishjapanese_5050_lambda_50_13	4	66.0616910458822	50.0544661202019	82.0689159715625	-577.348999538187	-10.2604442166098	2	FALSE	65.6082954758978	0	0	0
4	sims_spanishjapanese_5050_lambda_50_14	4	66.0616910458822	50.0544661202019	82.0689159715625	-577.348999538187	-10.2087410201461	2	FALSE	72.1713239694036	0	0	0
4	sims_spanishjapanese_5050_lambda_50_15	3	45.5524984989391	34.8994543280964	56.2055426697818	-577.348999538187	-10.9307624043256	2	FALSE	38.7219733163069	0	0	0
4	sims_spanishjapanese_5050_lambda_50_16	4	66.0616910458822	50.0544661202019	82.0689159715625	-577.348999538187	-10.4825909850624	2	FALSE	62.998131102236	0	0	0
4	sims_spanishjapanese_5050_lambda_50_17	3	45.5524984989391	34.8994543280964	56.2055426697818	-577.348999538187	-9.52452955731895	2	FALSE	47.1844779770589	0	0	0
4	sims_spanishjapanese_5050_lambda_50_18	3	45.5524984989391	34.8994543280964	56.2055426697818	-577.348999538187	-14.6091113750509	2	FALSE	43.3650944122483	0	0	0
4	sims_spanishjapanese_5050_lambda_50_19	3	45.5524984989391	34.8994543280964	56.2055426697818	-577.348999538187	-10.0149064776481	2	FALSE	51.501195880371	0	0	0
4	sims_spanishjapanese_5050_lambda_50_1	4	66.0616910458822	50.0544661202019	82.0689159715625	-577.348999538187	-10.7541960913078	2	FALSE	62.2622547587252	0	0	0
4	sims_spanishjapanese_5050_lambda_50_20	3	45.5524984989391	34.8994543280964	56.2055426697818	-577.348999538187	-10.0131481380472	2	FALSE	37.8101356484643	0	0	0
4	sims_spanishjapanese_5050_lambda_50_21	3	45.5524984989391	34.8994543280964	56.2055426697818	-577.348999538187	-10.420264795292	2	FALSE	36.0719444909827	0	0	0
4	sims_spanishjapanese_5050_lambda_50_22	3	45.5524984989391	34.8994543280964	56.2055426697818	-577.348999538187	-11.4122193446749	2	FALSE	51.4179635980476	0	0	0
4	sims_spanishjapanese_5050_lambda_50_23	3	45.5524984989391	34.8994543280964	56.2055426697818	-577.348999538187	-11.8109668269221	2	FALSE	49.7677334396521	0	0	0
4	sims_spanishjapanese_5050_lambda_50_24	4	66.0616910458822	50.0544661202019	82.0689159715625	-577.348999538187	-10.6761368068236	2	FALSE	60.6225959582495	0	0	0
4	sims_spanishjapanese_5050_lambda_50_25	3	45.5524984989391	34.8994543280964	56.2055426697818	-577.348999538187	-9.23766095596665	2	FALSE	45.8014920901028	0	0	0
4	sims_spanishjapanese_5050_lambda_50_26	4	66.0616910458822	50.0544661202019	82.0689159715625	-577.348999538187	-10.6622505108706	2	FALSE	56.3589064574899	0	0	0
4	sims_spanishjapanese_5050_lambda_50_27	3	45.5524984989391	34.8994543280964	56.2055426697818	-577.348999538187	-9.72471611523635	2	FALSE	48.6289098819241	0	0	0
4	sims_spanishjapanese_5050_lambda_50_28	3	45.5524984989391	34.8994543280964	56.2055426697818	-577.348999538187	-10.4869001783865	2	FALSE	47.7435586561376	0	0	0
4	sims_spanishjapanese_5050_lambda_50_29	3	45.5524984989391	34.8994543280964	56.2055426697818	-577.348999538187	-9.68856077409815	2	FALSE	41.5244222263623	0	0	0
4	sims_spanishjapanese_5050_lambda_50_2	4	66.0616910458822	50.0544661202019	82.0689159715625	-577.348999538187	-9.99992664290148	2	FALSE	65.1382475969622	0	0	0
4	sims_spanishjapanese_5050_lambda_50_30	3	45.5524984989391	34.8994543280964	56.2055426697818	-577.348999538187	-9.64158463025614	2	FALSE	50.589416259785	0	0	0
4	sims_spanishjapanese_5050_lambda_50_3	4	66.0616910458822	50.0544661202019	82.0689159715625	-577.348999538187	-15.5632220379207	2	FALSE	79.765625	0	0	0
4	sims_spanishjapanese_5050_lambda_50_4	4	66.0616910458822	50.0544661202019	82.0689159715625	-577.348999538187	-11.6125199513579	2	FALSE	74.9660065903935	0	0	0
4	sims_spanishjapanese_5050_lambda_50_5	4	66.0616910458822	50.0544661202019	82.0689159715625	-577.348999538187	-11.9412939591488	2	FALSE	72.7656539490786	0	0	0
4	sims_spanishjapanese_5050_lambda_50_6	3	45.5524984989391	34.8994543280964	56.2055426697818	-577.348999538187	-10.2990137652911	2	FALSE	51.4179635980476	0	0	0
4	sims_spanishjapanese_5050_lambda_50_7	3	45.5524984989391	34.8994543280964	56.2055426697818	-577.348999538187	-11.4556904792115	2	FALSE	49.0747002699187	0	0	0
4	sims_spanishjapanese_5050_lambda_50_8	3	45.5524984989391	34.8994543280964	56.2055426697818	-577.348999538187	-10.2490788819298	2	FALSE	42.4808838318899	0	0	0
4	sims_spanishjapanese_5050_lambda_50_9	2	25.8185657329618	20.6312633809702	31.0058680849535	-577.348999538187	-8.7945483805886	2	FALSE	32.1796446876225	0	0	0
