# CLUSTERING STRENGTH + LIKELIHOOD K SELECTION RESULTS (GLOBETROTTER)
# Recommended K: 1
# Method: GLOBETROTTER
# Clustering strength threshold: 0.77
# Likelihood thresholds: k1 to k2(k=2):0.65 k1 to k2(k=3):1.21 k2 to k3:0.34 k3 to k4:0.18
#
model_k	pop	cluster	joint_date_est_best	joint_date_lowerci	joint_date_upperci	likelihood_mean	likelihood_per_ind	recommended_k	is_recommended	ind_date_est	sample_age_est_best	sample_age_lowerci_mean	sample_age_upperci_mean
1	sims_spanishjapanese_5050_lambda_75_10	1	55.1112004618916	47.9033094191887	62.3190915045945	-845.407965043476	-12.3375807172244	1	TRUE	74.463009024435	0	NA	NA
1	sims_spanishjapanese_5050_lambda_75_11	1	55.1112004618916	47.9033094191887	62.3190915045945	-845.407965043476	-13.3519588693347	1	TRUE	45.4492650842169	0	NA	NA
1	sims_spanishjapanese_5050_lambda_75_12	1	55.1112004618916	47.9033094191887	62.3190915045945	-845.407965043476	-15.4259057574353	1	TRUE	92.44140625	0	NA	NA
1	sims_spanishjapanese_5050_lambda_75_13	1	55.1112004618916	47.9033094191887	62.3190915045945	-845.407965043476	-10.5901688744114	1	TRUE	60.8036819465127	0	NA	NA
1	sims_spanishjapanese_5050_lambda_75_14	1	55.1112004618916	47.9033094191887	62.3190915045945	-845.407965043476	-14.5639492646815	1	TRUE	57.9392558213244	0	NA	NA
1	sims_spanishjapanese_5050_lambda_75_15	1	55.1112004618916	47.9033094191887	62.3190915045945	-845.407965043476	-13.8252242758032	1	TRUE	79.3501586914062	0	NA	NA
1	sims_spanishjapanese_5050_lambda_75_16	1	55.1112004618916	47.9033094191887	62.3190915045945	-845.407965043476	-14.5511143148703	1	TRUE	47.3438720880321	0	NA	NA
1	sims_spanishjapanese_5050_lambda_75_17	1	55.1112004618916	47.9033094191887	62.3190915045945	-845.407965043476	-16.4724460977494	1	TRUE	96.6728515625	0	NA	NA
1	sims_spanishjapanese_5050_lambda_75_18	1	55.1112004618916	47.9033094191887	62.3190915045945	-845.407965043476	-12.0207155028992	1	TRUE	52.7579175369777	0	NA	NA
1	sims_spanishjapanese_5050_lambda_75_19	1	55.1112004618916	47.9033094191887	62.3190915045945	-845.407965043476	-13.0089821245831	1	TRUE	78.5225219726562	0	NA	NA
1	sims_spanishjapanese_5050_lambda_75_1	1	55.1112004618916	47.9033094191887	62.3190915045945	-845.407965043476	-16.8810955385095	1	TRUE	67.12398107895	0	NA	NA
1	sims_spanishjapanese_5050_lambda_75_20	1	55.1112004618916	47.9033094191887	62.3190915045945	-845.407965043476	-10.8920748808513	1	TRUE	47.9841943391766	0	NA	NA
1	sims_spanishjapanese_5050_lambda_75_21	1	55.1112004618916	47.9033094191887	62.3190915045945	-845.407965043476	-17.7423381610503	1	TRUE	104.78515625	0	NA	NA
1	sims_spanishjapanese_5050_lambda_75_22	1	55.1112004618916	47.9033094191887	62.3190915045945	-845.407965043476	-13.8891749176454	1	TRUE	83.12890625	0	NA	NA
1	sims_spanishjapanese_5050_lambda_75_23	1	55.1112004618916	47.9033094191887	62.3190915045945	-845.407965043476	-12.4079765509886	1	TRUE	69.430459170551	0	NA	NA
1	sims_spanishjapanese_5050_lambda_75_24	1	55.1112004618916	47.9033094191887	62.3190915045945	-845.407965043476	-11.0378115134758	1	TRUE	58.1162230987097	0	NA	NA
1	sims_spanishjapanese_5050_lambda_75_25	1	55.1112004618916	47.9033094191887	62.3190915045945	-845.407965043476	-15.2493768355772	1	TRUE	84.265625	0	NA	NA
1	sims_spanishjapanese_5050_lambda_75_26	1	55.1112004618916	47.9033094191887	62.3190915045945	-845.407965043476	-12.792681462414	1	TRUE	77.1528930664062	0	NA	NA
1	sims_spanishjapanese_5050_lambda_75_27	1	55.1112004618916	47.9033094191887	62.3190915045945	-845.407965043476	-13.2483238743421	1	TRUE	79.765625	0	NA	NA
1	sims_spanishjapanese_5050_lambda_75_28	1	55.1112004618916	47.9033094191887	62.3190915045945	-845.407965043476	-12.3785910072322	1	TRUE	61.6219668301714	0	NA	NA
1	sims_spanishjapanese_5050_lambda_75_29	1	55.1112004618916	47.9033094191887	62.3190915045945	-845.407965043476	-21.2915038757913	1	TRUE	113.558837890625	0	NA	NA
1	sims_spanishjapanese_5050_lambda_75_2	1	55.1112004618916	47.9033094191887	62.3190915045945	-845.407965043476	-11.8933851855062	1	TRUE	41.6923989260476	0	NA	NA
1	sims_spanishjapanese_5050_lambda_75_30	1	55.1112004618916	47.9033094191887	62.3190915045945	-845.407965043476	-20.0312228161122	1	TRUE	124.765625	0	NA	NA
1	sims_spanishjapanese_5050_lambda_75_3	1	55.1112004618916	47.9033094191887	62.3190915045945	-845.407965043476	-14.7880872478735	1	TRUE	88.3056640625	0	NA	NA
1	sims_spanishjapanese_5050_lambda_75_4	1	55.1112004618916	47.9033094191887	62.3190915045945	-845.407965043476	-16.8039796609156	1	TRUE	101	0	NA	NA
1	sims_spanishjapanese_5050_lambda_75_5	1	55.1112004618916	47.9033094191887	62.3190915045945	-845.407965043476	-13.1887363458538	1	TRUE	75.4707202858845	0	NA	NA
1	sims_spanishjapanese_5050_lambda_75_6	1	55.1112004618916	47.9033094191887	62.3190915045945	-845.407965043476	-13.1617245217817	1	TRUE	50.9200114529145	0	NA	NA
1	sims_spanishjapanese_5050_lambda_75_7	1	55.1112004618916	47.9033094191887	62.3190915045945	-845.407965043476	-12.2554343105275	1	TRUE	73.7616955297075	0	NA	NA
1	sims_spanishjapanese_5050_lambda_75_8	1	55.1112004618916	47.9033094191887	62.3190915045945	-845.407965043476	-17.3877086977083	1	TRUE	96.2149047851562	0	NA	NA
1	sims_spanishjapanese_5050_lambda_75_9	1	55.1112004618916	47.9033094191887	62.3190915045945	-845.407965043476	-19.5936997242493	1	TRUE	91.1016235351562	0	NA	NA
1	sims_spanishjapanese_5050_lambda_50_10	1	55.1112004618916	47.9033094191887	62.3190915045945	-845.407965043476	-15.5992104638038	1	TRUE	90.953369140625	0	NA	NA
1	sims_spanishjapanese_5050_lambda_50_11	1	55.1112004618916	47.9033094191887	62.3190915045945	-845.407965043476	-10.6987936355866	1	TRUE	51.4179635980476	0	NA	NA
1	sims_spanishjapanese_5050_lambda_50_12	1	55.1112004618916	47.9033094191887	62.3190915045945	-845.407965043476	-14.9532425940895	1	TRUE	37.0675871490624	0	NA	NA
1	sims_spanishjapanese_5050_lambda_50_13	1	55.1112004618916	47.9033094191887	62.3190915045945	-845.407965043476	-11.0355460167895	1	TRUE	65.6082954758978	0	NA	NA
1	sims_spanishjapanese_5050_lambda_50_14	1	55.1112004618916	47.9033094191887	62.3190915045945	-845.407965043476	-13.2514571527309	1	TRUE	72.1713239694036	0	NA	NA
1	sims_spanishjapanese_5050_lambda_50_15	1	55.1112004618916	47.9033094191887	62.3190915045945	-845.407965043476	-11.8927324817351	1	TRUE	38.7219733163069	0	NA	NA
1	sims_spanishjapanese_5050_lambda_50_16	1	55.1112004618916	47.9033094191887	62.3190915045945	-845.407965043476	-13.1540385978778	1	TRUE	62.998131102236	0	NA	NA
1	sims_spanishjapanese_5050_lambda_50_17	1	55.1112004618916	47.9033094191887	62.3190915045945	-845.407965043476	-11.2387072565414	1	TRUE	47.1844779770589	0	NA	NA
1	sims_spanishjapanese_5050_lambda_50_18	1	55.1112004618916	47.9033094191887	62.3190915045945	-845.407965043476	-12.8409972127097	1	TRUE	43.3650944122483	0	NA	NA
1	sims_spanishjapanese_5050_lambda_50_19	1	55.1112004618916	47.9033094191887	62.3190915045945	-845.407965043476	-10.5847116019004	1	TRUE	51.501195880371	0	NA	NA
1	sims_spanishjapanese_5050_lambda_50_1	1	55.1112004618916	47.9033094191887	62.3190915045945	-845.407965043476	-13.4737386464148	1	TRUE	62.2622547587252	0	NA	NA
1	sims_spanishjapanese_5050_lambda_50_20	1	55.1112004618916	47.9033094191887	62.3190915045945	-845.407965043476	-15.8430864246853	1	TRUE	37.8101356484643	0	NA	NA
1	sims_spanishjapanese_5050_lambda_50_21	1	55.1112004618916	47.9033094191887	62.3190915045945	-845.407965043476	-13.3703768405019	1	TRUE	36.0719444909827	0	NA	NA
1	sims_spanishjapanese_5050_lambda_50_22	1	55.1112004618916	47.9033094191887	62.3190915045945	-845.407965043476	-10.6667209503181	1	TRUE	51.4179635980476	0	NA	NA
1	sims_spanishjapanese_5050_lambda_50_23	1	55.1112004618916	47.9033094191887	62.3190915045945	-845.407965043476	-10.9268525792221	1	TRUE	49.7677334396521	0	NA	NA
1	sims_spanishjapanese_5050_lambda_50_24	1	55.1112004618916	47.9033094191887	62.3190915045945	-845.407965043476	-10.6387276080173	1	TRUE	60.6225959582495	0	NA	NA
1	sims_spanishjapanese_5050_lambda_50_25	1	55.1112004618916	47.9033094191887	62.3190915045945	-845.407965043476	-13.1134556181137	1	TRUE	45.8014920901028	0	NA	NA
1	sims_spanishjapanese_5050_lambda_50_26	1	55.1112004618916	47.9033094191887	62.3190915045945	-845.407965043476	-10.5006556819452	1	TRUE	56.3589064574899	0	NA	NA
1	sims_spanishjapanese_5050_lambda_50_27	1	55.1112004618916	47.9033094191887	62.3190915045945	-845.407965043476	-10.8837181977778	1	TRUE	48.6289098819241	0	NA	NA
1	sims_spanishjapanese_5050_lambda_50_28	1	55.1112004618916	47.9033094191887	62.3190915045945	-845.407965043476	-10.7070789824906	1	TRUE	47.7435586561376	0	NA	NA
1	sims_spanishjapanese_5050_lambda_50_29	1	55.1112004618916	47.9033094191887	62.3190915045945	-845.407965043476	-16.1808897068748	1	TRUE	41.5244222263623	0	NA	NA
1	sims_spanishjapanese_5050_lambda_50_2	1	55.1112004618916	47.9033094191887	62.3190915045945	-845.407965043476	-11.1351173900484	1	TRUE	65.1382475969622	0	NA	NA
1	sims_spanishjapanese_5050_lambda_50_30	1	55.1112004618916	47.9033094191887	62.3190915045945	-845.407965043476	-12.7245668186133	1	TRUE	50.589416259785	0	NA	NA
1	sims_spanishjapanese_5050_lambda_50_3	1	55.1112004618916	47.9033094191887	62.3190915045945	-845.407965043476	-15.2969400447733	1	TRUE	79.765625	0	NA	NA
1	sims_spanishjapanese_5050_lambda_50_4	1	55.1112004618916	47.9033094191887	62.3190915045945	-845.407965043476	-12.431293226262	1	TRUE	74.9660065903935	0	NA	NA
1	sims_spanishjapanese_5050_lambda_50_5	1	55.1112004618916	47.9033094191887	62.3190915045945	-845.407965043476	-12.3257822655983	1	TRUE	72.7656539490786	0	NA	NA
1	sims_spanishjapanese_5050_lambda_50_6	1	55.1112004618916	47.9033094191887	62.3190915045945	-845.407965043476	-10.4758724159426	1	TRUE	51.4179635980476	0	NA	NA
1	sims_spanishjapanese_5050_lambda_50_7	1	55.1112004618916	47.9033094191887	62.3190915045945	-845.407965043476	-19.1815281106458	1	TRUE	49.0747002699187	0	NA	NA
1	sims_spanishjapanese_5050_lambda_50_8	1	55.1112004618916	47.9033094191887	62.3190915045945	-845.407965043476	-11.4044290429662	1	TRUE	42.4808838318899	0	NA	NA
1	sims_spanishjapanese_5050_lambda_50_9	1	55.1112004618916	47.9033094191887	62.3190915045945	-845.407965043476	-45.8147245511016	1	TRUE	32.1796446876225	0	NA	NA
2	sims_spanishjapanese_5050_lambda_75_10	2	77.7527558471825	63.7455927538543	91.7599189405108	-729.125850704905	-11.2475682682302	1	FALSE	74.463009024435	0	0	0
2	sims_spanishjapanese_5050_lambda_75_11	2	77.7527558471825	63.7455927538543	91.7599189405108	-729.125850704905	-14.1523251606433	1	FALSE	45.4492650842169	0	0	0
2	sims_spanishjapanese_5050_lambda_75_12	2	77.7527558471825	63.7455927538543	91.7599189405108	-729.125850704905	-11.9306832607495	1	FALSE	92.44140625	0	0	0
2	sims_spanishjapanese_5050_lambda_75_13	1	46.9563477543756	38.5500432584495	55.3626522503017	-729.125850704905	-11.7612875958482	1	FALSE	60.8036819465127	0	0	0
2	sims_spanishjapanese_5050_lambda_75_14	2	77.7527558471825	63.7455927538543	91.7599189405108	-729.125850704905	-14.1788604008707	1	FALSE	57.9392558213244	0	0	0
2	sims_spanishjapanese_5050_lambda_75_15	2	77.7527558471825	63.7455927538543	91.7599189405108	-729.125850704905	-11.9038487858792	1	FALSE	79.3501586914062	0	0	0
2	sims_spanishjapanese_5050_lambda_75_16	1	46.9563477543756	38.5500432584495	55.3626522503017	-729.125850704905	-16.305415774902	1	FALSE	47.3438720880321	0	0	0
2	sims_spanishjapanese_5050_lambda_75_17	2	77.7527558471825	63.7455927538543	91.7599189405108	-729.125850704905	-13.8749424047109	1	FALSE	96.6728515625	0	0	0
2	sims_spanishjapanese_5050_lambda_75_18	2	77.7527558471825	63.7455927538543	91.7599189405108	-729.125850704905	-12.9405569965282	1	FALSE	52.7579175369777	0	0	0
2	sims_spanishjapanese_5050_lambda_75_19	2	77.7527558471825	63.7455927538543	91.7599189405108	-729.125850704905	-11.0000153047201	1	FALSE	78.5225219726562	0	0	0
2	sims_spanishjapanese_5050_lambda_75_1	2	77.7527558471825	63.7455927538543	91.7599189405108	-729.125850704905	-16.2327713271544	1	FALSE	67.12398107895	0	0	0
2	sims_spanishjapanese_5050_lambda_75_20	1	46.9563477543756	38.5500432584495	55.3626522503017	-729.125850704905	-9.88550722116037	1	FALSE	47.9841943391766	0	0	0
2	sims_spanishjapanese_5050_lambda_75_21	2	77.7527558471825	63.7455927538543	91.7599189405108	-729.125850704905	-13.2660221082643	1	FALSE	104.78515625	0	0	0
2	sims_spanishjapanese_5050_lambda_75_22	2	77.7527558471825	63.7455927538543	91.7599189405108	-729.125850704905	-11.3980530530175	1	FALSE	83.12890625	0	0	0
2	sims_spanishjapanese_5050_lambda_75_23	2	77.7527558471825	63.7455927538543	91.7599189405108	-729.125850704905	-11.5051022133861	1	FALSE	69.430459170551	0	0	0
2	sims_spanishjapanese_5050_lambda_75_24	2	77.7527558471825	63.7455927538543	91.7599189405108	-729.125850704905	-12.3793767438528	1	FALSE	58.1162230987097	0	0	0
2	sims_spanishjapanese_5050_lambda_75_25	2	77.7527558471825	63.7455927538543	91.7599189405108	-729.125850704905	-13.3270294587802	1	FALSE	84.265625	0	0	0
2	sims_spanishjapanese_5050_lambda_75_26	2	77.7527558471825	63.7455927538543	91.7599189405108	-729.125850704905	-11.0708177936992	1	FALSE	77.1528930664062	0	0	0
2	sims_spanishjapanese_5050_lambda_75_27	2	77.7527558471825	63.7455927538543	91.7599189405108	-729.125850704905	-11.0155161402166	1	FALSE	79.765625	0	0	0
2	sims_spanishjapanese_5050_lambda_75_28	2	77.7527558471825	63.7455927538543	91.7599189405108	-729.125850704905	-12.1894000815539	1	FALSE	61.6219668301714	0	0	0
2	sims_spanishjapanese_5050_lambda_75_29	2	77.7527558471825	63.7455927538543	91.7599189405108	-729.125850704905	-14.8004302038024	1	FALSE	113.558837890625	0	0	0
2	sims_spanishjapanese_5050_lambda_75_2	1	46.9563477543756	38.5500432584495	55.3626522503017	-729.125850704905	-12.6227079356641	1	FALSE	41.6923989260476	0	0	0
2	sims_spanishjapanese_5050_lambda_75_30	2	77.7527558471825	63.7455927538543	91.7599189405108	-729.125850704905	-17.0120046823542	1	FALSE	124.765625	0	0	0
2	sims_spanishjapanese_5050_lambda_75_3	2	77.7527558471825	63.7455927538543	91.7599189405108	-729.125850704905	-11.9634839541591	1	FALSE	88.3056640625	0	0	0
2	sims_spanishjapanese_5050_lambda_75_4	2	77.7527558471825	63.7455927538543	91.7599189405108	-729.125850704905	-13.127379138043	1	FALSE	101	0	0	0
2	sims_spanishjapanese_5050_lambda_75_5	2	77.7527558471825	63.7455927538543	91.7599189405108	-729.125850704905	-11.593922481529	1	FALSE	75.4707202858845	0	0	0
2	sims_spanishjapanese_5050_lambda_75_6	2	77.7527558471825	63.7455927538543	91.7599189405108	-729.125850704905	-13.5661071029618	1	FALSE	50.9200114529145	0	0	0
2	sims_spanishjapanese_5050_lambda_75_7	2	77.7527558471825	63.7455927538543	91.7599189405108	-729.125850704905	-11.0371629709453	1	FALSE	73.7616955297075	0	0	0
2	sims_spanishjapanese_5050_lambda_75_8	2	77.7527558471825	63.7455927538543	91.7599189405108	-729.125850704905	-12.2951355184584	1	FALSE	96.2149047851562	0	0	0
2	sims_spanishjapanese_5050_lambda_75_9	2	77.7527558471825	63.7455927538543	91.7599189405108	-729.125850704905	-13.9008779843016	1	FALSE	91.1016235351562	0	0	0
2	sims_spanishjapanese_5050_lambda_50_10	2	77.7527558471825	63.7455927538543	91.7599189405108	-729.125850704905	-11.597351583189	1	FALSE	90.953369140625	0	0	0
2	sims_spanishjapanese_5050_lambda_50_11	1	46.9563477543756	38.5500432584495	55.3626522503017	-729.125850704905	-9.91500712353946	1	FALSE	51.4179635980476	0	0	0
2	sims_spanishjapanese_5050_lambda_50_12	1	46.9563477543756	38.5500432584495	55.3626522503017	-729.125850704905	-10.4428942242121	1	FALSE	37.0675871490624	0	0	0
2	sims_spanishjapanese_5050_lambda_50_13	2	77.7527558471825	63.7455927538543	91.7599189405108	-729.125850704905	-12.6356450738005	1	FALSE	65.6082954758978	0	0	0
2	sims_spanishjapanese_5050_lambda_50_14	2	77.7527558471825	63.7455927538543	91.7599189405108	-729.125850704905	-14.477331618736	1	FALSE	72.1713239694036	0	0	0
2	sims_spanishjapanese_5050_lambda_50_15	1	46.9563477543756	38.5500432584495	55.3626522503017	-729.125850704905	-11.1370723245288	1	FALSE	38.7219733163069	0	0	0
2	sims_spanishjapanese_5050_lambda_50_16	1	46.9563477543756	38.5500432584495	55.3626522503017	-729.125850704905	-12.7968513217935	1	FALSE	62.998131102236	0	0	0
2	sims_spanishjapanese_5050_lambda_50_17	1	46.9563477543756	38.5500432584495	55.3626522503017	-729.125850704905	-9.65145308927735	1	FALSE	47.1844779770589	0	0	0
2	sims_spanishjapanese_5050_lambda_50_18	2	77.7527558471825	63.7455927538543	91.7599189405108	-729.125850704905	-14.2520106282341	1	FALSE	43.3650944122483	0	0	0
2	sims_spanishjapanese_5050_lambda_50_19	1	46.9563477543756	38.5500432584495	55.3626522503017	-729.125850704905	-10.0552920041883	1	FALSE	51.501195880371	0	0	0
2	sims_spanishjapanese_5050_lambda_50_1	1	46.9563477543756	38.5500432584495	55.3626522503017	-729.125850704905	-12.7189793866931	1	FALSE	62.2622547587252	0	0	0
2	sims_spanishjapanese_5050_lambda_50_20	1	46.9563477543756	38.5500432584495	55.3626522503017	-729.125850704905	-10.3402032941283	1	FALSE	37.8101356484643	0	0	0
2	sims_spanishjapanese_5050_lambda_50_21	1	46.9563477543756	38.5500432584495	55.3626522503017	-729.125850704905	-10.8022362833457	1	FALSE	36.0719444909827	0	0	0
2	sims_spanishjapanese_5050_lambda_50_22	1	46.9563477543756	38.5500432584495	55.3626522503017	-729.125850704905	-11.3718072350897	1	FALSE	51.4179635980476	0	0	0
2	sims_spanishjapanese_5050_lambda_50_23	1	46.9563477543756	38.5500432584495	55.3626522503017	-729.125850704905	-11.7361266788016	1	FALSE	49.7677334396521	0	0	0
2	sims_spanishjapanese_5050_lambda_50_24	1	46.9563477543756	38.5500432584495	55.3626522503017	-729.125850704905	-11.9181382715655	1	FALSE	60.6225959582495	0	0	0
2	sims_spanishjapanese_5050_lambda_50_25	1	46.9563477543756	38.5500432584495	55.3626522503017	-729.125850704905	-9.27077645656978	1	FALSE	45.8014920901028	0	0	0
2	sims_spanishjapanese_5050_lambda_50_26	1	46.9563477543756	38.5500432584495	55.3626522503017	-729.125850704905	-10.5773693406709	1	FALSE	56.3589064574899	0	0	0
2	sims_spanishjapanese_5050_lambda_50_27	1	46.9563477543756	38.5500432584495	55.3626522503017	-729.125850704905	-9.82573224813389	1	FALSE	48.6289098819241	0	0	0
2	sims_spanishjapanese_5050_lambda_50_28	1	46.9563477543756	38.5500432584495	55.3626522503017	-729.125850704905	-10.5742006588626	1	FALSE	47.7435586561376	0	0	0
2	sims_spanishjapanese_5050_lambda_50_29	1	46.9563477543756	38.5500432584495	55.3626522503017	-729.125850704905	-9.75525489328355	1	FALSE	41.5244222263623	0	0	0
2	sims_spanishjapanese_5050_lambda_50_2	1	46.9563477543756	38.5500432584495	55.3626522503017	-729.125850704905	-12.4454368662001	1	FALSE	65.1382475969622	0	0	0
2	sims_spanishjapanese_5050_lambda_50_30	1	46.9563477543756	38.5500432584495	55.3626522503017	-729.125850704905	-9.42921740225617	1	FALSE	50.589416259785	0	0	0
2	sims_spanishjapanese_5050_lambda_50_3	2	77.7527558471825	63.7455927538543	91.7599189405108	-729.125850704905	-13.7458562126105	1	FALSE	79.765625	0	0	0
2	sims_spanishjapanese_5050_lambda_50_4	2	77.7527558471825	63.7455927538543	91.7599189405108	-729.125850704905	-11.0065739365516	1	FALSE	74.9660065903935	0	0	0
2	sims_spanishjapanese_5050_lambda_50_5	2	77.7527558471825	63.7455927538543	91.7599189405108	-729.125850704905	-11.132247460259	1	FALSE	72.7656539490786	0	0	0
2	sims_spanishjapanese_5050_lambda_50_6	1	46.9563477543756	38.5500432584495	55.3626522503017	-729.125850704905	-10.3431101820289	1	FALSE	51.4179635980476	0	0	0
2	sims_spanishjapanese_5050_lambda_50_7	1	46.9563477543756	38.5500432584495	55.3626522503017	-729.125850704905	-10.3871669746979	1	FALSE	49.0747002699187	0	0	0
2	sims_spanishjapanese_5050_lambda_50_8	1	46.9563477543756	38.5500432584495	55.3626522503017	-729.125850704905	-10.4515325066628	1	FALSE	42.4808838318899	0	0	0
2	sims_spanishjapanese_5050_lambda_50_9	1	46.9563477543756	38.5500432584495	55.3626522503017	-729.125850704905	-20.8486633586078	1	FALSE	32.1796446876225	0	0	0
3	sims_spanishjapanese_5050_lambda_75_10	3	79.6774986533286	64.2534629656357	95.1015343410215	-702.386273559088	-11.7758681337351	1	FALSE	74.463009024435	0	0	0
3	sims_spanishjapanese_5050_lambda_75_11	3	79.6774986533286	64.2534629656357	95.1015343410215	-702.386273559088	-14.1862503833357	1	FALSE	45.4492650842169	0	0	0
3	sims_spanishjapanese_5050_lambda_75_12	3	79.6774986533286	64.2534629656357	95.1015343410215	-702.386273559088	-11.7259265061745	1	FALSE	92.44140625	0	0	0
3	sims_spanishjapanese_5050_lambda_75_13	2	55.256874785352	43.9476234459354	66.5661261247686	-702.386273559088	-10.1733734375848	1	FALSE	60.8036819465127	0	0	0
3	sims_spanishjapanese_5050_lambda_75_14	3	79.6774986533286	64.2534629656357	95.1015343410215	-702.386273559088	-14.0618266130729	1	FALSE	57.9392558213244	0	0	0
3	sims_spanishjapanese_5050_lambda_75_15	3	79.6774986533286	64.2534629656357	95.1015343410215	-702.386273559088	-11.7497116729685	1	FALSE	79.3501586914062	0	0	0
3	sims_spanishjapanese_5050_lambda_75_16	3	79.6774986533286	64.2534629656357	95.1015343410215	-702.386273559088	-14.6861520097991	1	FALSE	47.3438720880321	0	0	0
3	sims_spanishjapanese_5050_lambda_75_17	3	79.6774986533286	64.2534629656357	95.1015343410215	-702.386273559088	-13.5751903550347	1	FALSE	96.6728515625	0	0	0
3	sims_spanishjapanese_5050_lambda_75_18	3	79.6774986533286	64.2534629656357	95.1015343410215	-702.386273559088	-13.1088013703841	1	FALSE	52.7579175369777	0	0	0
3	sims_spanishjapanese_5050_lambda_75_19	3	79.6774986533286	64.2534629656357	95.1015343410215	-702.386273559088	-11.2565934118095	1	FALSE	78.5225219726562	0	0	0
3	sims_spanishjapanese_5050_lambda_75_1	3	79.6774986533286	64.2534629656357	95.1015343410215	-702.386273559088	-16.1091998180105	1	FALSE	67.12398107895	0	0	0
3	sims_spanishjapanese_5050_lambda_75_20	2	55.256874785352	43.9476234459354	66.5661261247686	-702.386273559088	-9.77834002150574	1	FALSE	47.9841943391766	0	0	0
3	sims_spanishjapanese_5050_lambda_75_21	3	79.6774986533286	64.2534629656357	95.1015343410215	-702.386273559088	-12.9246628022218	1	FALSE	104.78515625	0	0	0
3	sims_spanishjapanese_5050_lambda_75_22	3	79.6774986533286	64.2534629656357	95.1015343410215	-702.386273559088	-11.2980510866039	1	FALSE	83.12890625	0	0	0
3	sims_spanishjapanese_5050_lambda_75_23	3	79.6774986533286	64.2534629656357	95.1015343410215	-702.386273559088	-11.5390047848676	1	FALSE	69.430459170551	0	0	0
3	sims_spanishjapanese_5050_lambda_75_24	2	55.256874785352	43.9476234459354	66.5661261247686	-702.386273559088	-11.9997962838272	1	FALSE	58.1162230987097	0	0	0
3	sims_spanishjapanese_5050_lambda_75_25	3	79.6774986533286	64.2534629656357	95.1015343410215	-702.386273559088	-13.0882883623562	1	FALSE	84.265625	0	0	0
3	sims_spanishjapanese_5050_lambda_75_26	3	79.6774986533286	64.2534629656357	95.1015343410215	-702.386273559088	-11.443564908942	1	FALSE	77.1528930664062	0	0	0
3	sims_spanishjapanese_5050_lambda_75_27	3	79.6774986533286	64.2534629656357	95.1015343410215	-702.386273559088	-11.2563100413683	1	FALSE	79.765625	0	0	0
3	sims_spanishjapanese_5050_lambda_75_28	3	79.6774986533286	64.2534629656357	95.1015343410215	-702.386273559088	-12.2238208362544	1	FALSE	61.6219668301714	0	0	0
3	sims_spanishjapanese_5050_lambda_75_29	3	79.6774986533286	64.2534629656357	95.1015343410215	-702.386273559088	-14.4168621582999	1	FALSE	113.558837890625	0	0	0
3	sims_spanishjapanese_5050_lambda_75_2	2	55.256874785352	43.9476234459354	66.5661261247686	-702.386273559088	-13.3940324875034	1	FALSE	41.6923989260476	0	0	0
3	sims_spanishjapanese_5050_lambda_75_30	3	79.6774986533286	64.2534629656357	95.1015343410215	-702.386273559088	-16.6701780039733	1	FALSE	124.765625	0	0	0
3	sims_spanishjapanese_5050_lambda_75_3	3	79.6774986533286	64.2534629656357	95.1015343410215	-702.386273559088	-11.7551102874934	1	FALSE	88.3056640625	0	0	0
3	sims_spanishjapanese_5050_lambda_75_4	3	79.6774986533286	64.2534629656357	95.1015343410215	-702.386273559088	-12.7999905023027	1	FALSE	101	0	0	0
3	sims_spanishjapanese_5050_lambda_75_5	3	79.6774986533286	64.2534629656357	95.1015343410215	-702.386273559088	-11.513134084553	1	FALSE	75.4707202858845	0	0	0
3	sims_spanishjapanese_5050_lambda_75_6	3	79.6774986533286	64.2534629656357	95.1015343410215	-702.386273559088	-13.5704332278727	1	FALSE	50.9200114529145	0	0	0
3	sims_spanishjapanese_5050_lambda_75_7	3	79.6774986533286	64.2534629656357	95.1015343410215	-702.386273559088	-11.2950567241185	1	FALSE	73.7616955297075	0	0	0
3	sims_spanishjapanese_5050_lambda_75_8	3	79.6774986533286	64.2534629656357	95.1015343410215	-702.386273559088	-12.2587837508272	1	FALSE	96.2149047851562	0	0	0
3	sims_spanishjapanese_5050_lambda_75_9	3	79.6774986533286	64.2534629656357	95.1015343410215	-702.386273559088	-14.6724589341101	1	FALSE	91.1016235351562	0	0	0
3	sims_spanishjapanese_5050_lambda_50_10	3	79.6774986533286	64.2534629656357	95.1015343410215	-702.386273559088	-11.578703356526	1	FALSE	90.953369140625	0	0	0
3	sims_spanishjapanese_5050_lambda_50_11	2	55.256874785352	43.9476234459354	66.5661261247686	-702.386273559088	-9.47763730217918	1	FALSE	51.4179635980476	0	0	0
3	sims_spanishjapanese_5050_lambda_50_12	1	40.6627727726912	28.8987337559433	52.4268117894391	-702.386273559088	-9.4595372236938	1	FALSE	37.0675871490624	0	0	0
3	sims_spanishjapanese_5050_lambda_50_13	2	55.256874785352	43.9476234459354	66.5661261247686	-702.386273559088	-10.4976306038687	1	FALSE	65.6082954758978	0	0	0
3	sims_spanishjapanese_5050_lambda_50_14	2	55.256874785352	43.9476234459354	66.5661261247686	-702.386273559088	-11.9126849062358	1	FALSE	72.1713239694036	0	0	0
3	sims_spanishjapanese_5050_lambda_50_15	2	55.256874785352	43.9476234459354	66.5661261247686	-702.386273559088	-11.5931358417798	1	FALSE	38.7219733163069	0	0	0
3	sims_spanishjapanese_5050_lambda_50_16	2	55.256874785352	43.9476234459354	66.5661261247686	-702.386273559088	-11.7852473210948	1	FALSE	62.998131102236	0	0	0
3	sims_spanishjapanese_5050_lambda_50_17	2	55.256874785352	43.9476234459354	66.5661261247686	-702.386273559088	-9.96036658313361	1	FALSE	47.1844779770589	0	0	0
3	sims_spanishjapanese_5050_lambda_50_18	3	79.6774986533286	64.2534629656357	95.1015343410215	-702.386273559088	-14.3906797653576	1	FALSE	43.3650944122483	0	0	0
3	sims_spanishjapanese_5050_lambda_50_19	2	55.256874785352	43.9476234459354	66.5661261247686	-702.386273559088	-9.47646521373032	1	FALSE	51.501195880371	0	0	0
3	sims_spanishjapanese_5050_lambda_50_1	2	55.256874785352	43.9476234459354	66.5661261247686	-702.386273559088	-12.2005386763347	1	FALSE	62.2622547587252	0	0	0
3	sims_spanishjapanese_5050_lambda_50_20	1	40.6627727726912	28.8987337559433	52.4268117894391	-702.386273559088	-8.91146082868565	1	FALSE	37.8101356484643	0	0	0
3	sims_spanishjapanese_5050_lambda_50_21	1	40.6627727726912	28.8987337559433	52.4268117894391	-702.386273559088	-11.0677748909732	1	FALSE	36.0719444909827	0	0	0
3	sims_spanishjapanese_5050_lambda_50_22	2	55.256874785352	43.9476234459354	66.5661261247686	-702.386273559088	-10.8552865718063	1	FALSE	51.4179635980476	0	0	0
3	sims_spanishjapanese_5050_lambda_50_23	2	55.256874785352	43.9476234459354	66.5661261247686	-702.386273559088	-11.5499772627164	1	FALSE	49.7677334396521	0	0	0
3	sims_spanishjapanese_5050_lambda_50_24	2	55.256874785352	43.9476234459354	66.5661261247686	-702.386273559088	-10.5014005033968	1	FALSE	60.6225959582495	0	0	0
3	sims_spanishjapanese_5050_lambda_50_25	1	40.6627727726912	28.8987337559433	52.4268117894391	-702.386273559088	-9.13596524506815	1	FALSE	45.8014920901028	0	0	0
3	sims_spanishjapanese_5050_lambda_50_26	2	55.256874785352	43.9476234459354	66.5661261247686	-702.386273559088	-9.37344631017456	1	FALSE	56.3589064574899	0	0	0
3	sims_spanishjapanese_5050_lambda_50_27	2	55.256874785352	43.9476234459354	66.5661261247686	-702.386273559088	-9.71075298354876	1	FALSE	48.6289098819241	0	0	0
3	sims_spanishjapanese_5050_lambda_50_28	2	55.256874785352	43.9476234459354	66.5661261247686	-702.386273559088	-10.2054983605849	1	FALSE	47.7435586561376	0	0	0
3	sims_spanishjapanese_5050_lambda_50_29	1	40.6627727726912	28.8987337559433	52.4268117894391	-702.386273559088	-8.33092088152996	1	FALSE	41.5244222263623	0	0	0
3	sims_spanishjapanese_5050_lambda_50_2	2	55.256874785352	43.9476234459354	66.5661261247686	-702.386273559088	-10.143436655521	1	FALSE	65.1382475969622	0	0	0
3	sims_spanishjapanese_5050_lambda_50_30	1	40.6627727726912	28.8987337559433	52.4268117894391	-702.386273559088	-9.96253899862781	1	FALSE	50.589416259785	0	0	0
3	sims_spanishjapanese_5050_lambda_50_3	3	79.6774986533286	64.2534629656357	95.1015343410215	-702.386273559088	-13.5293164737453	1	FALSE	79.765625	0	0	0
3	sims_spanishjapanese_5050_lambda_50_4	3	79.6774986533286	64.2534629656357	95.1015343410215	-702.386273559088	-11.2402730265588	1	FALSE	74.9660065903935	0	0	0
3	sims_spanishjapanese_5050_lambda_50_5	3	79.6774986533286	64.2534629656357	95.1015343410215	-702.386273559088	-11.2584090115279	1	FALSE	72.7656539490786	0	0	0
3	sims_spanishjapanese_5050_lambda_50_6	2	55.256874785352	43.9476234459354	66.5661261247686	-702.386273559088	-9.63488056258816	1	FALSE	51.4179635980476	0	0	0
3	sims_spanishjapanese_5050_lambda_50_7	1	40.6627727726912	28.8987337559433	52.4268117894391	-702.386273559088	-10.2976680876827	1	FALSE	49.0747002699187	0	0	0
3	sims_spanishjapanese_5050_lambda_50_8	2	55.256874785352	43.9476234459354	66.5661261247686	-702.386273559088	-10.6826263220954	1	FALSE	42.4808838318899	0	0	0
3	sims_spanishjapanese_5050_lambda_50_9	1	40.6627727726912	28.8987337559433	52.4268117894391	-702.386273559088	-13.3552407874108	1	FALSE	32.1796446876225	0	0	0
4	sims_spanishjapanese_5050_lambda_75_10	4	84.9603962029609	65.7467424734007	104.174049932521	-684.237629930279	-10.8299123615401	1	FALSE	74.463009024435	0	0	0
4	sims_spanishjapanese_5050_lambda_75_11	3	70.1028272472157	44.2364382564706	95.9692162379608	-684.237629930279	-12.7007179044929	1	FALSE	45.4492650842169	0	0	0
4	sims_spanishjapanese_5050_lambda_75_12	4	84.9603962029609	65.7467424734007	104.174049932521	-684.237629930279	-11.9196382723543	1	FALSE	92.44140625	0	0	0
4	sims_spanishjapanese_5050_lambda_75_13	2	55.112356824437	44.1957742329541	66.02893941592	-684.237629930279	-10.287029188909	1	FALSE	60.8036819465127	0	0	0
4	sims_spanishjapanese_5050_lambda_75_14	3	70.1028272472157	44.2364382564706	95.9692162379608	-684.237629930279	-12.8235989469686	1	FALSE	57.9392558213244	0	0	0
4	sims_spanishjapanese_5050_lambda_75_15	3	70.1028272472157	44.2364382564706	95.9692162379608	-684.237629930279	-11.6984877102569	1	FALSE	79.3501586914062	0	0	0
4	sims_spanishjapanese_5050_lambda_75_16	3	70.1028272472157	44.2364382564706	95.9692162379608	-684.237629930279	-13.2017773268763	1	FALSE	47.3438720880321	0	0	0
4	sims_spanishjapanese_5050_lambda_75_17	3	70.1028272472157	44.2364382564706	95.9692162379608	-684.237629930279	-13.285402491774	1	FALSE	96.6728515625	0	0	0
4	sims_spanishjapanese_5050_lambda_75_18	3	70.1028272472157	44.2364382564706	95.9692162379608	-684.237629930279	-12.4219783814793	1	FALSE	52.7579175369777	0	0	0
4	sims_spanishjapanese_5050_lambda_75_19	4	84.9603962029609	65.7467424734007	104.174049932521	-684.237629930279	-10.2898717314323	1	FALSE	78.5225219726562	0	0	0
4	sims_spanishjapanese_5050_lambda_75_1	3	70.1028272472157	44.2364382564706	95.9692162379608	-684.237629930279	-15.3310928929257	1	FALSE	67.12398107895	0	0	0
4	sims_spanishjapanese_5050_lambda_75_20	2	55.112356824437	44.1957742329541	66.02893941592	-684.237629930279	-9.66733904787539	1	FALSE	47.9841943391766	0	0	0
4	sims_spanishjapanese_5050_lambda_75_21	4	84.9603962029609	65.7467424734007	104.174049932521	-684.237629930279	-13.4648759516598	1	FALSE	104.78515625	0	0	0
4	sims_spanishjapanese_5050_lambda_75_22	4	84.9603962029609	65.7467424734007	104.174049932521	-684.237629930279	-11.5571240922453	1	FALSE	83.12890625	0	0	0
4	sims_spanishjapanese_5050_lambda_75_23	3	70.1028272472157	44.2364382564706	95.9692162379608	-684.237629930279	-11.7713174245885	1	FALSE	69.430459170551	0	0	0
4	sims_spanishjapanese_5050_lambda_75_24	2	55.112356824437	44.1957742329541	66.02893941592	-684.237629930279	-12.4041641408557	1	FALSE	58.1162230987097	0	0	0
4	sims_spanishjapanese_5050_lambda_75_25	3	70.1028272472157	44.2364382564706	95.9692162379608	-684.237629930279	-12.5265429925964	1	FALSE	84.265625	0	0	0
4	sims_spanishjapanese_5050_lambda_75_26	4	84.9603962029609	65.7467424734007	104.174049932521	-684.237629930279	-10.4166126871549	1	FALSE	77.1528930664062	0	0	0
4	sims_spanishjapanese_5050_lambda_75_27	4	84.9603962029609	65.7467424734007	104.174049932521	-684.237629930279	-10.2315691730004	1	FALSE	79.765625	0	0	0
4	sims_spanishjapanese_5050_lambda_75_28	3	70.1028272472157	44.2364382564706	95.9692162379608	-684.237629930279	-11.7252867940494	1	FALSE	61.6219668301714	0	0	0
4	sims_spanishjapanese_5050_lambda_75_29	4	84.9603962029609	65.7467424734007	104.174049932521	-684.237629930279	-13.3378904992605	1	FALSE	113.558837890625	0	0	0
4	sims_spanishjapanese_5050_lambda_75_2	1	39.5890474144074	27.3292374408482	51.8488573879666	-684.237629930279	-13.5439206026603	1	FALSE	41.6923989260476	0	0	0
4	sims_spanishjapanese_5050_lambda_75_30	3	70.1028272472157	44.2364382564706	95.9692162379608	-684.237629930279	-16.6699673770974	1	FALSE	124.765625	0	0	0
4	sims_spanishjapanese_5050_lambda_75_3	3	70.1028272472157	44.2364382564706	95.9692162379608	-684.237629930279	-12.2402590232089	1	FALSE	88.3056640625	0	0	0
4	sims_spanishjapanese_5050_lambda_75_4	3	70.1028272472157	44.2364382564706	95.9692162379608	-684.237629930279	-13.3309306717463	1	FALSE	101	0	0	0
4	sims_spanishjapanese_5050_lambda_75_5	3	70.1028272472157	44.2364382564706	95.9692162379608	-684.237629930279	-11.6391025573332	1	FALSE	75.4707202858845	0	0	0
4	sims_spanishjapanese_5050_lambda_75_6	3	70.1028272472157	44.2364382564706	95.9692162379608	-684.237629930279	-12.2778511165922	1	FALSE	50.9200114529145	0	0	0
4	sims_spanishjapanese_5050_lambda_75_7	4	84.9603962029609	65.7467424734007	104.174049932521	-684.237629930279	-10.6545708399284	1	FALSE	73.7616955297075	0	0	0
4	sims_spanishjapanese_5050_lambda_75_8	4	84.9603962029609	65.7467424734007	104.174049932521	-684.237629930279	-10.6328721625117	1	FALSE	96.2149047851562	0	0	0
4	sims_spanishjapanese_5050_lambda_75_9	4	84.9603962029609	65.7467424734007	104.174049932521	-684.237629930279	-13.2601572564069	1	FALSE	91.1016235351562	0	0	0
4	sims_spanishjapanese_5050_lambda_50_10	4	84.9603962029609	65.7467424734007	104.174049932521	-684.237629930279	-10.3998965560117	1	FALSE	90.953369140625	0	0	0
4	sims_spanishjapanese_5050_lambda_50_11	2	55.112356824437	44.1957742329541	66.02893941592	-684.237629930279	-9.33766775607154	1	FALSE	51.4179635980476	0	0	0
4	sims_spanishjapanese_5050_lambda_50_12	1	39.5890474144074	27.3292374408482	51.8488573879666	-684.237629930279	-9.44095817899835	1	FALSE	37.0675871490624	0	0	0
4	sims_spanishjapanese_5050_lambda_50_13	2	55.112356824437	44.1957742329541	66.02893941592	-684.237629930279	-10.5924111405887	1	FALSE	65.6082954758978	0	0	0
4	sims_spanishjapanese_5050_lambda_50_14	2	55.112356824437	44.1957742329541	66.02893941592	-684.237629930279	-11.7988124491547	1	FALSE	72.1713239694036	0	0	0
4	sims_spanishjapanese_5050_lambda_50_15	2	55.112356824437	44.1957742329541	66.02893941592	-684.237629930279	-11.6911738908273	1	FALSE	38.7219733163069	0	0	0
4	sims_spanishjapanese_5050_lambda_50_16	2	55.112356824437	44.1957742329541	66.02893941592	-684.237629930279	-11.4735462198496	1	FALSE	62.998131102236	0	0	0
4	sims_spanishjapanese_5050_lambda_50_17	2	55.112356824437	44.1957742329541	66.02893941592	-684.237629930279	-9.78061148704516	1	FALSE	47.1844779770589	0	0	0
4	sims_spanishjapanese_5050_lambda_50_18	3	70.1028272472157	44.2364382564706	95.9692162379608	-684.237629930279	-12.9950479719729	1	FALSE	43.3650944122483	0	0	0
4	sims_spanishjapanese_5050_lambda_50_19	2	55.112356824437	44.1957742329541	66.02893941592	-684.237629930279	-9.37812758671813	1	FALSE	51.501195880371	0	0	0
4	sims_spanishjapanese_5050_lambda_50_1	2	55.112356824437	44.1957742329541	66.02893941592	-684.237629930279	-11.8675116915948	1	FALSE	62.2622547587252	0	0	0
4	sims_spanishjapanese_5050_lambda_50_20	1	39.5890474144074	27.3292374408482	51.8488573879666	-684.237629930279	-9.11391420482244	1	FALSE	37.8101356484643	0	0	0
4	sims_spanishjapanese_5050_lambda_50_21	1	39.5890474144074	27.3292374408482	51.8488573879666	-684.237629930279	-10.3581312025733	1	FALSE	36.0719444909827	0	0	0
4	sims_spanishjapanese_5050_lambda_50_22	2	55.112356824437	44.1957742329541	66.02893941592	-684.237629930279	-11.0891496455909	1	FALSE	51.4179635980476	0	0	0
4	sims_spanishjapanese_5050_lambda_50_23	2	55.112356824437	44.1957742329541	66.02893941592	-684.237629930279	-11.8741151687567	1	FALSE	49.7677334396521	0	0	0
4	sims_spanishjapanese_5050_lambda_50_24	2	55.112356824437	44.1957742329541	66.02893941592	-684.237629930279	-10.678903281387	1	FALSE	60.6225959582495	0	0	0
4	sims_spanishjapanese_5050_lambda_50_25	1	39.5890474144074	27.3292374408482	51.8488573879666	-684.237629930279	-9.5675209606373	1	FALSE	45.8014920901028	0	0	0
4	sims_spanishjapanese_5050_lambda_50_26	2	55.112356824437	44.1957742329541	66.02893941592	-684.237629930279	-9.28341363547012	1	FALSE	56.3589064574899	0	0	0
4	sims_spanishjapanese_5050_lambda_50_27	2	55.112356824437	44.1957742329541	66.02893941592	-684.237629930279	-9.58015042159921	1	FALSE	48.6289098819241	0	0	0
4	sims_spanishjapanese_5050_lambda_50_28	2	55.112356824437	44.1957742329541	66.02893941592	-684.237629930279	-10.2713888862267	1	FALSE	47.7435586561376	0	0	0
4	sims_spanishjapanese_5050_lambda_50_29	1	39.5890474144074	27.3292374408482	51.8488573879666	-684.237629930279	-8.82959029054232	1	FALSE	41.5244222263623	0	0	0
4	sims_spanishjapanese_5050_lambda_50_2	2	55.112356824437	44.1957742329541	66.02893941592	-684.237629930279	-10.1200350143087	1	FALSE	65.1382475969622	0	0	0
4	sims_spanishjapanese_5050_lambda_50_30	2	55.112356824437	44.1957742329541	66.02893941592	-684.237629930279	-11.0663204763727	1	FALSE	50.589416259785	0	0	0
4	sims_spanishjapanese_5050_lambda_50_3	3	70.1028272472157	44.2364382564706	95.9692162379608	-684.237629930279	-12.7838462649644	1	FALSE	79.765625	0	0	0
4	sims_spanishjapanese_5050_lambda_50_4	4	84.9603962029609	65.7467424734007	104.174049932521	-684.237629930279	-10.5686848595808	1	FALSE	74.9660065903935	0	0	0
4	sims_spanishjapanese_5050_lambda_50_5	4	84.9603962029609	65.7467424734007	104.174049932521	-684.237629930279	-11.0939109856851	1	FALSE	72.7656539490786	0	0	0
4	sims_spanishjapanese_5050_lambda_50_6	2	55.112356824437	44.1957742329541	66.02893941592	-684.237629930279	-9.61870776550042	1	FALSE	51.4179635980476	0	0	0
4	sims_spanishjapanese_5050_lambda_50_7	1	39.5890474144074	27.3292374408482	51.8488573879666	-684.237629930279	-11.0159875909444	1	FALSE	49.0747002699187	0	0	0
4	sims_spanishjapanese_5050_lambda_50_8	2	55.112356824437	44.1957742329541	66.02893941592	-684.237629930279	-10.6781144196067	1	FALSE	42.4808838318899	0	0	0
4	sims_spanishjapanese_5050_lambda_50_9	1	39.5890474144074	27.3292374408482	51.8488573879666	-684.237629930279	-11.7481183070953	1	FALSE	32.1796446876225	0	0	0
