# CLUSTERING STRENGTH + LIKELIHOOD K SELECTION RESULTS (GLOBETROTTER)
# Recommended K: 1
# Method: GLOBETROTTER
# Clustering strength threshold: 0.77
# Likelihood thresholds: k1 to k2(k=2):0.65 k1 to k2(k=3):1.21 k2 to k3:0.34 k3 to k4:0.18
#
model_k	pop	cluster	joint_date_est_best	joint_date_lowerci	joint_date_upperci	likelihood_mean	likelihood_per_ind	recommended_k	is_recommended	ind_date_est	sample_age_est_best	sample_age_lowerci_mean	sample_age_upperci_mean
1	sims_spanishjapanese_5050_lambda_50_10	1	49.1981685018852	40.9485864880751	57.4477505156954	-364.733589734817	-18.0570870264706	1	TRUE	90.953369140625	0	NA	NA
1	sims_spanishjapanese_5050_lambda_50_11	1	49.1981685018852	40.9485864880751	57.4477505156954	-364.733589734817	-9.75135894470374	1	TRUE	51.4179635980476	0	NA	NA
1	sims_spanishjapanese_5050_lambda_50_12	1	49.1981685018852	40.9485864880751	57.4477505156954	-364.733589734817	-11.0915397296563	1	TRUE	37.0675871490624	0	NA	NA
1	sims_spanishjapanese_5050_lambda_50_13	1	49.1981685018852	40.9485864880751	57.4477505156954	-364.733589734817	-11.9971606025654	1	TRUE	65.6082954758978	0	NA	NA
1	sims_spanishjapanese_5050_lambda_50_14	1	49.1981685018852	40.9485864880751	57.4477505156954	-364.733589734817	-14.3156713503457	1	TRUE	72.1713239694036	0	NA	NA
1	sims_spanishjapanese_5050_lambda_50_15	1	49.1981685018852	40.9485864880751	57.4477505156954	-364.733589734817	-11.1991228195091	1	TRUE	38.7219733163069	0	NA	NA
1	sims_spanishjapanese_5050_lambda_50_16	1	49.1981685018852	40.9485864880751	57.4477505156954	-364.733589734817	-12.1044828531041	1	TRUE	62.998131102236	0	NA	NA
1	sims_spanishjapanese_5050_lambda_50_17	1	49.1981685018852	40.9485864880751	57.4477505156954	-364.733589734817	-9.67188164942169	1	TRUE	47.1844779770589	0	NA	NA
1	sims_spanishjapanese_5050_lambda_50_18	1	49.1981685018852	40.9485864880751	57.4477505156954	-364.733589734817	-13.9497826416092	1	TRUE	43.3650944122483	0	NA	NA
1	sims_spanishjapanese_5050_lambda_50_19	1	49.1981685018852	40.9485864880751	57.4477505156954	-364.733589734817	-9.86948621714484	1	TRUE	51.501195880371	0	NA	NA
1	sims_spanishjapanese_5050_lambda_50_1	1	49.1981685018852	40.9485864880751	57.4477505156954	-364.733589734817	-12.0609816004324	1	TRUE	62.2622547587252	0	NA	NA
1	sims_spanishjapanese_5050_lambda_50_20	1	49.1981685018852	40.9485864880751	57.4477505156954	-364.733589734817	-11.1256243292246	1	TRUE	37.8101356484643	0	NA	NA
1	sims_spanishjapanese_5050_lambda_50_21	1	49.1981685018852	40.9485864880751	57.4477505156954	-364.733589734817	-11.1677728952689	1	TRUE	36.0719444909827	0	NA	NA
1	sims_spanishjapanese_5050_lambda_50_22	1	49.1981685018852	40.9485864880751	57.4477505156954	-364.733589734817	-11.1033423645446	1	TRUE	51.4179635980476	0	NA	NA
1	sims_spanishjapanese_5050_lambda_50_23	1	49.1981685018852	40.9485864880751	57.4477505156954	-364.733589734817	-11.4865344124554	1	TRUE	49.7677334396521	0	NA	NA
1	sims_spanishjapanese_5050_lambda_50_24	1	49.1981685018852	40.9485864880751	57.4477505156954	-364.733589734817	-11.4506404444033	1	TRUE	60.6225959582495	0	NA	NA
1	sims_spanishjapanese_5050_lambda_50_25	1	49.1981685018852	40.9485864880751	57.4477505156954	-364.733589734817	-9.59515172681058	1	TRUE	45.8014920901028	0	NA	NA
1	sims_spanishjapanese_5050_lambda_50_26	1	49.1981685018852	40.9485864880751	57.4477505156954	-364.733589734817	-10.2219783120341	1	TRUE	56.3589064574899	0	NA	NA
1	sims_spanishjapanese_5050_lambda_50_27	1	49.1981685018852	40.9485864880751	57.4477505156954	-364.733589734817	-9.75649500216623	1	TRUE	48.6289098819241	0	NA	NA
1	sims_spanishjapanese_5050_lambda_50_28	1	49.1981685018852	40.9485864880751	57.4477505156954	-364.733589734817	-10.4324200121206	1	TRUE	47.7435586561376	0	NA	NA
1	sims_spanishjapanese_5050_lambda_50_29	1	49.1981685018852	40.9485864880751	57.4477505156954	-364.733589734817	-10.5694740401869	1	TRUE	41.5244222263623	0	NA	NA
1	sims_spanishjapanese_5050_lambda_50_2	1	49.1981685018852	40.9485864880751	57.4477505156954	-364.733589734817	-11.8017906094996	1	TRUE	65.1382475969622	0	NA	NA
1	sims_spanishjapanese_5050_lambda_50_30	1	49.1981685018852	40.9485864880751	57.4477505156954	-364.733589734817	-9.51912485971452	1	TRUE	50.589416259785	0	NA	NA
1	sims_spanishjapanese_5050_lambda_50_3	1	49.1981685018852	40.9485864880751	57.4477505156954	-364.733589734817	-17.2643591766404	1	TRUE	79.765625	0	NA	NA
1	sims_spanishjapanese_5050_lambda_50_4	1	49.1981685018852	40.9485864880751	57.4477505156954	-364.733589734817	-14.2124194256442	1	TRUE	74.9660065903935	0	NA	NA
1	sims_spanishjapanese_5050_lambda_50_5	1	49.1981685018852	40.9485864880751	57.4477505156954	-364.733589734817	-14.0630026543622	1	TRUE	72.7656539490786	0	NA	NA
1	sims_spanishjapanese_5050_lambda_50_6	1	49.1981685018852	40.9485864880751	57.4477505156954	-364.733589734817	-10.1294466528367	1	TRUE	51.4179635980476	0	NA	NA
1	sims_spanishjapanese_5050_lambda_50_7	1	49.1981685018852	40.9485864880751	57.4477505156954	-364.733589734817	-11.1423112867669	1	TRUE	49.0747002699187	0	NA	NA
1	sims_spanishjapanese_5050_lambda_50_8	1	49.1981685018852	40.9485864880751	57.4477505156954	-364.733589734817	-10.4878713531316	1	TRUE	42.4808838318899	0	NA	NA
1	sims_spanishjapanese_5050_lambda_50_9	1	49.1981685018852	40.9485864880751	57.4477505156954	-364.733589734817	-25.135274742043	1	TRUE	32.1796446876225	0	NA	NA
2	sims_spanishjapanese_5050_lambda_50_10	2	60.93828287516	47.8666435185394	74.0099222317807	-332.742277853995	-14.7054444731021	1	FALSE	90.953369140625	0	0	0
2	sims_spanishjapanese_5050_lambda_50_11	2	60.93828287516	47.8666435185394	74.0099222317807	-332.742277853995	-10.5502645210653	1	FALSE	51.4179635980476	0	0	0
2	sims_spanishjapanese_5050_lambda_50_12	1	41.4269026386044	30.7918467434931	52.0619585337158	-332.742277853995	-9.51153109578668	1	FALSE	37.0675871490624	0	0	0
2	sims_spanishjapanese_5050_lambda_50_13	2	60.93828287516	47.8666435185394	74.0099222317807	-332.742277853995	-10.3630533368923	1	FALSE	65.6082954758978	0	0	0
2	sims_spanishjapanese_5050_lambda_50_14	2	60.93828287516	47.8666435185394	74.0099222317807	-332.742277853995	-10.8832043247683	1	FALSE	72.1713239694036	0	0	0
2	sims_spanishjapanese_5050_lambda_50_15	1	41.4269026386044	30.7918467434931	52.0619585337158	-332.742277853995	-11.1325399140434	1	FALSE	38.7219733163069	0	0	0
2	sims_spanishjapanese_5050_lambda_50_16	2	60.93828287516	47.8666435185394	74.0099222317807	-332.742277853995	-10.2152711847562	1	FALSE	62.998131102236	0	0	0
2	sims_spanishjapanese_5050_lambda_50_17	1	41.4269026386044	30.7918467434931	52.0619585337158	-332.742277853995	-10.0432821395248	1	FALSE	47.1844779770589	0	0	0
2	sims_spanishjapanese_5050_lambda_50_18	1	41.4269026386044	30.7918467434931	52.0619585337158	-332.742277853995	-14.7201613898608	1	FALSE	43.3650944122483	0	0	0
2	sims_spanishjapanese_5050_lambda_50_19	2	60.93828287516	47.8666435185394	74.0099222317807	-332.742277853995	-10.5358988865883	1	FALSE	51.501195880371	0	0	0
2	sims_spanishjapanese_5050_lambda_50_1	2	60.93828287516	47.8666435185394	74.0099222317807	-332.742277853995	-10.3584836695809	1	FALSE	62.2622547587252	0	0	0
2	sims_spanishjapanese_5050_lambda_50_20	1	41.4269026386044	30.7918467434931	52.0619585337158	-332.742277853995	-9.25881950993064	1	FALSE	37.8101356484643	0	0	0
2	sims_spanishjapanese_5050_lambda_50_21	1	41.4269026386044	30.7918467434931	52.0619585337158	-332.742277853995	-10.2525367751333	1	FALSE	36.0719444909827	0	0	0
2	sims_spanishjapanese_5050_lambda_50_22	2	60.93828287516	47.8666435185394	74.0099222317807	-332.742277853995	-11.2003001611327	1	FALSE	51.4179635980476	0	0	0
2	sims_spanishjapanese_5050_lambda_50_23	2	60.93828287516	47.8666435185394	74.0099222317807	-332.742277853995	-11.6435824307509	1	FALSE	49.7677334396521	0	0	0
2	sims_spanishjapanese_5050_lambda_50_24	2	60.93828287516	47.8666435185394	74.0099222317807	-332.742277853995	-10.5344788308688	1	FALSE	60.6225959582495	0	0	0
2	sims_spanishjapanese_5050_lambda_50_25	1	41.4269026386044	30.7918467434931	52.0619585337158	-332.742277853995	-9.33309959970923	1	FALSE	45.8014920901028	0	0	0
2	sims_spanishjapanese_5050_lambda_50_26	2	60.93828287516	47.8666435185394	74.0099222317807	-332.742277853995	-10.0013747706659	1	FALSE	56.3589064574899	0	0	0
2	sims_spanishjapanese_5050_lambda_50_27	1	41.4269026386044	30.7918467434931	52.0619585337158	-332.742277853995	-10.3713953934705	1	FALSE	48.6289098819241	0	0	0
2	sims_spanishjapanese_5050_lambda_50_28	2	60.93828287516	47.8666435185394	74.0099222317807	-332.742277853995	-11.2600406377608	1	FALSE	47.7435586561376	0	0	0
2	sims_spanishjapanese_5050_lambda_50_29	1	41.4269026386044	30.7918467434931	52.0619585337158	-332.742277853995	-8.92811899512627	1	FALSE	41.5244222263623	0	0	0
2	sims_spanishjapanese_5050_lambda_50_2	2	60.93828287516	47.8666435185394	74.0099222317807	-332.742277853995	-10.0518339241105	1	FALSE	65.1382475969622	0	0	0
2	sims_spanishjapanese_5050_lambda_50_30	1	41.4269026386044	30.7918467434931	52.0619585337158	-332.742277853995	-10.1895203401782	1	FALSE	50.589416259785	0	0	0
2	sims_spanishjapanese_5050_lambda_50_3	2	60.93828287516	47.8666435185394	74.0099222317807	-332.742277853995	-16.1294124928824	1	FALSE	79.765625	0	0	0
2	sims_spanishjapanese_5050_lambda_50_4	2	60.93828287516	47.8666435185394	74.0099222317807	-332.742277853995	-12.129059544727	1	FALSE	74.9660065903935	0	0	0
2	sims_spanishjapanese_5050_lambda_50_5	2	60.93828287516	47.8666435185394	74.0099222317807	-332.742277853995	-12.3621055506901	1	FALSE	72.7656539490786	0	0	0
2	sims_spanishjapanese_5050_lambda_50_6	2	60.93828287516	47.8666435185394	74.0099222317807	-332.742277853995	-10.6167723815133	1	FALSE	51.4179635980476	0	0	0
2	sims_spanishjapanese_5050_lambda_50_7	1	41.4269026386044	30.7918467434931	52.0619585337158	-332.742277853995	-10.8087801514362	1	FALSE	49.0747002699187	0	0	0
2	sims_spanishjapanese_5050_lambda_50_8	1	41.4269026386044	30.7918467434931	52.0619585337158	-332.742277853995	-10.5876103729368	1	FALSE	42.4808838318899	0	0	0
2	sims_spanishjapanese_5050_lambda_50_9	1	41.4269026386044	30.7918467434931	52.0619585337158	-332.742277853995	-14.0643010550026	1	FALSE	32.1796446876225	0	0	0
3	sims_spanishjapanese_5050_lambda_50_10	3	64.7348634318002	49.0204562806436	80.4492705829568	-317.294998999785	-13.626223665591	1	FALSE	90.953369140625	0	0	0
3	sims_spanishjapanese_5050_lambda_50_11	2	47.4616811037712	31.3047938963888	63.6185683111536	-317.294998999785	-8.92763268238629	1	FALSE	51.4179635980476	0	0	0
3	sims_spanishjapanese_5050_lambda_50_12	1	40.9405254658248	28.8258403399379	53.0552105917118	-317.294998999785	-9.75652624661645	1	FALSE	37.0675871490624	0	0	0
3	sims_spanishjapanese_5050_lambda_50_13	3	64.7348634318002	49.0204562806436	80.4492705829568	-317.294998999785	-10.2180001607149	1	FALSE	65.6082954758978	0	0	0
3	sims_spanishjapanese_5050_lambda_50_14	3	64.7348634318002	49.0204562806436	80.4492705829568	-317.294998999785	-10.6605329148954	1	FALSE	72.1713239694036	0	0	0
3	sims_spanishjapanese_5050_lambda_50_15	2	47.4616811037712	31.3047938963888	63.6185683111536	-317.294998999785	-11.0475676444358	1	FALSE	38.7219733163069	0	0	0
3	sims_spanishjapanese_5050_lambda_50_16	3	64.7348634318002	49.0204562806436	80.4492705829568	-317.294998999785	-11.3522258804176	1	FALSE	62.998131102236	0	0	0
3	sims_spanishjapanese_5050_lambda_50_17	2	47.4616811037712	31.3047938963888	63.6185683111536	-317.294998999785	-9.05648442224081	1	FALSE	47.1844779770589	0	0	0
3	sims_spanishjapanese_5050_lambda_50_18	3	64.7348634318002	49.0204562806436	80.4492705829568	-317.294998999785	-13.8819840811385	1	FALSE	43.3650944122483	0	0	0
3	sims_spanishjapanese_5050_lambda_50_19	2	47.4616811037712	31.3047938963888	63.6185683111536	-317.294998999785	-8.76882230707675	1	FALSE	51.501195880371	0	0	0
3	sims_spanishjapanese_5050_lambda_50_1	3	64.7348634318002	49.0204562806436	80.4492705829568	-317.294998999785	-11.7309493104189	1	FALSE	62.2622547587252	0	0	0
3	sims_spanishjapanese_5050_lambda_50_20	1	40.9405254658248	28.8258403399379	53.0552105917118	-317.294998999785	-9.03007949491049	1	FALSE	37.8101356484643	0	0	0
3	sims_spanishjapanese_5050_lambda_50_21	2	47.4616811037712	31.3047938963888	63.6185683111536	-317.294998999785	-9.68108700309454	1	FALSE	36.0719444909827	0	0	0
3	sims_spanishjapanese_5050_lambda_50_22	3	64.7348634318002	49.0204562806436	80.4492705829568	-317.294998999785	-11.4039029824397	1	FALSE	51.4179635980476	0	0	0
3	sims_spanishjapanese_5050_lambda_50_23	3	64.7348634318002	49.0204562806436	80.4492705829568	-317.294998999785	-11.7754421821627	1	FALSE	49.7677334396521	0	0	0
3	sims_spanishjapanese_5050_lambda_50_24	3	64.7348634318002	49.0204562806436	80.4492705829568	-317.294998999785	-10.4919272146033	1	FALSE	60.6225959582495	0	0	0
3	sims_spanishjapanese_5050_lambda_50_25	1	40.9405254658248	28.8258403399379	53.0552105917118	-317.294998999785	-9.19166672148047	1	FALSE	45.8014920901028	0	0	0
3	sims_spanishjapanese_5050_lambda_50_26	2	47.4616811037712	31.3047938963888	63.6185683111536	-317.294998999785	-9.26516777546468	1	FALSE	56.3589064574899	0	0	0
3	sims_spanishjapanese_5050_lambda_50_27	2	47.4616811037712	31.3047938963888	63.6185683111536	-317.294998999785	-8.71949057414971	1	FALSE	48.6289098819241	0	0	0
3	sims_spanishjapanese_5050_lambda_50_28	2	47.4616811037712	31.3047938963888	63.6185683111536	-317.294998999785	-9.91361725039761	1	FALSE	47.7435586561376	0	0	0
3	sims_spanishjapanese_5050_lambda_50_29	1	40.9405254658248	28.8258403399379	53.0552105917118	-317.294998999785	-8.22550740405364	1	FALSE	41.5244222263623	0	0	0
3	sims_spanishjapanese_5050_lambda_50_2	3	64.7348634318002	49.0204562806436	80.4492705829568	-317.294998999785	-10.0890514131596	1	FALSE	65.1382475969622	0	0	0
3	sims_spanishjapanese_5050_lambda_50_30	1	40.9405254658248	28.8258403399379	53.0552105917118	-317.294998999785	-9.8929831397131	1	FALSE	50.589416259785	0	0	0
3	sims_spanishjapanese_5050_lambda_50_3	3	64.7348634318002	49.0204562806436	80.4492705829568	-317.294998999785	-15.445831327178	1	FALSE	79.765625	0	0	0
3	sims_spanishjapanese_5050_lambda_50_4	3	64.7348634318002	49.0204562806436	80.4492705829568	-317.294998999785	-11.4819665665301	1	FALSE	74.9660065903935	0	0	0
3	sims_spanishjapanese_5050_lambda_50_5	3	64.7348634318002	49.0204562806436	80.4492705829568	-317.294998999785	-11.7534845492711	1	FALSE	72.7656539490786	0	0	0
3	sims_spanishjapanese_5050_lambda_50_6	2	47.4616811037712	31.3047938963888	63.6185683111536	-317.294998999785	-9.04082801949261	1	FALSE	51.4179635980476	0	0	0
3	sims_spanishjapanese_5050_lambda_50_7	1	40.9405254658248	28.8258403399379	53.0552105917118	-317.294998999785	-9.92458084512543	1	FALSE	49.0747002699187	0	0	0
3	sims_spanishjapanese_5050_lambda_50_8	2	47.4616811037712	31.3047938963888	63.6185683111536	-317.294998999785	-9.34449376857	1	FALSE	42.4808838318899	0	0	0
3	sims_spanishjapanese_5050_lambda_50_9	1	40.9405254658248	28.8258403399379	53.0552105917118	-317.294998999785	-13.5969414520556	1	FALSE	32.1796446876225	0	0	0
4	sims_spanishjapanese_5050_lambda_50_10	4	65.9675787306643	46.2013790816673	85.7337783796612	-303.718118135903	-13.1896977877879	1	FALSE	90.953369140625	0	0	0
4	sims_spanishjapanese_5050_lambda_50_11	2	47.4616811037712	31.3047938963888	63.6185683111536	-303.718118135903	-8.92763268238629	1	FALSE	51.4179635980476	0	0	0
4	sims_spanishjapanese_5050_lambda_50_12	1	39.01271907446	25.4022839938411	52.6231541550788	-303.718118135903	-9.87576045502455	1	FALSE	37.0675871490624	0	0	0
4	sims_spanishjapanese_5050_lambda_50_13	4	65.9675787306643	46.2013790816673	85.7337783796612	-303.718118135903	-10.3066577633947	1	FALSE	65.6082954758978	0	0	0
4	sims_spanishjapanese_5050_lambda_50_14	4	65.9675787306643	46.2013790816673	85.7337783796612	-303.718118135903	-11.1030460402067	1	FALSE	72.1713239694036	0	0	0
4	sims_spanishjapanese_5050_lambda_50_15	2	47.4616811037712	31.3047938963888	63.6185683111536	-303.718118135903	-11.0475676444358	1	FALSE	38.7219733163069	0	0	0
4	sims_spanishjapanese_5050_lambda_50_16	3	55.6397337446009	37.0872467780695	74.1922207111324	-303.718118135903	-7.35886497029577	1	FALSE	62.998131102236	0	0	0
4	sims_spanishjapanese_5050_lambda_50_17	2	47.4616811037712	31.3047938963888	63.6185683111536	-303.718118135903	-9.05648442224081	1	FALSE	47.1844779770589	0	0	0
4	sims_spanishjapanese_5050_lambda_50_18	4	65.9675787306643	46.2013790816673	85.7337783796612	-303.718118135903	-13.6901655713306	1	FALSE	43.3650944122483	0	0	0
4	sims_spanishjapanese_5050_lambda_50_19	2	47.4616811037712	31.3047938963888	63.6185683111536	-303.718118135903	-8.76882230707675	1	FALSE	51.501195880371	0	0	0
4	sims_spanishjapanese_5050_lambda_50_1	3	55.6397337446009	37.0872467780695	74.1922207111324	-303.718118135903	-7.76106406492579	1	FALSE	62.2622547587252	0	0	0
4	sims_spanishjapanese_5050_lambda_50_20	1	39.01271907446	25.4022839938411	52.6231541550788	-303.718118135903	-9.21734687282861	1	FALSE	37.8101356484643	0	0	0
4	sims_spanishjapanese_5050_lambda_50_21	2	47.4616811037712	31.3047938963888	63.6185683111536	-303.718118135903	-9.68108700309454	1	FALSE	36.0719444909827	0	0	0
4	sims_spanishjapanese_5050_lambda_50_22	4	65.9675787306643	46.2013790816673	85.7337783796612	-303.718118135903	-11.4706188821328	1	FALSE	51.4179635980476	0	0	0
4	sims_spanishjapanese_5050_lambda_50_23	4	65.9675787306643	46.2013790816673	85.7337783796612	-303.718118135903	-11.7685907075437	1	FALSE	49.7677334396521	0	0	0
4	sims_spanishjapanese_5050_lambda_50_24	4	65.9675787306643	46.2013790816673	85.7337783796612	-303.718118135903	-10.5282875423756	1	FALSE	60.6225959582495	0	0	0
4	sims_spanishjapanese_5050_lambda_50_25	3	55.6397337446009	37.0872467780695	74.1922207111324	-303.718118135903	-8.75313008167177	1	FALSE	45.8014920901028	0	0	0
4	sims_spanishjapanese_5050_lambda_50_26	2	47.4616811037712	31.3047938963888	63.6185683111536	-303.718118135903	-9.26516777546468	1	FALSE	56.3589064574899	0	0	0
4	sims_spanishjapanese_5050_lambda_50_27	2	47.4616811037712	31.3047938963888	63.6185683111536	-303.718118135903	-8.71949057414971	1	FALSE	48.6289098819241	0	0	0
4	sims_spanishjapanese_5050_lambda_50_28	2	47.4616811037712	31.3047938963888	63.6185683111536	-303.718118135903	-9.91361725039761	1	FALSE	47.7435586561376	0	0	0
4	sims_spanishjapanese_5050_lambda_50_29	1	39.01271907446	25.4022839938411	52.6231541550788	-303.718118135903	-8.59033925336137	1	FALSE	41.5244222263623	0	0	0
4	sims_spanishjapanese_5050_lambda_50_2	4	65.9675787306643	46.2013790816673	85.7337783796612	-303.718118135903	-10.3951179379995	1	FALSE	65.1382475969622	0	0	0
4	sims_spanishjapanese_5050_lambda_50_30	3	55.6397337446009	37.0872467780695	74.1922207111324	-303.718118135903	-6.94715758147476	1	FALSE	50.589416259785	0	0	0
4	sims_spanishjapanese_5050_lambda_50_3	4	65.9675787306643	46.2013790816673	85.7337783796612	-303.718118135903	-15.1567473815899	1	FALSE	79.765625	0	0	0
4	sims_spanishjapanese_5050_lambda_50_4	4	65.9675787306643	46.2013790816673	85.7337783796612	-303.718118135903	-11.195592378122	1	FALSE	74.9660065903935	0	0	0
4	sims_spanishjapanese_5050_lambda_50_5	4	65.9675787306643	46.2013790816673	85.7337783796612	-303.718118135903	-11.4450217654175	1	FALSE	72.7656539490786	0	0	0
4	sims_spanishjapanese_5050_lambda_50_6	2	47.4616811037712	31.3047938963888	63.6185683111536	-303.718118135903	-9.04082801949261	1	FALSE	51.4179635980476	0	0	0
4	sims_spanishjapanese_5050_lambda_50_7	1	39.01271907446	25.4022839938411	52.6231541550788	-303.718118135903	-10.4759481351759	1	FALSE	49.0747002699187	0	0	0
4	sims_spanishjapanese_5050_lambda_50_8	2	47.4616811037712	31.3047938963888	63.6185683111536	-303.718118135903	-9.34449376857	1	FALSE	42.4808838318899	0	0	0
4	sims_spanishjapanese_5050_lambda_50_9	1	39.01271907446	25.4022839938411	52.6231541550788	-303.718118135903	-10.7237715159352	1	FALSE	32.1796446876225	0	0	0
