# CLUSTERING STRENGTH + LIKELIHOOD K SELECTION RESULTS (DATES)
# Recommended K: 1
# Method: DATES
# Clustering strength threshold: 0.983
# Likelihood thresholds: k1 to k2(k=2):1.2 k1 to k2(k=3):2.59 k2 to k3:0.71 k3 to k4:0.49
#
model_k	pop	cluster	joint_date_est_best	joint_date_lowerci	joint_date_upperci	likelihood_mean	likelihood_per_ind	recommended_k	is_recommended	ind_date_est	sample_age_est_best	sample_age_lowerci_mean	sample_age_upperci_mean
1	spanishjapanese_5050_50_1	1	55.8772188966345	53.0147441551382	58.7396936381309	-396.303220200661	-11.2016211558143	1	TRUE	60.82	0	NA	NA
1	spanishjapanese_5050_50_10	1	55.8772188966345	53.0147441551382	58.7396936381309	-396.303220200661	-9.82468114399575	1	TRUE	56.865	0	NA	NA
1	spanishjapanese_5050_50_11	1	55.8772188966345	53.0147441551382	58.7396936381309	-396.303220200661	-36.5016078380698	1	TRUE	70.854	0	NA	NA
1	spanishjapanese_5050_50_12	1	55.8772188966345	53.0147441551382	58.7396936381309	-396.303220200661	-9.5779738868511	1	TRUE	60.982	0	NA	NA
1	spanishjapanese_5050_50_13	1	55.8772188966345	53.0147441551382	58.7396936381309	-396.303220200661	-6.48794824704176	1	TRUE	56.406	0	NA	NA
1	spanishjapanese_5050_50_14	1	55.8772188966345	53.0147441551382	58.7396936381309	-396.303220200661	-13.4870913322602	1	TRUE	67.414	0	NA	NA
1	spanishjapanese_5050_50_15	1	55.8772188966345	53.0147441551382	58.7396936381309	-396.303220200661	-35.3123511659261	1	TRUE	41.796	0	NA	NA
1	spanishjapanese_5050_50_16	1	55.8772188966345	53.0147441551382	58.7396936381309	-396.303220200661	-14.3025667435512	1	TRUE	67.979	0	NA	NA
1	spanishjapanese_5050_50_17	1	55.8772188966345	53.0147441551382	58.7396936381309	-396.303220200661	-7.75727518783487	1	TRUE	51.293	0	NA	NA
1	spanishjapanese_5050_50_18	1	55.8772188966345	53.0147441551382	58.7396936381309	-396.303220200661	-6.02144180674012	1	TRUE	55.153	0	NA	NA
1	spanishjapanese_5050_50_19	1	55.8772188966345	53.0147441551382	58.7396936381309	-396.303220200661	-14.5353233647043	1	TRUE	43.862	0	NA	NA
1	spanishjapanese_5050_50_2	1	55.8772188966345	53.0147441551382	58.7396936381309	-396.303220200661	-6.61252937013217	1	TRUE	56.118	0	NA	NA
1	spanishjapanese_5050_50_20	1	55.8772188966345	53.0147441551382	58.7396936381309	-396.303220200661	-9.0777473999026	1	TRUE	60.584	0	NA	NA
1	spanishjapanese_5050_50_21	1	55.8772188966345	53.0147441551382	58.7396936381309	-396.303220200661	-12.998424527511	1	TRUE	47.339	0	NA	NA
1	spanishjapanese_5050_50_22	1	55.8772188966345	53.0147441551382	58.7396936381309	-396.303220200661	-15.7718153327964	1	TRUE	70.269	0	NA	NA
1	spanishjapanese_5050_50_23	1	55.8772188966345	53.0147441551382	58.7396936381309	-396.303220200661	-7.51003086446487	1	TRUE	59.219	0	NA	NA
1	spanishjapanese_5050_50_24	1	55.8772188966345	53.0147441551382	58.7396936381309	-396.303220200661	-8.53339163583351	1	TRUE	61.446	0	NA	NA
1	spanishjapanese_5050_50_25	1	55.8772188966345	53.0147441551382	58.7396936381309	-396.303220200661	-6.19587587960352	1	TRUE	54.256	0	NA	NA
1	spanishjapanese_5050_50_26	1	55.8772188966345	53.0147441551382	58.7396936381309	-396.303220200661	-13.0939485573328	1	TRUE	44.598	0	NA	NA
1	spanishjapanese_5050_50_27	1	55.8772188966345	53.0147441551382	58.7396936381309	-396.303220200661	-11.5520699406429	1	TRUE	46.56	0	NA	NA
1	spanishjapanese_5050_50_28	1	55.8772188966345	53.0147441551382	58.7396936381309	-396.303220200661	-8.16347435088345	1	TRUE	58.982	0	NA	NA
1	spanishjapanese_5050_50_29	1	55.8772188966345	53.0147441551382	58.7396936381309	-396.303220200661	-12.8481036948949	1	TRUE	45.524	0	NA	NA
1	spanishjapanese_5050_50_3	1	55.8772188966345	53.0147441551382	58.7396936381309	-396.303220200661	-30.877624541514	1	TRUE	81.813	0	NA	NA
1	spanishjapanese_5050_50_30	1	55.8772188966345	53.0147441551382	58.7396936381309	-396.303220200661	-21.2128581867852	1	TRUE	39.417	0	NA	NA
1	spanishjapanese_5050_50_4	1	55.8772188966345	53.0147441551382	58.7396936381309	-396.303220200661	-10.6502566639071	1	TRUE	64.262	0	NA	NA
1	spanishjapanese_5050_50_5	1	55.8772188966345	53.0147441551382	58.7396936381309	-396.303220200661	-10.4191410333716	1	TRUE	48.075	0	NA	NA
1	spanishjapanese_5050_50_6	1	55.8772188966345	53.0147441551382	58.7396936381309	-396.303220200661	-6.50237607521769	1	TRUE	56.407	0	NA	NA
1	spanishjapanese_5050_50_7	1	55.8772188966345	53.0147441551382	58.7396936381309	-396.303220200661	-12.6969862686358	1	TRUE	46.5	0	NA	NA
1	spanishjapanese_5050_50_8	1	55.8772188966345	53.0147441551382	58.7396936381309	-396.303220200661	-13.9117683699955	1	TRUE	66.052	0	NA	NA
1	spanishjapanese_5050_50_9	1	55.8772188966345	53.0147441551382	58.7396936381309	-396.303220200661	-12.6649156344468	1	TRUE	48.135	0	NA	NA
2	spanishjapanese_5050_50_1	2	61.2138026517227	57.6754729445621	64.7521323588834	-269.01087867615	-7.11044831049552	1	FALSE	60.82	0	0	0
2	spanishjapanese_5050_50_10	2	61.2138026517227	57.6754729445621	64.7521323588834	-269.01087867615	-12.8448001167479	1	FALSE	56.865	0	0	0
2	spanishjapanese_5050_50_11	2	61.2138026517227	57.6754729445621	64.7521323588834	-269.01087867615	-18.8558128964015	1	FALSE	70.854	0	0	0
2	spanishjapanese_5050_50_12	2	61.2138026517227	57.6754729445621	64.7521323588834	-269.01087867615	-6.28449645056038	1	FALSE	60.982	0	0	0
2	spanishjapanese_5050_50_13	2	61.2138026517227	57.6754729445621	64.7521323588834	-269.01087867615	-7.95505920110857	1	FALSE	56.406	0	0	0
2	spanishjapanese_5050_50_14	2	61.2138026517227	57.6754729445621	64.7521323588834	-269.01087867615	-10.7290752087285	1	FALSE	67.414	0	0	0
2	spanishjapanese_5050_50_15	1	45.7693735627555	40.8997439726134	50.6390031528976	-269.01087867615	-9.99486629581073	1	FALSE	41.796	0	0	0
2	spanishjapanese_5050_50_16	2	61.2138026517227	57.6754729445621	64.7521323588834	-269.01087867615	-9.43219353122248	1	FALSE	67.979	0	0	0
2	spanishjapanese_5050_50_17	1	45.7693735627555	40.8997439726134	50.6390031528976	-269.01087867615	-8.45191700315443	1	FALSE	51.293	0	0	0
2	spanishjapanese_5050_50_18	2	61.2138026517227	57.6754729445621	64.7521323588834	-269.01087867615	-9.11048319090552	1	FALSE	55.153	0	0	0
2	spanishjapanese_5050_50_19	1	45.7693735627555	40.8997439726134	50.6390031528976	-269.01087867615	-6.96615352899153	1	FALSE	43.862	0	0	0
2	spanishjapanese_5050_50_2	2	61.2138026517227	57.6754729445621	64.7521323588834	-269.01087867615	-8.1812218465711	1	FALSE	56.118	0	0	0
2	spanishjapanese_5050_50_20	2	61.2138026517227	57.6754729445621	64.7521323588834	-269.01087867615	-6.31824446015354	1	FALSE	60.584	0	0	0
2	spanishjapanese_5050_50_21	1	45.7693735627555	40.8997439726134	50.6390031528976	-269.01087867615	-6.21329779390487	1	FALSE	47.339	0	0	0
2	spanishjapanese_5050_50_22	2	61.2138026517227	57.6754729445621	64.7521323588834	-269.01087867615	-11.3857033815579	1	FALSE	70.269	0	0	0
2	spanishjapanese_5050_50_23	2	61.2138026517227	57.6754729445621	64.7521323588834	-269.01087867615	-7.18129511215463	1	FALSE	59.219	0	0	0
2	spanishjapanese_5050_50_24	2	61.2138026517227	57.6754729445621	64.7521323588834	-269.01087867615	-6.05490180207102	1	FALSE	61.446	0	0	0
2	spanishjapanese_5050_50_25	2	61.2138026517227	57.6754729445621	64.7521323588834	-269.01087867615	-10.374343650876	1	FALSE	54.256	0	0	0
2	spanishjapanese_5050_50_26	1	45.7693735627555	40.8997439726134	50.6390031528976	-269.01087867615	-7.86955993666674	1	FALSE	44.598	0	0	0
2	spanishjapanese_5050_50_27	1	45.7693735627555	40.8997439726134	50.6390031528976	-269.01087867615	-6.65156823119703	1	FALSE	46.56	0	0	0
2	spanishjapanese_5050_50_28	2	61.2138026517227	57.6754729445621	64.7521323588834	-269.01087867615	-7.95746119011135	1	FALSE	58.982	0	0	0
2	spanishjapanese_5050_50_29	1	45.7693735627555	40.8997439726134	50.6390031528976	-269.01087867615	-6.44528167435351	1	FALSE	45.524	0	0	0
2	spanishjapanese_5050_50_3	2	61.2138026517227	57.6754729445621	64.7521323588834	-269.01087867615	-22.6586771949877	1	FALSE	81.813	0	0	0
2	spanishjapanese_5050_50_30	1	45.7693735627555	40.8997439726134	50.6390031528976	-269.01087867615	-8.9172177207488	1	FALSE	39.417	0	0	0
2	spanishjapanese_5050_50_4	2	61.2138026517227	57.6754729445621	64.7521323588834	-269.01087867615	-7.97054668451172	1	FALSE	64.262	0	0	0
2	spanishjapanese_5050_50_5	1	45.7693735627555	40.8997439726134	50.6390031528976	-269.01087867615	-8.3813599276486	1	FALSE	48.075	0	0	0
2	spanishjapanese_5050_50_6	2	61.2138026517227	57.6754729445621	64.7521323588834	-269.01087867615	-7.96032050011848	1	FALSE	56.407	0	0	0
2	spanishjapanese_5050_50_7	1	45.7693735627555	40.8997439726134	50.6390031528976	-269.01087867615	-5.9434142221738	1	FALSE	46.5	0	0	0
2	spanishjapanese_5050_50_8	2	61.2138026517227	57.6754729445621	64.7521323588834	-269.01087867615	-7.91059826551727	1	FALSE	66.052	0	0	0
2	spanishjapanese_5050_50_9	1	45.7693735627555	40.8997439726134	50.6390031528976	-269.01087867615	-6.90055934669862	1	FALSE	48.135	0	0	0
3	spanishjapanese_5050_50_1	2	58.3455172026064	54.2380575178888	62.452976887324	-230.807237688123	-7.20621258361805	1	FALSE	60.82	0	0	0
3	spanishjapanese_5050_50_10	2	58.3455172026064	54.2380575178888	62.452976887324	-230.807237688123	-8.33801400902743	1	FALSE	56.865	0	0	0
3	spanishjapanese_5050_50_11	3	69.4662958410022	62.4991530429617	76.4334386390427	-230.807237688123	-10.0140042601574	1	FALSE	70.854	0	0	0
3	spanishjapanese_5050_50_12	2	58.3455172026064	54.2380575178888	62.452976887324	-230.807237688123	-6.52450832117897	1	FALSE	60.982	0	0	0
3	spanishjapanese_5050_50_13	2	58.3455172026064	54.2380575178888	62.452976887324	-230.807237688123	-7.00766093659256	1	FALSE	56.406	0	0	0
3	spanishjapanese_5050_50_14	3	69.4662958410022	62.4991530429617	76.4334386390427	-230.807237688123	-8.80393622017069	1	FALSE	67.414	0	0	0
3	spanishjapanese_5050_50_15	1	45.7693735627555	40.8997439726134	50.6390031528976	-230.807237688123	-9.99486629581073	1	FALSE	41.796	0	0	0
3	spanishjapanese_5050_50_16	3	69.4662958410022	62.4991530429617	76.4334386390427	-230.807237688123	-6.78680373658617	1	FALSE	67.979	0	0	0
3	spanishjapanese_5050_50_17	1	45.7693735627555	40.8997439726134	50.6390031528976	-230.807237688123	-8.45191700315443	1	FALSE	51.293	0	0	0
3	spanishjapanese_5050_50_18	2	58.3455172026064	54.2380575178888	62.452976887324	-230.807237688123	-6.71710883916474	1	FALSE	55.153	0	0	0
3	spanishjapanese_5050_50_19	1	45.7693735627555	40.8997439726134	50.6390031528976	-230.807237688123	-6.96615352899153	1	FALSE	43.862	0	0	0
3	spanishjapanese_5050_50_2	2	58.3455172026064	54.2380575178888	62.452976887324	-230.807237688123	-7.26963154000372	1	FALSE	56.118	0	0	0
3	spanishjapanese_5050_50_20	2	58.3455172026064	54.2380575178888	62.452976887324	-230.807237688123	-6.27974750094578	1	FALSE	60.584	0	0	0
3	spanishjapanese_5050_50_21	1	45.7693735627555	40.8997439726134	50.6390031528976	-230.807237688123	-6.21329779390487	1	FALSE	47.339	0	0	0
3	spanishjapanese_5050_50_22	3	69.4662958410022	62.4991530429617	76.4334386390427	-230.807237688123	-7.6892568645903	1	FALSE	70.269	0	0	0
3	spanishjapanese_5050_50_23	2	58.3455172026064	54.2380575178888	62.452976887324	-230.807237688123	-7.46590135703235	1	FALSE	59.219	0	0	0
3	spanishjapanese_5050_50_24	2	58.3455172026064	54.2380575178888	62.452976887324	-230.807237688123	-6.69503032963078	1	FALSE	61.446	0	0	0
3	spanishjapanese_5050_50_25	2	58.3455172026064	54.2380575178888	62.452976887324	-230.807237688123	-7.24560108143276	1	FALSE	54.256	0	0	0
3	spanishjapanese_5050_50_26	1	45.7693735627555	40.8997439726134	50.6390031528976	-230.807237688123	-7.86955993666674	1	FALSE	44.598	0	0	0
3	spanishjapanese_5050_50_27	1	45.7693735627555	40.8997439726134	50.6390031528976	-230.807237688123	-6.65156823119703	1	FALSE	46.56	0	0	0
3	spanishjapanese_5050_50_28	2	58.3455172026064	54.2380575178888	62.452976887324	-230.807237688123	-8.53598841270925	1	FALSE	58.982	0	0	0
3	spanishjapanese_5050_50_29	1	45.7693735627555	40.8997439726134	50.6390031528976	-230.807237688123	-6.44528167435351	1	FALSE	45.524	0	0	0
3	spanishjapanese_5050_50_3	3	69.4662958410022	62.4991530429617	76.4334386390427	-230.807237688123	-12.8461203335425	1	FALSE	81.813	0	0	0
3	spanishjapanese_5050_50_30	1	45.7693735627555	40.8997439726134	50.6390031528976	-230.807237688123	-8.9172177207488	1	FALSE	39.417	0	0	0
3	spanishjapanese_5050_50_4	3	69.4662958410022	62.4991530429617	76.4334386390427	-230.807237688123	-8.0862462355195	1	FALSE	64.262	0	0	0
3	spanishjapanese_5050_50_5	1	45.7693735627555	40.8997439726134	50.6390031528976	-230.807237688123	-8.3813599276486	1	FALSE	48.075	0	0	0
3	spanishjapanese_5050_50_6	2	58.3455172026064	54.2380575178888	62.452976887324	-230.807237688123	-7.02782655905641	1	FALSE	56.407	0	0	0
3	spanishjapanese_5050_50_7	1	45.7693735627555	40.8997439726134	50.6390031528976	-230.807237688123	-5.9434142221738	1	FALSE	46.5	0	0	0
3	spanishjapanese_5050_50_8	3	69.4662958410022	62.4991530429617	76.4334386390427	-230.807237688123	-7.53244288581466	1	FALSE	66.052	0	0	0
3	spanishjapanese_5050_50_9	1	45.7693735627555	40.8997439726134	50.6390031528976	-230.807237688123	-6.90055934669862	1	FALSE	48.135	0	0	0
4	spanishjapanese_5050_50_1	3	58.3455172026064	54.2380575178888	62.452976887324	-217.648503597445	-7.20621258361805	1	FALSE	60.82	0	0	0
4	spanishjapanese_5050_50_10	3	58.3455172026064	54.2380575178888	62.452976887324	-217.648503597445	-8.33801400902743	1	FALSE	56.865	0	0	0
4	spanishjapanese_5050_50_11	4	69.4662958410022	62.4991530429617	76.4334386390427	-217.648503597445	-10.0140042601574	1	FALSE	70.854	0	0	0
4	spanishjapanese_5050_50_12	3	58.3455172026064	54.2380575178888	62.452976887324	-217.648503597445	-6.52450832117897	1	FALSE	60.982	0	0	0
4	spanishjapanese_5050_50_13	3	58.3455172026064	54.2380575178888	62.452976887324	-217.648503597445	-7.00766093659256	1	FALSE	56.406	0	0	0
4	spanishjapanese_5050_50_14	4	69.4662958410022	62.4991530429617	76.4334386390427	-217.648503597445	-8.80393622017069	1	FALSE	67.414	0	0	0
4	spanishjapanese_5050_50_15	2	46.389808498753	41.1669235534547	51.6126934440513	-217.648503597445	-9.88077043595017	1	FALSE	41.796	0	0	0
4	spanishjapanese_5050_50_16	4	69.4662958410022	62.4991530429617	76.4334386390427	-217.648503597445	-6.78680373658617	1	FALSE	67.979	0	0	0
4	spanishjapanese_5050_50_17	2	46.389808498753	41.1669235534547	51.6126934440513	-217.648503597445	-7.88983264299364	1	FALSE	51.293	0	0	0
4	spanishjapanese_5050_50_18	3	58.3455172026064	54.2380575178888	62.452976887324	-217.648503597445	-6.71710883916474	1	FALSE	55.153	0	0	0
4	spanishjapanese_5050_50_19	1	41.6427014593949	28.1728651600408	55.112537758749	-217.648503597445	-1.82058866298757	1	FALSE	43.862	0	0	0
4	spanishjapanese_5050_50_2	3	58.3455172026064	54.2380575178888	62.452976887324	-217.648503597445	-7.26963154000372	1	FALSE	56.118	0	0	0
4	spanishjapanese_5050_50_20	3	58.3455172026064	54.2380575178888	62.452976887324	-217.648503597445	-6.27974750094578	1	FALSE	60.584	0	0	0
4	spanishjapanese_5050_50_21	2	46.389808498753	41.1669235534547	51.6126934440513	-217.648503597445	-5.91874927665729	1	FALSE	47.339	0	0	0
4	spanishjapanese_5050_50_22	4	69.4662958410022	62.4991530429617	76.4334386390427	-217.648503597445	-7.6892568645903	1	FALSE	70.269	0	0	0
4	spanishjapanese_5050_50_23	3	58.3455172026064	54.2380575178888	62.452976887324	-217.648503597445	-7.46590135703235	1	FALSE	59.219	0	0	0
4	spanishjapanese_5050_50_24	3	58.3455172026064	54.2380575178888	62.452976887324	-217.648503597445	-6.69503032963078	1	FALSE	61.446	0	0	0
4	spanishjapanese_5050_50_25	3	58.3455172026064	54.2380575178888	62.452976887324	-217.648503597445	-7.24560108143276	1	FALSE	54.256	0	0	0
4	spanishjapanese_5050_50_26	2	46.389808498753	41.1669235534547	51.6126934440513	-217.648503597445	-8.08986839699529	1	FALSE	44.598	0	0	0
4	spanishjapanese_5050_50_27	2	46.389808498753	41.1669235534547	51.6126934440513	-217.648503597445	-6.79968585458731	1	FALSE	46.56	0	0	0
4	spanishjapanese_5050_50_28	3	58.3455172026064	54.2380575178888	62.452976887324	-217.648503597445	-8.53598841270925	1	FALSE	58.982	0	0	0
4	spanishjapanese_5050_50_29	2	46.389808498753	41.1669235534547	51.6126934440513	-217.648503597445	-6.66141475229913	1	FALSE	45.524	0	0	0
4	spanishjapanese_5050_50_3	4	69.4662958410022	62.4991530429617	76.4334386390427	-217.648503597445	-12.8461203335425	1	FALSE	81.813	0	0	0
4	spanishjapanese_5050_50_30	1	41.6427014593949	28.1728651600408	55.112537758749	-217.648503597445	-1.82758398973965	1	FALSE	39.417	0	0	0
4	spanishjapanese_5050_50_4	4	69.4662958410022	62.4991530429617	76.4334386390427	-217.648503597445	-8.0862462355195	1	FALSE	64.262	0	0	0
4	spanishjapanese_5050_50_5	2	46.389808498753	41.1669235534547	51.6126934440513	-217.648503597445	-8.4025072093103	1	FALSE	48.075	0	0	0
4	spanishjapanese_5050_50_6	3	58.3455172026064	54.2380575178888	62.452976887324	-217.648503597445	-7.02782655905641	1	FALSE	56.407	0	0	0
4	spanishjapanese_5050_50_7	2	46.389808498753	41.1669235534547	51.6126934440513	-217.648503597445	-5.98461641171824	1	FALSE	46.5	0	0	0
4	spanishjapanese_5050_50_8	4	69.4662958410022	62.4991530429617	76.4334386390427	-217.648503597445	-7.53244288581466	1	FALSE	66.052	0	0	0
4	spanishjapanese_5050_50_9	2	46.389808498753	41.1669235534547	51.6126934440513	-217.648503597445	-6.30084395743217	1	FALSE	48.135	0	0	0
