# CLUSTERING STRENGTH + LIKELIHOOD K SELECTION RESULTS (DATES)
# Recommended K: 2
# Method: DATES
# Clustering strength threshold: 0.983
# Likelihood thresholds: k1 to k2(k=2):1.2 k1 to k2(k=3):2.59 k2 to k3:0.71 k3 to k4:0.49
#
model_k	pop	cluster	joint_date_est_best	joint_date_lowerci	joint_date_upperci	likelihood_mean	likelihood_per_ind	recommended_k	is_recommended	ind_date_est	sample_age_est_best	sample_age_lowerci_mean	sample_age_upperci_mean
1	spanishjapanese_5050_20_1	1	26.1410125102761	24.9646150926436	27.3174099279085	-3446.31236794491	-14.9392337166829	2	FALSE	38.769	0	NA	NA
1	spanishjapanese_5050_20_10	1	26.1410125102761	24.9646150926436	27.3174099279085	-3446.31236794491	-36.7403857632154	2	FALSE	21.35	0	NA	NA
1	spanishjapanese_5050_20_11	1	26.1410125102761	24.9646150926436	27.3174099279085	-3446.31236794491	-13.302081375159	2	FALSE	20.514	0	NA	NA
1	spanishjapanese_5050_20_12	1	26.1410125102761	24.9646150926436	27.3174099279085	-3446.31236794491	-6.03756228405408	2	FALSE	24.753	0	NA	NA
1	spanishjapanese_5050_20_13	1	26.1410125102761	24.9646150926436	27.3174099279085	-3446.31236794491	-6.04489973248888	2	FALSE	27.81	0	NA	NA
1	spanishjapanese_5050_20_14	1	26.1410125102761	24.9646150926436	27.3174099279085	-3446.31236794491	-84.1682505737854	2	FALSE	15.353	0	NA	NA
1	spanishjapanese_5050_20_15	1	26.1410125102761	24.9646150926436	27.3174099279085	-3446.31236794491	-22.9833257302429	2	FALSE	19.575	0	NA	NA
1	spanishjapanese_5050_20_16	1	26.1410125102761	24.9646150926436	27.3174099279085	-3446.31236794491	-23.5906706691797	2	FALSE	14.336	0	NA	NA
1	spanishjapanese_5050_20_17	1	26.1410125102761	24.9646150926436	27.3174099279085	-3446.31236794491	-21.2449321486203	2	FALSE	18.88	0	NA	NA
1	spanishjapanese_5050_20_18	1	26.1410125102761	24.9646150926436	27.3174099279085	-3446.31236794491	-29.7197785435593	2	FALSE	19.668	0	NA	NA
1	spanishjapanese_5050_20_19	1	26.1410125102761	24.9646150926436	27.3174099279085	-3446.31236794491	-166.712012516558	2	FALSE	13.233	0	NA	NA
1	spanishjapanese_5050_20_2	1	26.1410125102761	24.9646150926436	27.3174099279085	-3446.31236794491	-7.82073096502092	2	FALSE	27.54	0	NA	NA
1	spanishjapanese_5050_20_20	1	26.1410125102761	24.9646150926436	27.3174099279085	-3446.31236794491	-9.26137775677273	2	FALSE	23.578	0	NA	NA
1	spanishjapanese_5050_20_21	1	26.1410125102761	24.9646150926436	27.3174099279085	-3446.31236794491	-23.8612861427643	2	FALSE	17.908	0	NA	NA
1	spanishjapanese_5050_20_22	1	26.1410125102761	24.9646150926436	27.3174099279085	-3446.31236794491	-8.93050252957243	2	FALSE	27.937	0	NA	NA
1	spanishjapanese_5050_20_23	1	26.1410125102761	24.9646150926436	27.3174099279085	-3446.31236794491	-7.40378964045668	2	FALSE	24.945	0	NA	NA
1	spanishjapanese_5050_20_24	1	26.1410125102761	24.9646150926436	27.3174099279085	-3446.31236794491	-5.39207263397064	2	FALSE	27.081	0	NA	NA
1	spanishjapanese_5050_20_25	1	26.1410125102761	24.9646150926436	27.3174099279085	-3446.31236794491	-16.4125118222804	2	FALSE	19.427	0	NA	NA
1	spanishjapanese_5050_20_26	1	26.1410125102761	24.9646150926436	27.3174099279085	-3446.31236794491	-5.61974823623129	2	FALSE	26.342	0	NA	NA
1	spanishjapanese_5050_20_27	1	26.1410125102761	24.9646150926436	27.3174099279085	-3446.31236794491	-111.217752738252	2	FALSE	1.81	0	NA	NA
1	spanishjapanese_5050_20_28	1	26.1410125102761	24.9646150926436	27.3174099279085	-3446.31236794491	-9.56471202958989	2	FALSE	23.451	0	NA	NA
1	spanishjapanese_5050_20_29	1	26.1410125102761	24.9646150926436	27.3174099279085	-3446.31236794491	-6.26672211680791	2	FALSE	28.398	0	NA	NA
1	spanishjapanese_5050_20_3	1	26.1410125102761	24.9646150926436	27.3174099279085	-3446.31236794491	-72.6557908045797	2	FALSE	13.481	0	NA	NA
1	spanishjapanese_5050_20_30	1	26.1410125102761	24.9646150926436	27.3174099279085	-3446.31236794491	-17.2209008208298	2	FALSE	21.394	0	NA	NA
1	spanishjapanese_5050_20_4	1	26.1410125102761	24.9646150926436	27.3174099279085	-3446.31236794491	-37.4949589680115	2	FALSE	17.996	0	NA	NA
1	spanishjapanese_5050_20_5	1	26.1410125102761	24.9646150926436	27.3174099279085	-3446.31236794491	-60.6634316553576	2	FALSE	17.498	0	NA	NA
1	spanishjapanese_5050_20_6	1	26.1410125102761	24.9646150926436	27.3174099279085	-3446.31236794491	-13.5273009694043	2	FALSE	20.941	0	NA	NA
1	spanishjapanese_5050_20_7	1	26.1410125102761	24.9646150926436	27.3174099279085	-3446.31236794491	-62.178838987946	2	FALSE	18.082	0	NA	NA
1	spanishjapanese_5050_20_8	1	26.1410125102761	24.9646150926436	27.3174099279085	-3446.31236794491	-56.2463036097787	2	FALSE	10.042	0	NA	NA
1	spanishjapanese_5050_20_9	1	26.1410125102761	24.9646150926436	27.3174099279085	-3446.31236794491	-8.73968063998302	2	FALSE	28.134	0	NA	NA
1	spanishjapanese_5050_50_1	1	26.1410125102761	24.9646150926436	27.3174099279085	-3446.31236794491	-192.86165721705	2	FALSE	60.82	0	NA	NA
1	spanishjapanese_5050_50_10	1	26.1410125102761	24.9646150926436	27.3174099279085	-3446.31236794491	-200.667289994934	2	FALSE	56.865	0	NA	NA
1	spanishjapanese_5050_50_11	1	26.1410125102761	24.9646150926436	27.3174099279085	-3446.31236794491	-271.681300440159	2	FALSE	70.854	0	NA	NA
1	spanishjapanese_5050_50_12	1	26.1410125102761	24.9646150926436	27.3174099279085	-3446.31236794491	-154.731315798316	2	FALSE	60.982	0	NA	NA
1	spanishjapanese_5050_50_13	1	26.1410125102761	24.9646150926436	27.3174099279085	-3446.31236794491	-63.6129087261603	2	FALSE	56.406	0	NA	NA
1	spanishjapanese_5050_50_14	1	26.1410125102761	24.9646150926436	27.3174099279085	-3446.31236794491	-56.7463173066041	2	FALSE	67.414	0	NA	NA
1	spanishjapanese_5050_50_15	1	26.1410125102761	24.9646150926436	27.3174099279085	-3446.31236794491	-40.5243535843944	2	FALSE	41.796	0	NA	NA
1	spanishjapanese_5050_50_16	1	26.1410125102761	24.9646150926436	27.3174099279085	-3446.31236794491	-93.5644200890326	2	FALSE	67.979	0	NA	NA
1	spanishjapanese_5050_50_17	1	26.1410125102761	24.9646150926436	27.3174099279085	-3446.31236794491	-60.3612579470669	2	FALSE	51.293	0	NA	NA
1	spanishjapanese_5050_50_18	1	26.1410125102761	24.9646150926436	27.3174099279085	-3446.31236794491	-77.1108394397578	2	FALSE	55.153	0	NA	NA
1	spanishjapanese_5050_50_19	1	26.1410125102761	24.9646150926436	27.3174099279085	-3446.31236794491	-24.6901132474966	2	FALSE	43.862	0	NA	NA
1	spanishjapanese_5050_50_2	1	26.1410125102761	24.9646150926436	27.3174099279085	-3446.31236794491	-59.9169887681552	2	FALSE	56.118	0	NA	NA
1	spanishjapanese_5050_50_20	1	26.1410125102761	24.9646150926436	27.3174099279085	-3446.31236794491	-150.80708279109	2	FALSE	60.584	0	NA	NA
1	spanishjapanese_5050_50_21	1	26.1410125102761	24.9646150926436	27.3174099279085	-3446.31236794491	-49.5216585268836	2	FALSE	47.339	0	NA	NA
1	spanishjapanese_5050_50_22	1	26.1410125102761	24.9646150926436	27.3174099279085	-3446.31236794491	-76.5988556170099	2	FALSE	70.269	0	NA	NA
1	spanishjapanese_5050_50_23	1	26.1410125102761	24.9646150926436	27.3174099279085	-3446.31236794491	-65.3215243851063	2	FALSE	59.219	0	NA	NA
1	spanishjapanese_5050_50_24	1	26.1410125102761	24.9646150926436	27.3174099279085	-3446.31236794491	-108.866015287487	2	FALSE	61.446	0	NA	NA
1	spanishjapanese_5050_50_25	1	26.1410125102761	24.9646150926436	27.3174099279085	-3446.31236794491	-77.8784622162732	2	FALSE	54.256	0	NA	NA
1	spanishjapanese_5050_50_26	1	26.1410125102761	24.9646150926436	27.3174099279085	-3446.31236794491	-23.2242956796565	2	FALSE	44.598	0	NA	NA
1	spanishjapanese_5050_50_27	1	26.1410125102761	24.9646150926436	27.3174099279085	-3446.31236794491	-30.9614140477576	2	FALSE	46.56	0	NA	NA
1	spanishjapanese_5050_50_28	1	26.1410125102761	24.9646150926436	27.3174099279085	-3446.31236794491	-54.0499814761847	2	FALSE	58.982	0	NA	NA
1	spanishjapanese_5050_50_29	1	26.1410125102761	24.9646150926436	27.3174099279085	-3446.31236794491	-29.6258373798835	2	FALSE	45.524	0	NA	NA
1	spanishjapanese_5050_50_3	1	26.1410125102761	24.9646150926436	27.3174099279085	-3446.31236794491	-111.104275339588	2	FALSE	81.813	0	NA	NA
1	spanishjapanese_5050_50_30	1	26.1410125102761	24.9646150926436	27.3174099279085	-3446.31236794491	-17.3695204120481	2	FALSE	39.417	0	NA	NA
1	spanishjapanese_5050_50_4	1	26.1410125102761	24.9646150926436	27.3174099279085	-3446.31236794491	-72.6399103527371	2	FALSE	64.262	0	NA	NA
1	spanishjapanese_5050_50_5	1	26.1410125102761	24.9646150926436	27.3174099279085	-3446.31236794491	-28.0773431929933	2	FALSE	48.075	0	NA	NA
1	spanishjapanese_5050_50_6	1	26.1410125102761	24.9646150926436	27.3174099279085	-3446.31236794491	-63.3143681993441	2	FALSE	56.407	0	NA	NA
1	spanishjapanese_5050_50_7	1	26.1410125102761	24.9646150926436	27.3174099279085	-3446.31236794491	-38.1266725058985	2	FALSE	46.5	0	NA	NA
1	spanishjapanese_5050_50_8	1	26.1410125102761	24.9646150926436	27.3174099279085	-3446.31236794491	-127.596441230229	2	FALSE	66.052	0	NA	NA
1	spanishjapanese_5050_50_9	1	26.1410125102761	24.9646150926436	27.3174099279085	-3446.31236794491	-58.7984006244595	2	FALSE	48.135	0	NA	NA
2	spanishjapanese_5050_20_1	2	55.7117028469355	52.8631084812633	58.5602972126078	-863.611923199793	-17.0078158825383	2	TRUE	38.769	0	0	0
2	spanishjapanese_5050_20_10	1	20.0608223279839	18.769131840869	21.3525128150987	-863.611923199793	-7.01852262726868	2	TRUE	21.35	0	0	0
2	spanishjapanese_5050_20_11	1	20.0608223279839	18.769131840869	21.3525128150987	-863.611923199793	-4.75751521341905	2	TRUE	20.514	0	0	0
2	spanishjapanese_5050_20_12	1	20.0608223279839	18.769131840869	21.3525128150987	-863.611923199793	-10.5950366418759	2	TRUE	24.753	0	0	0
2	spanishjapanese_5050_20_13	1	20.0608223279839	18.769131840869	21.3525128150987	-863.611923199793	-14.9998296033851	2	TRUE	27.81	0	0	0
2	spanishjapanese_5050_20_14	1	20.0608223279839	18.769131840869	21.3525128150987	-863.611923199793	-18.0330687930387	2	TRUE	15.353	0	0	0
2	spanishjapanese_5050_20_15	1	20.0608223279839	18.769131840869	21.3525128150987	-863.611923199793	-3.84689792642207	2	TRUE	19.575	0	0	0
2	spanishjapanese_5050_20_16	1	20.0608223279839	18.769131840869	21.3525128150987	-863.611923199793	-11.601495028905	2	TRUE	14.336	0	0	0
2	spanishjapanese_5050_20_17	1	20.0608223279839	18.769131840869	21.3525128150987	-863.611923199793	-4.66366187288437	2	TRUE	18.88	0	0	0
2	spanishjapanese_5050_20_18	1	20.0608223279839	18.769131840869	21.3525128150987	-863.611923199793	-3.70163947313473	2	TRUE	19.668	0	0	0
2	spanishjapanese_5050_20_19	1	20.0608223279839	18.769131840869	21.3525128150987	-863.611923199793	-47.8310107051658	2	TRUE	13.233	0	0	0
2	spanishjapanese_5050_20_2	1	20.0608223279839	18.769131840869	21.3525128150987	-863.611923199793	-27.8770882381116	2	TRUE	27.54	0	0	0
2	spanishjapanese_5050_20_20	1	20.0608223279839	18.769131840869	21.3525128150987	-863.611923199793	-8.68719927198396	2	TRUE	23.578	0	0	0
2	spanishjapanese_5050_20_21	1	20.0608223279839	18.769131840869	21.3525128150987	-863.611923199793	-5.74151006389388	2	TRUE	17.908	0	0	0
2	spanishjapanese_5050_20_22	1	20.0608223279839	18.769131840869	21.3525128150987	-863.611923199793	-32.6681354832014	2	TRUE	27.937	0	0	0
2	spanishjapanese_5050_20_23	1	20.0608223279839	18.769131840869	21.3525128150987	-863.611923199793	-13.6674125695007	2	TRUE	24.945	0	0	0
2	spanishjapanese_5050_20_24	1	20.0608223279839	18.769131840869	21.3525128150987	-863.611923199793	-14.8947833146002	2	TRUE	27.081	0	0	0
2	spanishjapanese_5050_20_25	1	20.0608223279839	18.769131840869	21.3525128150987	-863.611923199793	-4.87278591191397	2	TRUE	19.427	0	0	0
2	spanishjapanese_5050_20_26	1	20.0608223279839	18.769131840869	21.3525128150987	-863.611923199793	-12.4653041610975	2	TRUE	26.342	0	0	0
2	spanishjapanese_5050_20_27	1	20.0608223279839	18.769131840869	21.3525128150987	-863.611923199793	-65.5587528625294	2	TRUE	1.81	0	0	0
2	spanishjapanese_5050_20_28	1	20.0608223279839	18.769131840869	21.3525128150987	-863.611923199793	-8.35001559732203	2	TRUE	23.451	0	0	0
2	spanishjapanese_5050_20_29	1	20.0608223279839	18.769131840869	21.3525128150987	-863.611923199793	-19.7921374233812	2	TRUE	28.398	0	0	0
2	spanishjapanese_5050_20_3	1	20.0608223279839	18.769131840869	21.3525128150987	-863.611923199793	-21.4937821979138	2	TRUE	13.481	0	0	0
2	spanishjapanese_5050_20_30	1	20.0608223279839	18.769131840869	21.3525128150987	-863.611923199793	-4.41707009041473	2	TRUE	21.394	0	0	0
2	spanishjapanese_5050_20_4	1	20.0608223279839	18.769131840869	21.3525128150987	-863.611923199793	-5.55804272646382	2	TRUE	17.996	0	0	0
2	spanishjapanese_5050_20_5	1	20.0608223279839	18.769131840869	21.3525128150987	-863.611923199793	-8.42546124849969	2	TRUE	17.498	0	0	0
2	spanishjapanese_5050_20_6	1	20.0608223279839	18.769131840869	21.3525128150987	-863.611923199793	-4.50058412160725	2	TRUE	20.941	0	0	0
2	spanishjapanese_5050_20_7	1	20.0608223279839	18.769131840869	21.3525128150987	-863.611923199793	-7.47027317606755	2	TRUE	18.082	0	0	0
2	spanishjapanese_5050_20_8	1	20.0608223279839	18.769131840869	21.3525128150987	-863.611923199793	-25.3226812226431	2	TRUE	10.042	0	0	0
2	spanishjapanese_5050_20_9	1	20.0608223279839	18.769131840869	21.3525128150987	-863.611923199793	-32.0596057831031	2	TRUE	28.134	0	0	0
2	spanishjapanese_5050_50_1	2	55.7117028469355	52.8631084812633	58.5602972126078	-863.611923199793	-11.3953983259091	2	TRUE	60.82	0	0	0
2	spanishjapanese_5050_50_10	2	55.7117028469355	52.8631084812633	58.5602972126078	-863.611923199793	-9.60345592256056	2	TRUE	56.865	0	0	0
2	spanishjapanese_5050_50_11	2	55.7117028469355	52.8631084812633	58.5602972126078	-863.611923199793	-37.1767877808084	2	TRUE	70.854	0	0	0
2	spanishjapanese_5050_50_12	2	55.7117028469355	52.8631084812633	58.5602972126078	-863.611923199793	-9.82823226676423	2	TRUE	60.982	0	0	0
2	spanishjapanese_5050_50_13	2	55.7117028469355	52.8631084812633	58.5602972126078	-863.611923199793	-6.53658897930779	2	TRUE	56.406	0	0	0
2	spanishjapanese_5050_50_14	2	55.7117028469355	52.8631084812633	58.5602972126078	-863.611923199793	-13.2883509375041	2	TRUE	67.414	0	0	0
2	spanishjapanese_5050_50_15	2	55.7117028469355	52.8631084812633	58.5602972126078	-863.611923199793	-34.6298147790441	2	TRUE	41.796	0	0	0
2	spanishjapanese_5050_50_16	2	55.7117028469355	52.8631084812633	58.5602972126078	-863.611923199793	-14.4659636426684	2	TRUE	67.979	0	0	0
2	spanishjapanese_5050_50_17	2	55.7117028469355	52.8631084812633	58.5602972126078	-863.611923199793	-7.71476107918586	2	TRUE	51.293	0	0	0
2	spanishjapanese_5050_50_18	2	55.7117028469355	52.8631084812633	58.5602972126078	-863.611923199793	-6.08724927826933	2	TRUE	55.153	0	0	0
2	spanishjapanese_5050_50_19	2	55.7117028469355	52.8631084812633	58.5602972126078	-863.611923199793	-14.3216297652235	2	TRUE	43.862	0	0	0
2	spanishjapanese_5050_50_2	2	55.7117028469355	52.8631084812633	58.5602972126078	-863.611923199793	-6.64141313703336	2	TRUE	56.118	0	0	0
2	spanishjapanese_5050_50_20	2	55.7117028469355	52.8631084812633	58.5602972126078	-863.611923199793	-9.31221702748212	2	TRUE	60.584	0	0	0
2	spanishjapanese_5050_50_21	2	55.7117028469355	52.8631084812633	58.5602972126078	-863.611923199793	-12.8112661485623	2	TRUE	47.339	0	0	0
2	spanishjapanese_5050_50_22	2	55.7117028469355	52.8631084812633	58.5602972126078	-863.611923199793	-15.7565358827733	2	TRUE	70.269	0	0	0
2	spanishjapanese_5050_50_23	2	55.7117028469355	52.8631084812633	58.5602972126078	-863.611923199793	-7.56074268998294	2	TRUE	59.219	0	0	0
2	spanishjapanese_5050_50_24	2	55.7117028469355	52.8631084812633	58.5602972126078	-863.611923199793	-8.76923443656919	2	TRUE	61.446	0	0	0
2	spanishjapanese_5050_50_25	2	55.7117028469355	52.8631084812633	58.5602972126078	-863.611923199793	-6.23470506108211	2	TRUE	54.256	0	0	0
2	spanishjapanese_5050_50_26	2	55.7117028469355	52.8631084812633	58.5602972126078	-863.611923199793	-12.8491000273424	2	TRUE	44.598	0	0	0
2	spanishjapanese_5050_50_27	2	55.7117028469355	52.8631084812633	58.5602972126078	-863.611923199793	-11.391779272064	2	TRUE	46.56	0	0	0
2	spanishjapanese_5050_50_28	2	55.7117028469355	52.8631084812633	58.5602972126078	-863.611923199793	-8.1163224601759	2	TRUE	58.982	0	0	0
2	spanishjapanese_5050_50_29	2	55.7117028469355	52.8631084812633	58.5602972126078	-863.611923199793	-12.6736347941818	2	TRUE	45.524	0	0	0
2	spanishjapanese_5050_50_3	2	55.7117028469355	52.8631084812633	58.5602972126078	-863.611923199793	-30.9539593614347	2	TRUE	81.813	0	0	0
2	spanishjapanese_5050_50_30	2	55.7117028469355	52.8631084812633	58.5602972126078	-863.611923199793	-20.9210741600221	2	TRUE	39.417	0	0	0
2	spanishjapanese_5050_50_4	2	55.7117028469355	52.8631084812633	58.5602972126078	-863.611923199793	-10.7023645705657	2	TRUE	64.262	0	0	0
2	spanishjapanese_5050_50_5	2	55.7117028469355	52.8631084812633	58.5602972126078	-863.611923199793	-10.2011770360726	2	TRUE	48.075	0	0	0
2	spanishjapanese_5050_50_6	2	55.7117028469355	52.8631084812633	58.5602972126078	-863.611923199793	-6.54954775056873	2	TRUE	56.407	0	0	0
2	spanishjapanese_5050_50_7	2	55.7117028469355	52.8631084812633	58.5602972126078	-863.611923199793	-12.5399388637542	2	TRUE	46.5	0	0	0
2	spanishjapanese_5050_50_8	2	55.7117028469355	52.8631084812633	58.5602972126078	-863.611923199793	-14.2444750283036	2	TRUE	66.052	0	0	0
2	spanishjapanese_5050_50_9	2	55.7117028469355	52.8631084812633	58.5602972126078	-863.611923199793	-12.4550835022896	2	TRUE	48.135	0	0	0
3	spanishjapanese_5050_20_1	2	45.5768965388577	40.7746794014617	50.3791136762536	-731.084298300678	-11.2788824653319	2	FALSE	38.769	0	0	0
3	spanishjapanese_5050_20_10	1	20.0608223279839	18.769131840869	21.3525128150987	-731.084298300678	-7.01852262726868	2	FALSE	21.35	0	0	0
3	spanishjapanese_5050_20_11	1	20.0608223279839	18.769131840869	21.3525128150987	-731.084298300678	-4.75751521341905	2	FALSE	20.514	0	0	0
3	spanishjapanese_5050_20_12	1	20.0608223279839	18.769131840869	21.3525128150987	-731.084298300678	-10.5950366418759	2	FALSE	24.753	0	0	0
3	spanishjapanese_5050_20_13	1	20.0608223279839	18.769131840869	21.3525128150987	-731.084298300678	-14.9998296033851	2	FALSE	27.81	0	0	0
3	spanishjapanese_5050_20_14	1	20.0608223279839	18.769131840869	21.3525128150987	-731.084298300678	-18.0330687930387	2	FALSE	15.353	0	0	0
3	spanishjapanese_5050_20_15	1	20.0608223279839	18.769131840869	21.3525128150987	-731.084298300678	-3.84689792642207	2	FALSE	19.575	0	0	0
3	spanishjapanese_5050_20_16	1	20.0608223279839	18.769131840869	21.3525128150987	-731.084298300678	-11.601495028905	2	FALSE	14.336	0	0	0
3	spanishjapanese_5050_20_17	1	20.0608223279839	18.769131840869	21.3525128150987	-731.084298300678	-4.66366187288437	2	FALSE	18.88	0	0	0
3	spanishjapanese_5050_20_18	1	20.0608223279839	18.769131840869	21.3525128150987	-731.084298300678	-3.70163947313473	2	FALSE	19.668	0	0	0
3	spanishjapanese_5050_20_19	1	20.0608223279839	18.769131840869	21.3525128150987	-731.084298300678	-47.8310107051658	2	FALSE	13.233	0	0	0
3	spanishjapanese_5050_20_2	1	20.0608223279839	18.769131840869	21.3525128150987	-731.084298300678	-27.8770882381116	2	FALSE	27.54	0	0	0
3	spanishjapanese_5050_20_20	1	20.0608223279839	18.769131840869	21.3525128150987	-731.084298300678	-8.68719927198396	2	FALSE	23.578	0	0	0
3	spanishjapanese_5050_20_21	1	20.0608223279839	18.769131840869	21.3525128150987	-731.084298300678	-5.74151006389388	2	FALSE	17.908	0	0	0
3	spanishjapanese_5050_20_22	1	20.0608223279839	18.769131840869	21.3525128150987	-731.084298300678	-32.6681354832014	2	FALSE	27.937	0	0	0
3	spanishjapanese_5050_20_23	1	20.0608223279839	18.769131840869	21.3525128150987	-731.084298300678	-13.6674125695007	2	FALSE	24.945	0	0	0
3	spanishjapanese_5050_20_24	1	20.0608223279839	18.769131840869	21.3525128150987	-731.084298300678	-14.8947833146002	2	FALSE	27.081	0	0	0
3	spanishjapanese_5050_20_25	1	20.0608223279839	18.769131840869	21.3525128150987	-731.084298300678	-4.87278591191397	2	FALSE	19.427	0	0	0
3	spanishjapanese_5050_20_26	1	20.0608223279839	18.769131840869	21.3525128150987	-731.084298300678	-12.4653041610975	2	FALSE	26.342	0	0	0
3	spanishjapanese_5050_20_27	1	20.0608223279839	18.769131840869	21.3525128150987	-731.084298300678	-65.5587528625294	2	FALSE	1.81	0	0	0
3	spanishjapanese_5050_20_28	1	20.0608223279839	18.769131840869	21.3525128150987	-731.084298300678	-8.35001559732203	2	FALSE	23.451	0	0	0
3	spanishjapanese_5050_20_29	1	20.0608223279839	18.769131840869	21.3525128150987	-731.084298300678	-19.7921374233812	2	FALSE	28.398	0	0	0
3	spanishjapanese_5050_20_3	1	20.0608223279839	18.769131840869	21.3525128150987	-731.084298300678	-21.4937821979138	2	FALSE	13.481	0	0	0
3	spanishjapanese_5050_20_30	1	20.0608223279839	18.769131840869	21.3525128150987	-731.084298300678	-4.41707009041473	2	FALSE	21.394	0	0	0
3	spanishjapanese_5050_20_4	1	20.0608223279839	18.769131840869	21.3525128150987	-731.084298300678	-5.55804272646382	2	FALSE	17.996	0	0	0
3	spanishjapanese_5050_20_5	1	20.0608223279839	18.769131840869	21.3525128150987	-731.084298300678	-8.42546124849969	2	FALSE	17.498	0	0	0
3	spanishjapanese_5050_20_6	1	20.0608223279839	18.769131840869	21.3525128150987	-731.084298300678	-4.50058412160725	2	FALSE	20.941	0	0	0
3	spanishjapanese_5050_20_7	1	20.0608223279839	18.769131840869	21.3525128150987	-731.084298300678	-7.47027317606755	2	FALSE	18.082	0	0	0
3	spanishjapanese_5050_20_8	1	20.0608223279839	18.769131840869	21.3525128150987	-731.084298300678	-25.3226812226431	2	FALSE	10.042	0	0	0
3	spanishjapanese_5050_20_9	1	20.0608223279839	18.769131840869	21.3525128150987	-731.084298300678	-32.0596057831031	2	FALSE	28.134	0	0	0
3	spanishjapanese_5050_50_1	3	61.2138026517227	57.6754729445621	64.7521323588834	-731.084298300678	-7.11044831049552	2	FALSE	60.82	0	0	0
3	spanishjapanese_5050_50_10	3	61.2138026517227	57.6754729445621	64.7521323588834	-731.084298300678	-12.8448001167479	2	FALSE	56.865	0	0	0
3	spanishjapanese_5050_50_11	3	61.2138026517227	57.6754729445621	64.7521323588834	-731.084298300678	-18.8558128964015	2	FALSE	70.854	0	0	0
3	spanishjapanese_5050_50_12	3	61.2138026517227	57.6754729445621	64.7521323588834	-731.084298300678	-6.28449645056038	2	FALSE	60.982	0	0	0
3	spanishjapanese_5050_50_13	3	61.2138026517227	57.6754729445621	64.7521323588834	-731.084298300678	-7.95505920110857	2	FALSE	56.406	0	0	0
3	spanishjapanese_5050_50_14	3	61.2138026517227	57.6754729445621	64.7521323588834	-731.084298300678	-10.7290752087285	2	FALSE	67.414	0	0	0
3	spanishjapanese_5050_50_15	2	45.5768965388577	40.7746794014617	50.3791136762536	-731.084298300678	-9.19090030874928	2	FALSE	41.796	0	0	0
3	spanishjapanese_5050_50_16	3	61.2138026517227	57.6754729445621	64.7521323588834	-731.084298300678	-9.43219353122248	2	FALSE	67.979	0	0	0
3	spanishjapanese_5050_50_17	2	45.5768965388577	40.7746794014617	50.3791136762536	-731.084298300678	-8.89908513328302	2	FALSE	51.293	0	0	0
3	spanishjapanese_5050_50_18	3	61.2138026517227	57.6754729445621	64.7521323588834	-731.084298300678	-9.11048319090552	2	FALSE	55.153	0	0	0
3	spanishjapanese_5050_50_19	2	45.5768965388577	40.7746794014617	50.3791136762536	-731.084298300678	-6.98703373662747	2	FALSE	43.862	0	0	0
3	spanishjapanese_5050_50_2	3	61.2138026517227	57.6754729445621	64.7521323588834	-731.084298300678	-8.1812218465711	2	FALSE	56.118	0	0	0
3	spanishjapanese_5050_50_20	3	61.2138026517227	57.6754729445621	64.7521323588834	-731.084298300678	-6.31824446015354	2	FALSE	60.584	0	0	0
3	spanishjapanese_5050_50_21	2	45.5768965388577	40.7746794014617	50.3791136762536	-731.084298300678	-6.45776456625878	2	FALSE	47.339	0	0	0
3	spanishjapanese_5050_50_22	3	61.2138026517227	57.6754729445621	64.7521323588834	-731.084298300678	-11.3857033815579	2	FALSE	70.269	0	0	0
3	spanishjapanese_5050_50_23	3	61.2138026517227	57.6754729445621	64.7521323588834	-731.084298300678	-7.18129511215463	2	FALSE	59.219	0	0	0
3	spanishjapanese_5050_50_24	3	61.2138026517227	57.6754729445621	64.7521323588834	-731.084298300678	-6.05490180207102	2	FALSE	61.446	0	0	0
3	spanishjapanese_5050_50_25	3	61.2138026517227	57.6754729445621	64.7521323588834	-731.084298300678	-10.374343650876	2	FALSE	54.256	0	0	0
3	spanishjapanese_5050_50_26	2	45.5768965388577	40.7746794014617	50.3791136762536	-731.084298300678	-7.58821125451171	2	FALSE	44.598	0	0	0
3	spanishjapanese_5050_50_27	2	45.5768965388577	40.7746794014617	50.3791136762536	-731.084298300678	-6.77436841412231	2	FALSE	46.56	0	0	0
3	spanishjapanese_5050_50_28	3	61.2138026517227	57.6754729445621	64.7521323588834	-731.084298300678	-7.95746119011135	2	FALSE	58.982	0	0	0
3	spanishjapanese_5050_50_29	2	45.5768965388577	40.7746794014617	50.3791136762536	-731.084298300678	-6.59609608877013	2	FALSE	45.524	0	0	0
3	spanishjapanese_5050_50_3	3	61.2138026517227	57.6754729445621	64.7521323588834	-731.084298300678	-22.6586771949877	2	FALSE	81.813	0	0	0
3	spanishjapanese_5050_50_30	2	45.5768965388577	40.7746794014617	50.3791136762536	-731.084298300678	-8.84448159510207	2	FALSE	39.417	0	0	0
3	spanishjapanese_5050_50_4	3	61.2138026517227	57.6754729445621	64.7521323588834	-731.084298300678	-7.97054668451172	2	FALSE	64.262	0	0	0
3	spanishjapanese_5050_50_5	2	45.5768965388577	40.7746794014617	50.3791136762536	-731.084298300678	-8.03867757919838	2	FALSE	48.075	0	0	0
3	spanishjapanese_5050_50_6	3	61.2138026517227	57.6754729445621	64.7521323588834	-731.084298300678	-7.96032050011848	2	FALSE	56.407	0	0	0
3	spanishjapanese_5050_50_7	2	45.5768965388577	40.7746794014617	50.3791136762536	-731.084298300678	-6.24870269364154	2	FALSE	46.5	0	0	0
3	spanishjapanese_5050_50_8	3	61.2138026517227	57.6754729445621	64.7521323588834	-731.084298300678	-7.91059826551727	2	FALSE	66.052	0	0	0
3	spanishjapanese_5050_50_9	2	45.5768965388577	40.7746794014617	50.3791136762536	-731.084298300678	-7.03310812053259	2	FALSE	48.135	0	0	0
4	spanishjapanese_5050_20_1	3	45.5768965388577	40.7746794014617	50.3791136762536	-536.177467269753	-11.2788824653319	2	FALSE	38.769	0	0	0
4	spanishjapanese_5050_20_10	2	24.4074714293209	22.5264725077462	26.2884703508957	-536.177467269753	-14.9179007929888	2	FALSE	21.35	0	0	0
4	spanishjapanese_5050_20_11	2	24.4074714293209	22.5264725077462	26.2884703508957	-536.177467269753	-8.41493575944068	2	FALSE	20.514	0	0	0
4	spanishjapanese_5050_20_12	2	24.4074714293209	22.5264725077462	26.2884703508957	-536.177467269753	-4.32880174335158	2	FALSE	24.753	0	0	0
4	spanishjapanese_5050_20_13	2	24.4074714293209	22.5264725077462	26.2884703508957	-536.177467269753	-8.81261446630895	2	FALSE	27.81	0	0	0
4	spanishjapanese_5050_20_14	1	16.1819874848411	14.405091934453	17.9588830352292	-536.177467269753	-4.03636259624646	2	FALSE	15.353	0	0	0
4	spanishjapanese_5050_20_15	1	16.1819874848411	14.405091934453	17.9588830352292	-536.177467269753	-8.21241089746982	2	FALSE	19.575	0	0	0
4	spanishjapanese_5050_20_16	1	16.1819874848411	14.405091934453	17.9588830352292	-536.177467269753	-8.01437137480437	2	FALSE	14.336	0	0	0
4	spanishjapanese_5050_20_17	1	16.1819874848411	14.405091934453	17.9588830352292	-536.177467269753	-6.52860262093765	2	FALSE	18.88	0	0	0
4	spanishjapanese_5050_20_18	1	16.1819874848411	14.405091934453	17.9588830352292	-536.177467269753	-9.77129138085129	2	FALSE	19.668	0	0	0
4	spanishjapanese_5050_20_19	1	16.1819874848411	14.405091934453	17.9588830352292	-536.177467269753	-12.5152769130853	2	FALSE	13.233	0	0	0
4	spanishjapanese_5050_20_2	2	24.4074714293209	22.5264725077462	26.2884703508957	-536.177467269753	-7.95766898227737	2	FALSE	27.54	0	0	0
4	spanishjapanese_5050_20_20	2	24.4074714293209	22.5264725077462	26.2884703508957	-536.177467269753	-4.01288743266684	2	FALSE	23.578	0	0	0
4	spanishjapanese_5050_20_21	1	16.1819874848411	14.405091934453	17.9588830352292	-536.177467269753	-5.43068209909614	2	FALSE	17.908	0	0	0
4	spanishjapanese_5050_20_22	2	24.4074714293209	22.5264725077462	26.2884703508957	-536.177467269753	-9.5472855719767	2	FALSE	27.937	0	0	0
4	spanishjapanese_5050_20_23	2	24.4074714293209	22.5264725077462	26.2884703508957	-536.177467269753	-3.83650029073916	2	FALSE	24.945	0	0	0
4	spanishjapanese_5050_20_24	2	24.4074714293209	22.5264725077462	26.2884703508957	-536.177467269753	-6.97155933424647	2	FALSE	27.081	0	0	0
4	spanishjapanese_5050_20_25	1	16.1819874848411	14.405091934453	17.9588830352292	-536.177467269753	-7.5281350523275	2	FALSE	19.427	0	0	0
4	spanishjapanese_5050_20_26	2	24.4074714293209	22.5264725077462	26.2884703508957	-536.177467269753	-7.6379026507699	2	FALSE	26.342	0	0	0
4	spanishjapanese_5050_20_27	1	16.1819874848411	14.405091934453	17.9588830352292	-536.177467269753	-43.1022186168456	2	FALSE	1.81	0	0	0
4	spanishjapanese_5050_20_28	2	24.4074714293209	22.5264725077462	26.2884703508957	-536.177467269753	-4.10318834348342	2	FALSE	23.451	0	0	0
4	spanishjapanese_5050_20_29	2	24.4074714293209	22.5264725077462	26.2884703508957	-536.177467269753	-8.51997134677793	2	FALSE	28.398	0	0	0
4	spanishjapanese_5050_20_3	1	16.1819874848411	14.405091934453	17.9588830352292	-536.177467269753	-6.68136318375321	2	FALSE	13.481	0	0	0
4	spanishjapanese_5050_20_30	2	24.4074714293209	22.5264725077462	26.2884703508957	-536.177467269753	-7.76370361736562	2	FALSE	21.394	0	0	0
4	spanishjapanese_5050_20_4	1	16.1819874848411	14.405091934453	17.9588830352292	-536.177467269753	-5.06151289853597	2	FALSE	17.996	0	0	0
4	spanishjapanese_5050_20_5	1	16.1819874848411	14.405091934453	17.9588830352292	-536.177467269753	-4.83631248263243	2	FALSE	17.498	0	0	0
4	spanishjapanese_5050_20_6	2	24.4074714293209	22.5264725077462	26.2884703508957	-536.177467269753	-7.73471918420842	2	FALSE	20.941	0	0	0
4	spanishjapanese_5050_20_7	1	16.1819874848411	14.405091934453	17.9588830352292	-536.177467269753	-6.75630734530998	2	FALSE	18.082	0	0	0
4	spanishjapanese_5050_20_8	1	16.1819874848411	14.405091934453	17.9588830352292	-536.177467269753	-13.1688776587841	2	FALSE	10.042	0	0	0
4	spanishjapanese_5050_20_9	2	24.4074714293209	22.5264725077462	26.2884703508957	-536.177467269753	-9.76110768154108	2	FALSE	28.134	0	0	0
4	spanishjapanese_5050_50_1	4	61.2138026517227	57.6754729445621	64.7521323588834	-536.177467269753	-7.11044831049552	2	FALSE	60.82	0	0	0
4	spanishjapanese_5050_50_10	4	61.2138026517227	57.6754729445621	64.7521323588834	-536.177467269753	-12.8448001167479	2	FALSE	56.865	0	0	0
4	spanishjapanese_5050_50_11	4	61.2138026517227	57.6754729445621	64.7521323588834	-536.177467269753	-18.8558128964015	2	FALSE	70.854	0	0	0
4	spanishjapanese_5050_50_12	4	61.2138026517227	57.6754729445621	64.7521323588834	-536.177467269753	-6.28449645056038	2	FALSE	60.982	0	0	0
4	spanishjapanese_5050_50_13	4	61.2138026517227	57.6754729445621	64.7521323588834	-536.177467269753	-7.95505920110857	2	FALSE	56.406	0	0	0
4	spanishjapanese_5050_50_14	4	61.2138026517227	57.6754729445621	64.7521323588834	-536.177467269753	-10.7290752087285	2	FALSE	67.414	0	0	0
4	spanishjapanese_5050_50_15	3	45.5768965388577	40.7746794014617	50.3791136762536	-536.177467269753	-9.19090030874928	2	FALSE	41.796	0	0	0
4	spanishjapanese_5050_50_16	4	61.2138026517227	57.6754729445621	64.7521323588834	-536.177467269753	-9.43219353122248	2	FALSE	67.979	0	0	0
4	spanishjapanese_5050_50_17	3	45.5768965388577	40.7746794014617	50.3791136762536	-536.177467269753	-8.89908513328302	2	FALSE	51.293	0	0	0
4	spanishjapanese_5050_50_18	4	61.2138026517227	57.6754729445621	64.7521323588834	-536.177467269753	-9.11048319090552	2	FALSE	55.153	0	0	0
4	spanishjapanese_5050_50_19	3	45.5768965388577	40.7746794014617	50.3791136762536	-536.177467269753	-6.98703373662747	2	FALSE	43.862	0	0	0
4	spanishjapanese_5050_50_2	4	61.2138026517227	57.6754729445621	64.7521323588834	-536.177467269753	-8.1812218465711	2	FALSE	56.118	0	0	0
4	spanishjapanese_5050_50_20	4	61.2138026517227	57.6754729445621	64.7521323588834	-536.177467269753	-6.31824446015354	2	FALSE	60.584	0	0	0
4	spanishjapanese_5050_50_21	3	45.5768965388577	40.7746794014617	50.3791136762536	-536.177467269753	-6.45776456625878	2	FALSE	47.339	0	0	0
4	spanishjapanese_5050_50_22	4	61.2138026517227	57.6754729445621	64.7521323588834	-536.177467269753	-11.3857033815579	2	FALSE	70.269	0	0	0
4	spanishjapanese_5050_50_23	4	61.2138026517227	57.6754729445621	64.7521323588834	-536.177467269753	-7.18129511215463	2	FALSE	59.219	0	0	0
4	spanishjapanese_5050_50_24	4	61.2138026517227	57.6754729445621	64.7521323588834	-536.177467269753	-6.05490180207102	2	FALSE	61.446	0	0	0
4	spanishjapanese_5050_50_25	4	61.2138026517227	57.6754729445621	64.7521323588834	-536.177467269753	-10.374343650876	2	FALSE	54.256	0	0	0
4	spanishjapanese_5050_50_26	3	45.5768965388577	40.7746794014617	50.3791136762536	-536.177467269753	-7.58821125451171	2	FALSE	44.598	0	0	0
4	spanishjapanese_5050_50_27	3	45.5768965388577	40.7746794014617	50.3791136762536	-536.177467269753	-6.77436841412231	2	FALSE	46.56	0	0	0
4	spanishjapanese_5050_50_28	4	61.2138026517227	57.6754729445621	64.7521323588834	-536.177467269753	-7.95746119011135	2	FALSE	58.982	0	0	0
4	spanishjapanese_5050_50_29	3	45.5768965388577	40.7746794014617	50.3791136762536	-536.177467269753	-6.59609608877013	2	FALSE	45.524	0	0	0
4	spanishjapanese_5050_50_3	4	61.2138026517227	57.6754729445621	64.7521323588834	-536.177467269753	-22.6586771949877	2	FALSE	81.813	0	0	0
4	spanishjapanese_5050_50_30	3	45.5768965388577	40.7746794014617	50.3791136762536	-536.177467269753	-8.84448159510207	2	FALSE	39.417	0	0	0
4	spanishjapanese_5050_50_4	4	61.2138026517227	57.6754729445621	64.7521323588834	-536.177467269753	-7.97054668451172	2	FALSE	64.262	0	0	0
4	spanishjapanese_5050_50_5	3	45.5768965388577	40.7746794014617	50.3791136762536	-536.177467269753	-8.03867757919838	2	FALSE	48.075	0	0	0
4	spanishjapanese_5050_50_6	4	61.2138026517227	57.6754729445621	64.7521323588834	-536.177467269753	-7.96032050011848	2	FALSE	56.407	0	0	0
4	spanishjapanese_5050_50_7	3	45.5768965388577	40.7746794014617	50.3791136762536	-536.177467269753	-6.24870269364154	2	FALSE	46.5	0	0	0
4	spanishjapanese_5050_50_8	4	61.2138026517227	57.6754729445621	64.7521323588834	-536.177467269753	-7.91059826551727	2	FALSE	66.052	0	0	0
4	spanishjapanese_5050_50_9	3	45.5768965388577	40.7746794014617	50.3791136762536	-536.177467269753	-7.03310812053259	2	FALSE	48.135	0	0	0
