# CLUSTERING STRENGTH + LIKELIHOOD K SELECTION RESULTS (DATES)
# Recommended K: 1
# Method: DATES
# Clustering strength threshold: 0.983
# Likelihood thresholds: k1 to k2(k=2):1.2 k1 to k2(k=3):2.59 k2 to k3:0.71 k3 to k4:0.49
#
model_k	pop	cluster	joint_date_est_best	joint_date_lowerci	joint_date_upperci	likelihood_mean	likelihood_per_ind	recommended_k	is_recommended	ind_date_est	sample_age_est_best	sample_age_lowerci_mean	sample_age_upperci_mean
1	spanishjapanese_5050_75_1	1	78.7699425880526	74.1079241299468	83.4319610461584	-399.866852923692	-10.5616711795636	1	TRUE	71.671	0	NA	NA
1	spanishjapanese_5050_75_10	1	78.7699425880526	74.1079241299468	83.4319610461584	-399.866852923692	-11.9775712320434	1	TRUE	65.488	0	NA	NA
1	spanishjapanese_5050_75_11	1	78.7699425880526	74.1079241299468	83.4319610461584	-399.866852923692	-10.4850432032582	1	TRUE	68.856	0	NA	NA
1	spanishjapanese_5050_75_12	1	78.7699425880526	74.1079241299468	83.4319610461584	-399.866852923692	-13.484286648747	1	TRUE	88.121	0	NA	NA
1	spanishjapanese_5050_75_13	1	78.7699425880526	74.1079241299468	83.4319610461584	-399.866852923692	-8.77381688378258	1	TRUE	75.138	0	NA	NA
1	spanishjapanese_5050_75_14	1	78.7699425880526	74.1079241299468	83.4319610461584	-399.866852923692	-13.6137375685119	1	TRUE	94.681	0	NA	NA
1	spanishjapanese_5050_75_15	1	78.7699425880526	74.1079241299468	83.4319610461584	-399.866852923692	-8.17762396124872	1	TRUE	76.929	0	NA	NA
1	spanishjapanese_5050_75_16	1	78.7699425880526	74.1079241299468	83.4319610461584	-399.866852923692	-7.98971952048737	1	TRUE	81.536	0	NA	NA
1	spanishjapanese_5050_75_17	1	78.7699425880526	74.1079241299468	83.4319610461584	-399.866852923692	-36.2489264433433	1	TRUE	106.936	0	NA	NA
1	spanishjapanese_5050_75_18	1	78.7699425880526	74.1079241299468	83.4319610461584	-399.866852923692	-9.2357651688825	1	TRUE	72.304	0	NA	NA
1	spanishjapanese_5050_75_19	1	78.7699425880526	74.1079241299468	83.4319610461584	-399.866852923692	-14.8673885857068	1	TRUE	95.929	0	NA	NA
1	spanishjapanese_5050_75_2	1	78.7699425880526	74.1079241299468	83.4319610461584	-399.866852923692	-9.20221775258129	1	TRUE	74.132	0	NA	NA
1	spanishjapanese_5050_75_20	1	78.7699425880526	74.1079241299468	83.4319610461584	-399.866852923692	-62.6201015705595	1	TRUE	48.019	0	NA	NA
1	spanishjapanese_5050_75_21	1	78.7699425880526	74.1079241299468	83.4319610461584	-399.866852923692	-7.92844058364844	1	TRUE	81.863	0	NA	NA
1	spanishjapanese_5050_75_22	1	78.7699425880526	74.1079241299468	83.4319610461584	-399.866852923692	-14.1772199744703	1	TRUE	94.281	0	NA	NA
1	spanishjapanese_5050_75_23	1	78.7699425880526	74.1079241299468	83.4319610461584	-399.866852923692	-15.9962751163261	1	TRUE	57.849	0	NA	NA
1	spanishjapanese_5050_75_24	1	78.7699425880526	74.1079241299468	83.4319610461584	-399.866852923692	-18.9214628867136	1	TRUE	105.494	0	NA	NA
1	spanishjapanese_5050_75_25	1	78.7699425880526	74.1079241299468	83.4319610461584	-399.866852923692	-8.84601504471894	1	TRUE	84.062	0	NA	NA
1	spanishjapanese_5050_75_26	1	78.7699425880526	74.1079241299468	83.4319610461584	-399.866852923692	-10.6630275931176	1	TRUE	87.823	0	NA	NA
1	spanishjapanese_5050_75_27	1	78.7699425880526	74.1079241299468	83.4319610461584	-399.866852923692	-10.5564772740632	1	TRUE	86.055	0	NA	NA
1	spanishjapanese_5050_75_28	1	78.7699425880526	74.1079241299468	83.4319610461584	-399.866852923692	-10.1813073205189	1	TRUE	87.621	0	NA	NA
1	spanishjapanese_5050_75_29	1	78.7699425880526	74.1079241299468	83.4319610461584	-399.866852923692	-8.74382715249854	1	TRUE	72.99	0	NA	NA
1	spanishjapanese_5050_75_3	1	78.7699425880526	74.1079241299468	83.4319610461584	-399.866852923692	-8.533855513314	1	TRUE	81.356	0	NA	NA
1	spanishjapanese_5050_75_30	1	78.7699425880526	74.1079241299468	83.4319610461584	-399.866852923692	-8.09171769154267	1	TRUE	82.455	0	NA	NA
1	spanishjapanese_5050_75_4	1	78.7699425880526	74.1079241299468	83.4319610461584	-399.866852923692	-11.6320242847036	1	TRUE	88.338	0	NA	NA
1	spanishjapanese_5050_75_5	1	78.7699425880526	74.1079241299468	83.4319610461584	-399.866852923692	-9.32930894968147	1	TRUE	78.12	0	NA	NA
1	spanishjapanese_5050_75_6	1	78.7699425880526	74.1079241299468	83.4319610461584	-399.866852923692	-8.92893568346751	1	TRUE	76.764	0	NA	NA
1	spanishjapanese_5050_75_7	1	78.7699425880526	74.1079241299468	83.4319610461584	-399.866852923692	-11.4097836688853	1	TRUE	90.582	0	NA	NA
1	spanishjapanese_5050_75_8	1	78.7699425880526	74.1079241299468	83.4319610461584	-399.866852923692	-8.54064072331144	1	TRUE	73.474	0	NA	NA
1	spanishjapanese_5050_75_9	1	78.7699425880526	74.1079241299468	83.4319610461584	-399.866852923692	-10.1486637439945	1	TRUE	74.145	0	NA	NA
2	spanishjapanese_5050_75_1	1	69.4350764536197	62.8888891488931	75.9812637583462	-320.504705910437	-7.89339459969769	1	FALSE	71.671	0	0	0
2	spanishjapanese_5050_75_10	1	69.4350764536197	62.8888891488931	75.9812637583462	-320.504705910437	-9.22567684243944	1	FALSE	65.488	0	0	0
2	spanishjapanese_5050_75_11	1	69.4350764536197	62.8888891488931	75.9812637583462	-320.504705910437	-8.74400819831282	1	FALSE	68.856	0	0	0
2	spanishjapanese_5050_75_12	2	88.3772161619372	81.7362011921821	95.0182311316923	-320.504705910437	-12.447209209726	1	FALSE	88.121	0	0	0
2	spanishjapanese_5050_75_13	1	69.4350764536197	62.8888891488931	75.9812637583462	-320.504705910437	-9.68584703947614	1	FALSE	75.138	0	0	0
2	spanishjapanese_5050_75_14	2	88.3772161619372	81.7362011921821	95.0182311316923	-320.504705910437	-9.15792227434538	1	FALSE	94.681	0	0	0
2	spanishjapanese_5050_75_15	1	69.4350764536197	62.8888891488931	75.9812637583462	-320.504705910437	-9.37182380095067	1	FALSE	76.929	0	0	0
2	spanishjapanese_5050_75_16	2	88.3772161619372	81.7362011921821	95.0182311316923	-320.504705910437	-9.18390537260446	1	FALSE	81.536	0	0	0
2	spanishjapanese_5050_75_17	2	88.3772161619372	81.7362011921821	95.0182311316923	-320.504705910437	-20.2443425971162	1	FALSE	106.936	0	0	0
2	spanishjapanese_5050_75_18	1	69.4350764536197	62.8888891488931	75.9812637583462	-320.504705910437	-7.53608088410515	1	FALSE	72.304	0	0	0
2	spanishjapanese_5050_75_19	2	88.3772161619372	81.7362011921821	95.0182311316923	-320.504705910437	-9.43819410599831	1	FALSE	95.929	0	0	0
2	spanishjapanese_5050_75_2	1	69.4350764536197	62.8888891488931	75.9812637583462	-320.504705910437	-9.49679531045465	1	FALSE	74.132	0	0	0
2	spanishjapanese_5050_75_20	1	69.4350764536197	62.8888891488931	75.9812637583462	-320.504705910437	-34.3484331373125	1	FALSE	48.019	0	0	0
2	spanishjapanese_5050_75_21	2	88.3772161619372	81.7362011921821	95.0182311316923	-320.504705910437	-9.50930678315861	1	FALSE	81.863	0	0	0
2	spanishjapanese_5050_75_22	2	88.3772161619372	81.7362011921821	95.0182311316923	-320.504705910437	-12.3208392069781	1	FALSE	94.281	0	0	0
2	spanishjapanese_5050_75_23	1	69.4350764536197	62.8888891488931	75.9812637583462	-320.504705910437	-11.8480142941647	1	FALSE	57.849	0	0	0
2	spanishjapanese_5050_75_24	2	88.3772161619372	81.7362011921821	95.0182311316923	-320.504705910437	-13.3606570199557	1	FALSE	105.494	0	0	0
2	spanishjapanese_5050_75_25	2	88.3772161619372	81.7362011921821	95.0182311316923	-320.504705910437	-8.81488324641948	1	FALSE	84.062	0	0	0
2	spanishjapanese_5050_75_26	2	88.3772161619372	81.7362011921821	95.0182311316923	-320.504705910437	-7.82654994783011	1	FALSE	87.823	0	0	0
2	spanishjapanese_5050_75_27	2	88.3772161619372	81.7362011921821	95.0182311316923	-320.504705910437	-9.65398067095402	1	FALSE	86.055	0	0	0
2	spanishjapanese_5050_75_28	2	88.3772161619372	81.7362011921821	95.0182311316923	-320.504705910437	-7.79833653155505	1	FALSE	87.621	0	0	0
2	spanishjapanese_5050_75_29	1	69.4350764536197	62.8888891488931	75.9812637583462	-320.504705910437	-7.9744124992112	1	FALSE	72.99	0	0	0
2	spanishjapanese_5050_75_3	2	88.3772161619372	81.7362011921821	95.0182311316923	-320.504705910437	-9.32996100176588	1	FALSE	81.356	0	0	0
2	spanishjapanese_5050_75_30	2	88.3772161619372	81.7362011921821	95.0182311316923	-320.504705910437	-9.23897950380156	1	FALSE	82.455	0	0	0
2	spanishjapanese_5050_75_4	2	88.3772161619372	81.7362011921821	95.0182311316923	-320.504705910437	-7.98134013992595	1	FALSE	88.338	0	0	0
2	spanishjapanese_5050_75_5	2	88.3772161619372	81.7362011921821	95.0182311316923	-320.504705910437	-10.6902779333769	1	FALSE	78.12	0	0	0
2	spanishjapanese_5050_75_6	1	69.4350764536197	62.8888891488931	75.9812637583462	-320.504705910437	-10.10633967693	1	FALSE	76.764	0	0	0
2	spanishjapanese_5050_75_7	2	88.3772161619372	81.7362011921821	95.0182311316923	-320.504705910437	-9.09763785785734	1	FALSE	90.582	0	0	0
2	spanishjapanese_5050_75_8	1	69.4350764536197	62.8888891488931	75.9812637583462	-320.504705910437	-7.90479723878201	1	FALSE	73.474	0	0	0
2	spanishjapanese_5050_75_9	1	69.4350764536197	62.8888891488931	75.9812637583462	-320.504705910437	-10.2747589852308	1	FALSE	74.145	0	0	0
3	spanishjapanese_5050_75_1	2	76.1694378127053	70.3285556966441	82.0103199287664	-283.379788045434	-8.8215633899865	1	FALSE	71.671	0	0	0
3	spanishjapanese_5050_75_10	2	76.1694378127053	70.3285556966441	82.0103199287664	-283.379788045434	-11.0742039227628	1	FALSE	65.488	0	0	0
3	spanishjapanese_5050_75_11	2	76.1694378127053	70.3285556966441	82.0103199287664	-283.379788045434	-9.78431253873112	1	FALSE	68.856	0	0	0
3	spanishjapanese_5050_75_12	3	93.1381138448026	84.3322973753954	101.94393031421	-283.379788045434	-12.1474413383984	1	FALSE	88.121	0	0	0
3	spanishjapanese_5050_75_13	2	76.1694378127053	70.3285556966441	82.0103199287664	-283.379788045434	-8.05978131789401	1	FALSE	75.138	0	0	0
3	spanishjapanese_5050_75_14	3	93.1381138448026	84.3322973753954	101.94393031421	-283.379788045434	-8.32968954190557	1	FALSE	94.681	0	0	0
3	spanishjapanese_5050_75_15	2	76.1694378127053	70.3285556966441	82.0103199287664	-283.379788045434	-8.00603585526238	1	FALSE	76.929	0	0	0
3	spanishjapanese_5050_75_16	2	76.1694378127053	70.3285556966441	82.0103199287664	-283.379788045434	-8.30577070811026	1	FALSE	81.536	0	0	0
3	spanishjapanese_5050_75_17	3	93.1381138448026	84.3322973753954	101.94393031421	-283.379788045434	-15.1203285605077	1	FALSE	106.936	0	0	0
3	spanishjapanese_5050_75_18	2	76.1694378127053	70.3285556966441	82.0103199287664	-283.379788045434	-7.77880396525009	1	FALSE	72.304	0	0	0
3	spanishjapanese_5050_75_19	3	93.1381138448026	84.3322973753954	101.94393031421	-283.379788045434	-8.32739298425822	1	FALSE	95.929	0	0	0
3	spanishjapanese_5050_75_2	2	76.1694378127053	70.3285556966441	82.0103199287664	-283.379788045434	-9.21288336032629	1	FALSE	74.132	0	0	0
3	spanishjapanese_5050_75_20	1	50.0824678737009	33.8645194751662	66.3004162722357	-283.379788045434	-7.61297376841666	1	FALSE	48.019	0	0	0
3	spanishjapanese_5050_75_21	2	76.1694378127053	70.3285556966441	82.0103199287664	-283.379788045434	-8.44328319181965	1	FALSE	81.863	0	0	0
3	spanishjapanese_5050_75_22	3	93.1381138448026	84.3322973753954	101.94393031421	-283.379788045434	-11.6522369186605	1	FALSE	94.281	0	0	0
3	spanishjapanese_5050_75_23	1	50.0824678737009	33.8645194751662	66.3004162722357	-283.379788045434	-10.5526406215232	1	FALSE	57.849	0	0	0
3	spanishjapanese_5050_75_24	3	93.1381138448026	84.3322973753954	101.94393031421	-283.379788045434	-11.306397884062	1	FALSE	105.494	0	0	0
3	spanishjapanese_5050_75_25	2	76.1694378127053	70.3285556966441	82.0103199287664	-283.379788045434	-10.0331109413006	1	FALSE	84.062	0	0	0
3	spanishjapanese_5050_75_26	3	93.1381138448026	84.3322973753954	101.94393031421	-283.379788045434	-9.39391667973718	1	FALSE	87.823	0	0	0
3	spanishjapanese_5050_75_27	3	93.1381138448026	84.3322973753954	101.94393031421	-283.379788045434	-9.94503595283396	1	FALSE	86.055	0	0	0
3	spanishjapanese_5050_75_28	3	93.1381138448026	84.3322973753954	101.94393031421	-283.379788045434	-9.10452112391941	1	FALSE	87.621	0	0	0
3	spanishjapanese_5050_75_29	2	76.1694378127053	70.3285556966441	82.0103199287664	-283.379788045434	-7.83779549753759	1	FALSE	72.99	0	0	0
3	spanishjapanese_5050_75_3	2	76.1694378127053	70.3285556966441	82.0103199287664	-283.379788045434	-9.02385336646444	1	FALSE	81.356	0	0	0
3	spanishjapanese_5050_75_30	2	76.1694378127053	70.3285556966441	82.0103199287664	-283.379788045434	-8.73805976997322	1	FALSE	82.455	0	0	0
3	spanishjapanese_5050_75_4	3	93.1381138448026	84.3322973753954	101.94393031421	-283.379788045434	-9.70753147376557	1	FALSE	88.338	0	0	0
3	spanishjapanese_5050_75_5	2	76.1694378127053	70.3285556966441	82.0103199287664	-283.379788045434	-10.0033700771716	1	FALSE	78.12	0	0	0
3	spanishjapanese_5050_75_6	2	76.1694378127053	70.3285556966441	82.0103199287664	-283.379788045434	-9.20811985054097	1	FALSE	76.764	0	0	0
3	spanishjapanese_5050_75_7	3	93.1381138448026	84.3322973753954	101.94393031421	-283.379788045434	-8.91029338798672	1	FALSE	90.582	0	0	0
3	spanishjapanese_5050_75_8	2	76.1694378127053	70.3285556966441	82.0103199287664	-283.379788045434	-7.55508452858737	1	FALSE	73.474	0	0	0
3	spanishjapanese_5050_75_9	2	76.1694378127053	70.3285556966441	82.0103199287664	-283.379788045434	-9.38335552774024	1	FALSE	74.145	0	0	0
4	spanishjapanese_5050_75_1	2	74.2997151331039	67.6911422731075	80.9082879931003	-262.916979337316	-8.62358944529151	1	FALSE	71.671	0	0	0
4	spanishjapanese_5050_75_10	2	74.2997151331039	67.6911422731075	80.9082879931003	-262.916979337316	-10.1843179153648	1	FALSE	65.488	0	0	0
4	spanishjapanese_5050_75_11	2	74.2997151331039	67.6911422731075	80.9082879931003	-262.916979337316	-9.1159568843481	1	FALSE	68.856	0	0	0
4	spanishjapanese_5050_75_12	4	97.5977977374672	85.5825051285794	109.613090346355	-262.916979337316	-12.0492440111952	1	FALSE	88.121	0	0	0
4	spanishjapanese_5050_75_13	2	74.2997151331039	67.6911422731075	80.9082879931003	-262.916979337316	-8.64592060784121	1	FALSE	75.138	0	0	0
4	spanishjapanese_5050_75_14	4	97.5977977374672	85.5825051285794	109.613090346355	-262.916979337316	-8.54933309161043	1	FALSE	94.681	0	0	0
4	spanishjapanese_5050_75_15	2	74.2997151331039	67.6911422731075	80.9082879931003	-262.916979337316	-8.0110992071394	1	FALSE	76.929	0	0	0
4	spanishjapanese_5050_75_16	2	74.2997151331039	67.6911422731075	80.9082879931003	-262.916979337316	-8.91818664181972	1	FALSE	81.536	0	0	0
4	spanishjapanese_5050_75_17	4	97.5977977374672	85.5825051285794	109.613090346355	-262.916979337316	-12.8088419211006	1	FALSE	106.936	0	0	0
4	spanishjapanese_5050_75_18	2	74.2997151331039	67.6911422731075	80.9082879931003	-262.916979337316	-7.52421668142089	1	FALSE	72.304	0	0	0
4	spanishjapanese_5050_75_19	4	97.5977977374672	85.5825051285794	109.613090346355	-262.916979337316	-8.47762565433874	1	FALSE	95.929	0	0	0
4	spanishjapanese_5050_75_2	2	74.2997151331039	67.6911422731075	80.9082879931003	-262.916979337316	-8.91845403749648	1	FALSE	74.132	0	0	0
4	spanishjapanese_5050_75_20	1	50.0824678737009	33.8645194751662	66.3004162722357	-262.916979337316	-7.61297376841666	1	FALSE	48.019	0	0	0
4	spanishjapanese_5050_75_21	3	85.3113823367481	76.325286965688	94.2974777078081	-262.916979337316	-6.25429338751435	1	FALSE	81.863	0	0	0
4	spanishjapanese_5050_75_22	4	97.5977977374672	85.5825051285794	109.613090346355	-262.916979337316	-11.208955620557	1	FALSE	94.281	0	0	0
4	spanishjapanese_5050_75_23	1	50.0824678737009	33.8645194751662	66.3004162722357	-262.916979337316	-10.5526406215232	1	FALSE	57.849	0	0	0
4	spanishjapanese_5050_75_24	4	97.5977977374672	85.5825051285794	109.613090346355	-262.916979337316	-9.78917159776189	1	FALSE	105.494	0	0	0
4	spanishjapanese_5050_75_25	3	85.3113823367481	76.325286965688	94.2974777078081	-262.916979337316	-6.13893480720151	1	FALSE	84.062	0	0	0
4	spanishjapanese_5050_75_26	3	85.3113823367481	76.325286965688	94.2974777078081	-262.916979337316	-6.15460439136831	1	FALSE	87.823	0	0	0
4	spanishjapanese_5050_75_27	4	97.5977977374672	85.5825051285794	109.613090346355	-262.916979337316	-10.6520706872516	1	FALSE	86.055	0	0	0
4	spanishjapanese_5050_75_28	3	85.3113823367481	76.325286965688	94.2974777078081	-262.916979337316	-7.62653504163435	1	FALSE	87.621	0	0	0
4	spanishjapanese_5050_75_29	2	74.2997151331039	67.6911422731075	80.9082879931003	-262.916979337316	-7.52693611490147	1	FALSE	72.99	0	0	0
4	spanishjapanese_5050_75_3	2	74.2997151331039	67.6911422731075	80.9082879931003	-262.916979337316	-9.31435020169323	1	FALSE	81.356	0	0	0
4	spanishjapanese_5050_75_30	3	85.3113823367481	76.325286965688	94.2974777078081	-262.916979337316	-6.09318872859465	1	FALSE	82.455	0	0	0
4	spanishjapanese_5050_75_4	3	85.3113823367481	76.325286965688	94.2974777078081	-262.916979337316	-6.43326181266175	1	FALSE	88.338	0	0	0
4	spanishjapanese_5050_75_5	2	74.2997151331039	67.6911422731075	80.9082879931003	-262.916979337316	-9.92661724130393	1	FALSE	78.12	0	0	0
4	spanishjapanese_5050_75_6	2	74.2997151331039	67.6911422731075	80.9082879931003	-262.916979337316	-9.08562202561989	1	FALSE	76.764	0	0	0
4	spanishjapanese_5050_75_7	4	97.5977977374672	85.5825051285794	109.613090346355	-262.916979337316	-9.34636803296115	1	FALSE	90.582	0	0	0
4	spanishjapanese_5050_75_8	2	74.2997151331039	67.6911422731075	80.9082879931003	-262.916979337316	-7.33648117491898	1	FALSE	73.474	0	0	0
4	spanishjapanese_5050_75_9	2	74.2997151331039	67.6911422731075	80.9082879931003	-262.916979337316	-10.0371879824647	1	FALSE	74.145	0	0	0
