# CLUSTERING STRENGTH + LIKELIHOOD K SELECTION RESULTS (DATES)
# Recommended K: 2
# Method: DATES
# Clustering strength threshold: 0.983
# Likelihood thresholds: k1 to k2(k=2):1.2 k1 to k2(k=3):2.59 k2 to k3:0.71 k3 to k4:0.49
#
model_k	pop	cluster	joint_date_est_best	joint_date_lowerci	joint_date_upperci	likelihood_mean	likelihood_per_ind	recommended_k	is_recommended	ind_date_est	sample_age_est_best	sample_age_lowerci_mean	sample_age_upperci_mean
1	spanishjapanese_5050_75_1	1	62.1448080201341	59.7054501744929	64.5841658657754	-1155.21674550708	-11.8318628184426	2	FALSE	71.671	0	NA	NA
1	spanishjapanese_5050_75_10	1	62.1448080201341	59.7054501744929	64.5841658657754	-1155.21674550708	-9.69677786181916	2	FALSE	65.488	0	NA	NA
1	spanishjapanese_5050_75_11	1	62.1448080201341	59.7054501744929	64.5841658657754	-1155.21674550708	-10.2024010247388	2	FALSE	68.856	0	NA	NA
1	spanishjapanese_5050_75_12	1	62.1448080201341	59.7054501744929	64.5841658657754	-1155.21674550708	-17.9378573682497	2	FALSE	88.121	0	NA	NA
1	spanishjapanese_5050_75_13	1	62.1448080201341	59.7054501744929	64.5841658657754	-1155.21674550708	-16.5458061848236	2	FALSE	75.138	0	NA	NA
1	spanishjapanese_5050_75_14	1	62.1448080201341	59.7054501744929	64.5841658657754	-1155.21674550708	-30.7664698890144	2	FALSE	94.681	0	NA	NA
1	spanishjapanese_5050_75_15	1	62.1448080201341	59.7054501744929	64.5841658657754	-1155.21674550708	-13.8877751694738	2	FALSE	76.929	0	NA	NA
1	spanishjapanese_5050_75_16	1	62.1448080201341	59.7054501744929	64.5841658657754	-1155.21674550708	-18.9204249047275	2	FALSE	81.536	0	NA	NA
1	spanishjapanese_5050_75_17	1	62.1448080201341	59.7054501744929	64.5841658657754	-1155.21674550708	-80.1480314741913	2	FALSE	106.936	0	NA	NA
1	spanishjapanese_5050_75_18	1	62.1448080201341	59.7054501744929	64.5841658657754	-1155.21674550708	-11.5375966121453	2	FALSE	72.304	0	NA	NA
1	spanishjapanese_5050_75_19	1	62.1448080201341	59.7054501744929	64.5841658657754	-1155.21674550708	-34.6935346174647	2	FALSE	95.929	0	NA	NA
1	spanishjapanese_5050_75_2	1	62.1448080201341	59.7054501744929	64.5841658657754	-1155.21674550708	-12.1861599946484	2	FALSE	74.132	0	NA	NA
1	spanishjapanese_5050_75_20	1	62.1448080201341	59.7054501744929	64.5841658657754	-1155.21674550708	-18.4416727815299	2	FALSE	48.019	0	NA	NA
1	spanishjapanese_5050_75_21	1	62.1448080201341	59.7054501744929	64.5841658657754	-1155.21674550708	-22.7139952629951	2	FALSE	81.863	0	NA	NA
1	spanishjapanese_5050_75_22	1	62.1448080201341	59.7054501744929	64.5841658657754	-1155.21674550708	-20.3439898276602	2	FALSE	94.281	0	NA	NA
1	spanishjapanese_5050_75_23	1	62.1448080201341	59.7054501744929	64.5841658657754	-1155.21674550708	-10.4387940764618	2	FALSE	57.849	0	NA	NA
1	spanishjapanese_5050_75_24	1	62.1448080201341	59.7054501744929	64.5841658657754	-1155.21674550708	-34.3961601418242	2	FALSE	105.494	0	NA	NA
1	spanishjapanese_5050_75_25	1	62.1448080201341	59.7054501744929	64.5841658657754	-1155.21674550708	-28.4921292081274	2	FALSE	84.062	0	NA	NA
1	spanishjapanese_5050_75_26	1	62.1448080201341	59.7054501744929	64.5841658657754	-1155.21674550708	-32.5299535168302	2	FALSE	87.823	0	NA	NA
1	spanishjapanese_5050_75_27	1	62.1448080201341	59.7054501744929	64.5841658657754	-1155.21674550708	-18.1797147433777	2	FALSE	86.055	0	NA	NA
1	spanishjapanese_5050_75_28	1	62.1448080201341	59.7054501744929	64.5841658657754	-1155.21674550708	-29.0392695367603	2	FALSE	87.621	0	NA	NA
1	spanishjapanese_5050_75_29	1	62.1448080201341	59.7054501744929	64.5841658657754	-1155.21674550708	-11.5121254708823	2	FALSE	72.99	0	NA	NA
1	spanishjapanese_5050_75_3	1	62.1448080201341	59.7054501744929	64.5841658657754	-1155.21674550708	-16.7992124379987	2	FALSE	81.356	0	NA	NA
1	spanishjapanese_5050_75_30	1	62.1448080201341	59.7054501744929	64.5841658657754	-1155.21674550708	-23.7653985918444	2	FALSE	82.455	0	NA	NA
1	spanishjapanese_5050_75_4	1	62.1448080201341	59.7054501744929	64.5841658657754	-1155.21674550708	-37.4382913847931	2	FALSE	88.338	0	NA	NA
1	spanishjapanese_5050_75_5	1	62.1448080201341	59.7054501744929	64.5841658657754	-1155.21674550708	-14.0650657931369	2	FALSE	78.12	0	NA	NA
1	spanishjapanese_5050_75_6	1	62.1448080201341	59.7054501744929	64.5841658657754	-1155.21674550708	-13.4300799249301	2	FALSE	76.764	0	NA	NA
1	spanishjapanese_5050_75_7	1	62.1448080201341	59.7054501744929	64.5841658657754	-1155.21674550708	-22.6800842651707	2	FALSE	90.582	0	NA	NA
1	spanishjapanese_5050_75_8	1	62.1448080201341	59.7054501744929	64.5841658657754	-1155.21674550708	-11.9388607886007	2	FALSE	73.474	0	NA	NA
1	spanishjapanese_5050_75_9	1	62.1448080201341	59.7054501744929	64.5841658657754	-1155.21674550708	-16.8093915658168	2	FALSE	74.145	0	NA	NA
1	spanishjapanese_5050_50_1	1	62.1448080201341	59.7054501744929	64.5841658657754	-1155.21674550708	-9.45662686721936	2	FALSE	60.82	0	NA	NA
1	spanishjapanese_5050_50_10	1	62.1448080201341	59.7054501744929	64.5841658657754	-1155.21674550708	-17.2252542029092	2	FALSE	56.865	0	NA	NA
1	spanishjapanese_5050_50_11	1	62.1448080201341	59.7054501744929	64.5841658657754	-1155.21674550708	-18.4149326463803	2	FALSE	70.854	0	NA	NA
1	spanishjapanese_5050_50_12	1	62.1448080201341	59.7054501744929	64.5841658657754	-1155.21674550708	-8.13608125479718	2	FALSE	60.982	0	NA	NA
1	spanishjapanese_5050_50_13	1	62.1448080201341	59.7054501744929	64.5841658657754	-1155.21674550708	-8.91449980001381	2	FALSE	56.406	0	NA	NA
1	spanishjapanese_5050_50_14	1	62.1448080201341	59.7054501744929	64.5841658657754	-1155.21674550708	-9.06833516284517	2	FALSE	67.414	0	NA	NA
1	spanishjapanese_5050_50_15	1	62.1448080201341	59.7054501744929	64.5841658657754	-1155.21674550708	-67.916552205231	2	FALSE	41.796	0	NA	NA
1	spanishjapanese_5050_50_16	1	62.1448080201341	59.7054501744929	64.5841658657754	-1155.21674550708	-8.74718012987495	2	FALSE	67.979	0	NA	NA
1	spanishjapanese_5050_50_17	1	62.1448080201341	59.7054501744929	64.5841658657754	-1155.21674550708	-17.0495534623889	2	FALSE	51.293	0	NA	NA
1	spanishjapanese_5050_50_18	1	62.1448080201341	59.7054501744929	64.5841658657754	-1155.21674550708	-11.1114558325712	2	FALSE	55.153	0	NA	NA
1	spanishjapanese_5050_50_19	1	62.1448080201341	59.7054501744929	64.5841658657754	-1155.21674550708	-24.7146790544881	2	FALSE	43.862	0	NA	NA
1	spanishjapanese_5050_50_2	1	62.1448080201341	59.7054501744929	64.5841658657754	-1155.21674550708	-9.03399315286649	2	FALSE	56.118	0	NA	NA
1	spanishjapanese_5050_50_20	1	62.1448080201341	59.7054501744929	64.5841658657754	-1155.21674550708	-8.25323776990159	2	FALSE	60.584	0	NA	NA
1	spanishjapanese_5050_50_21	1	62.1448080201341	59.7054501744929	64.5841658657754	-1155.21674550708	-28.359553379515	2	FALSE	47.339	0	NA	NA
1	spanishjapanese_5050_50_22	1	62.1448080201341	59.7054501744929	64.5841658657754	-1155.21674550708	-9.98223590726951	2	FALSE	70.269	0	NA	NA
1	spanishjapanese_5050_50_23	1	62.1448080201341	59.7054501744929	64.5841658657754	-1155.21674550708	-7.4565350556677	2	FALSE	59.219	0	NA	NA
1	spanishjapanese_5050_50_24	1	62.1448080201341	59.7054501744929	64.5841658657754	-1155.21674550708	-7.03211027339006	2	FALSE	61.446	0	NA	NA
1	spanishjapanese_5050_50_25	1	62.1448080201341	59.7054501744929	64.5841658657754	-1155.21674550708	-12.7543513840008	2	FALSE	54.256	0	NA	NA
1	spanishjapanese_5050_50_26	1	62.1448080201341	59.7054501744929	64.5841658657754	-1155.21674550708	-20.2797677513154	2	FALSE	44.598	0	NA	NA
1	spanishjapanese_5050_50_27	1	62.1448080201341	59.7054501744929	64.5841658657754	-1155.21674550708	-20.3949345360017	2	FALSE	46.56	0	NA	NA
1	spanishjapanese_5050_50_28	1	62.1448080201341	59.7054501744929	64.5841658657754	-1155.21674550708	-7.73576398134644	2	FALSE	58.982	0	NA	NA
1	spanishjapanese_5050_50_29	1	62.1448080201341	59.7054501744929	64.5841658657754	-1155.21674550708	-23.0306528010316	2	FALSE	45.524	0	NA	NA
1	spanishjapanese_5050_50_3	1	62.1448080201341	59.7054501744929	64.5841658657754	-1155.21674550708	-20.4699769289773	2	FALSE	81.813	0	NA	NA
1	spanishjapanese_5050_50_30	1	62.1448080201341	59.7054501744929	64.5841658657754	-1155.21674550708	-34.3018645503741	2	FALSE	39.417	0	NA	NA
1	spanishjapanese_5050_50_4	1	62.1448080201341	59.7054501744929	64.5841658657754	-1155.21674550708	-7.43181047959199	2	FALSE	64.262	0	NA	NA
1	spanishjapanese_5050_50_5	1	62.1448080201341	59.7054501744929	64.5841658657754	-1155.21674550708	-15.2276520672018	2	FALSE	48.075	0	NA	NA
1	spanishjapanese_5050_50_6	1	62.1448080201341	59.7054501744929	64.5841658657754	-1155.21674550708	-8.90449946763865	2	FALSE	56.407	0	NA	NA
1	spanishjapanese_5050_50_7	1	62.1448080201341	59.7054501744929	64.5841658657754	-1155.21674550708	-25.3536183279322	2	FALSE	46.5	0	NA	NA
1	spanishjapanese_5050_50_8	1	62.1448080201341	59.7054501744929	64.5841658657754	-1155.21674550708	-8.08079460516218	2	FALSE	66.052	0	NA	NA
1	spanishjapanese_5050_50_9	1	62.1448080201341	59.7054501744929	64.5841658657754	-1155.21674550708	-29.0093552307014	2	FALSE	48.135	0	NA	NA
2	spanishjapanese_5050_75_1	2	78.7841553657714	74.5798668023612	82.9884439291815	-681.260007964408	-10.2990879786316	2	TRUE	71.671	0	0	0
2	spanishjapanese_5050_75_10	2	78.7841553657714	74.5798668023612	82.9884439291815	-681.260007964408	-12.1032583516041	2	TRUE	65.488	0	0	0
2	spanishjapanese_5050_75_11	2	78.7841553657714	74.5798668023612	82.9884439291815	-681.260007964408	-10.6017968380715	2	TRUE	68.856	0	0	0
2	spanishjapanese_5050_75_12	2	78.7841553657714	74.5798668023612	82.9884439291815	-681.260007964408	-13.6321203532965	2	TRUE	88.121	0	0	0
2	spanishjapanese_5050_75_13	2	78.7841553657714	74.5798668023612	82.9884439291815	-681.260007964408	-8.45983771929085	2	TRUE	75.138	0	0	0
2	spanishjapanese_5050_75_14	2	78.7841553657714	74.5798668023612	82.9884439291815	-681.260007964408	-13.7082129606906	2	TRUE	94.681	0	0	0
2	spanishjapanese_5050_75_15	2	78.7841553657714	74.5798668023612	82.9884439291815	-681.260007964408	-8.25245590723104	2	TRUE	76.929	0	0	0
2	spanishjapanese_5050_75_16	2	78.7841553657714	74.5798668023612	82.9884439291815	-681.260007964408	-8.01219780303786	2	TRUE	81.536	0	0	0
2	spanishjapanese_5050_75_17	2	78.7841553657714	74.5798668023612	82.9884439291815	-681.260007964408	-36.160236862005	2	TRUE	106.936	0	0	0
2	spanishjapanese_5050_75_18	2	78.7841553657714	74.5798668023612	82.9884439291815	-681.260007964408	-9.13571705079948	2	TRUE	72.304	0	0	0
2	spanishjapanese_5050_75_19	2	78.7841553657714	74.5798668023612	82.9884439291815	-681.260007964408	-14.9401193136294	2	TRUE	95.929	0	0	0
2	spanishjapanese_5050_75_2	2	78.7841553657714	74.5798668023612	82.9884439291815	-681.260007964408	-9.32870253365933	2	TRUE	74.132	0	0	0
2	spanishjapanese_5050_75_20	1	53.7007123579183	50.7056839578169	56.6957407580197	-681.260007964408	-8.73768473347324	2	TRUE	48.019	0	0	0
2	spanishjapanese_5050_75_21	2	78.7841553657714	74.5798668023612	82.9884439291815	-681.260007964408	-7.8280437117742	2	TRUE	81.863	0	0	0
2	spanishjapanese_5050_75_22	2	78.7841553657714	74.5798668023612	82.9884439291815	-681.260007964408	-14.32778291275	2	TRUE	94.281	0	0	0
2	spanishjapanese_5050_75_23	1	53.7007123579183	50.7056839578169	56.6957407580197	-681.260007964408	-12.427766134226	2	TRUE	57.849	0	0	0
2	spanishjapanese_5050_75_24	2	78.7841553657714	74.5798668023612	82.9884439291815	-681.260007964408	-19.0671967505326	2	TRUE	105.494	0	0	0
2	spanishjapanese_5050_75_25	2	78.7841553657714	74.5798668023612	82.9884439291815	-681.260007964408	-8.68167609083087	2	TRUE	84.062	0	0	0
2	spanishjapanese_5050_75_26	2	78.7841553657714	74.5798668023612	82.9884439291815	-681.260007964408	-10.5723571437085	2	TRUE	87.823	0	0	0
2	spanishjapanese_5050_75_27	2	78.7841553657714	74.5798668023612	82.9884439291815	-681.260007964408	-10.7072280254062	2	TRUE	86.055	0	0	0
2	spanishjapanese_5050_75_28	2	78.7841553657714	74.5798668023612	82.9884439291815	-681.260007964408	-10.1532474213344	2	TRUE	87.621	0	0	0
2	spanishjapanese_5050_75_29	2	78.7841553657714	74.5798668023612	82.9884439291815	-681.260007964408	-8.7829544199448	2	TRUE	72.99	0	0	0
2	spanishjapanese_5050_75_3	2	78.7841553657714	74.5798668023612	82.9884439291815	-681.260007964408	-8.63212872479776	2	TRUE	81.356	0	0	0
2	spanishjapanese_5050_75_30	2	78.7841553657714	74.5798668023612	82.9884439291815	-681.260007964408	-7.9866653309252	2	TRUE	82.455	0	0	0
2	spanishjapanese_5050_75_4	2	78.7841553657714	74.5798668023612	82.9884439291815	-681.260007964408	-11.4654618958668	2	TRUE	88.338	0	0	0
2	spanishjapanese_5050_75_5	2	78.7841553657714	74.5798668023612	82.9884439291815	-681.260007964408	-9.47163116574163	2	TRUE	78.12	0	0	0
2	spanishjapanese_5050_75_6	2	78.7841553657714	74.5798668023612	82.9884439291815	-681.260007964408	-9.05582456630724	2	TRUE	76.764	0	0	0
2	spanishjapanese_5050_75_7	2	78.7841553657714	74.5798668023612	82.9884439291815	-681.260007964408	-11.5442437132033	2	TRUE	90.582	0	0	0
2	spanishjapanese_5050_75_8	2	78.7841553657714	74.5798668023612	82.9884439291815	-681.260007964408	-8.54407763977816	2	TRUE	73.474	0	0	0
2	spanishjapanese_5050_75_9	2	78.7841553657714	74.5798668023612	82.9884439291815	-681.260007964408	-9.67685822959531	2	TRUE	74.145	0	0	0
2	spanishjapanese_5050_50_1	1	53.7007123579183	50.7056839578169	56.6957407580197	-681.260007964408	-14.3080004075694	2	TRUE	60.82	0	0	0
2	spanishjapanese_5050_50_10	1	53.7007123579183	50.7056839578169	56.6957407580197	-681.260007964408	-9.56201062784925	2	TRUE	56.865	0	0	0
2	spanishjapanese_5050_50_11	2	78.7841553657714	74.5798668023612	82.9884439291815	-681.260007964408	-21.1161232837347	2	TRUE	70.854	0	0	0
2	spanishjapanese_5050_50_12	1	53.7007123579183	50.7056839578169	56.6957407580197	-681.260007964408	-12.5252059560967	2	TRUE	60.982	0	0	0
2	spanishjapanese_5050_50_13	1	53.7007123579183	50.7056839578169	56.6957407580197	-681.260007964408	-7.17315882671857	2	TRUE	56.406	0	0	0
2	spanishjapanese_5050_50_14	2	78.7841553657714	74.5798668023612	82.9884439291815	-681.260007964408	-11.3950765406735	2	TRUE	67.414	0	0	0
2	spanishjapanese_5050_50_15	1	53.7007123579183	50.7056839578169	56.6957407580197	-681.260007964408	-26.4911825711286	2	TRUE	41.796	0	0	0
2	spanishjapanese_5050_50_16	2	78.7841553657714	74.5798668023612	82.9884439291815	-681.260007964408	-13.1828633866366	2	TRUE	67.979	0	0	0
2	spanishjapanese_5050_50_17	1	53.7007123579183	50.7056839578169	56.6957407580197	-681.260007964408	-6.60684923222661	2	TRUE	51.293	0	0	0
2	spanishjapanese_5050_50_18	1	53.7007123579183	50.7056839578169	56.6957407580197	-681.260007964408	-6.30909673097512	2	TRUE	55.153	0	0	0
2	spanishjapanese_5050_50_19	1	53.7007123579183	50.7056839578169	56.6957407580197	-681.260007964408	-12.2404094513407	2	TRUE	43.862	0	0	0
2	spanishjapanese_5050_50_2	1	53.7007123579183	50.7056839578169	56.6957407580197	-681.260007964408	-7.19745195202098	2	TRUE	56.118	0	0	0
2	spanishjapanese_5050_50_20	1	53.7007123579183	50.7056839578169	56.6957407580197	-681.260007964408	-11.8084165747252	2	TRUE	60.584	0	0	0
2	spanishjapanese_5050_50_21	1	53.7007123579183	50.7056839578169	56.6957407580197	-681.260007964408	-9.89912105966925	2	TRUE	47.339	0	0	0
2	spanishjapanese_5050_50_22	2	78.7841553657714	74.5798668023612	82.9884439291815	-681.260007964408	-10.0392808096229	2	TRUE	70.269	0	0	0
2	spanishjapanese_5050_50_23	1	53.7007123579183	50.7056839578169	56.6957407580197	-681.260007964408	-8.74061436796739	2	TRUE	59.219	0	0	0
2	spanishjapanese_5050_50_24	1	53.7007123579183	50.7056839578169	56.6957407580197	-681.260007964408	-11.0791741813652	2	TRUE	61.446	0	0	0
2	spanishjapanese_5050_50_25	1	53.7007123579183	50.7056839578169	56.6957407580197	-681.260007964408	-6.07686660199791	2	TRUE	54.256	0	0	0
2	spanishjapanese_5050_50_26	1	53.7007123579183	50.7056839578169	56.6957407580197	-681.260007964408	-11.3304028083867	2	TRUE	44.598	0	0	0
2	spanishjapanese_5050_50_27	1	53.7007123579183	50.7056839578169	56.6957407580197	-681.260007964408	-9.80943241073412	2	TRUE	46.56	0	0	0
2	spanishjapanese_5050_50_28	1	53.7007123579183	50.7056839578169	56.6957407580197	-681.260007964408	-9.02887660367023	2	TRUE	58.982	0	0	0
2	spanishjapanese_5050_50_29	1	53.7007123579183	50.7056839578169	56.6957407580197	-681.260007964408	-10.74599284642	2	TRUE	45.524	0	0	0
2	spanishjapanese_5050_50_3	2	78.7841553657714	74.5798668023612	82.9884439291815	-681.260007964408	-7.90148623664187	2	TRUE	81.813	0	0	0
2	spanishjapanese_5050_50_30	1	53.7007123579183	50.7056839578169	56.6957407580197	-681.260007964408	-17.9014985616296	2	TRUE	39.417	0	0	0
2	spanishjapanese_5050_50_4	1	53.7007123579183	50.7056839578169	56.6957407580197	-681.260007964408	-12.5991068397045	2	TRUE	64.262	0	0	0
2	spanishjapanese_5050_50_5	1	53.7007123579183	50.7056839578169	56.6957407580197	-681.260007964408	-9.32277531853016	2	TRUE	48.075	0	0	0
2	spanishjapanese_5050_50_6	1	53.7007123579183	50.7056839578169	56.6957407580197	-681.260007964408	-7.18505891294121	2	TRUE	56.407	0	0	0
2	spanishjapanese_5050_50_7	1	53.7007123579183	50.7056839578169	56.6957407580197	-681.260007964408	-10.1958845503198	2	TRUE	46.5	0	0	0
2	spanishjapanese_5050_50_8	1	53.7007123579183	50.7056839578169	56.6957407580197	-681.260007964408	-17.840578048114	2	TRUE	66.052	0	0	0
2	spanishjapanese_5050_50_9	1	53.7007123579183	50.7056839578169	56.6957407580197	-681.260007964408	-9.35143998285335	2	TRUE	48.135	0	0	0
3	spanishjapanese_5050_75_1	2	61.2521155250065	57.7962081133584	64.7080229366547	-584.560463619286	-12.7043618095125	2	FALSE	71.671	0	0	0
3	spanishjapanese_5050_75_10	2	61.2521155250065	57.7962081133584	64.7080229366547	-584.560463619286	-10.7198119224788	2	FALSE	65.488	0	0	0
3	spanishjapanese_5050_75_11	2	61.2521155250065	57.7962081133584	64.7080229366547	-584.560463619286	-11.3113340120281	2	FALSE	68.856	0	0	0
3	spanishjapanese_5050_75_12	3	82.776231492849	77.7222928859932	87.8301700997048	-584.560463619286	-13.0415383736669	2	FALSE	88.121	0	0	0
3	spanishjapanese_5050_75_13	3	82.776231492849	77.7222928859932	87.8301700997048	-584.560463619286	-11.3259964218957	2	FALSE	75.138	0	0	0
3	spanishjapanese_5050_75_14	3	82.776231492849	77.7222928859932	87.8301700997048	-584.560463619286	-11.3505037794073	2	FALSE	94.681	0	0	0
3	spanishjapanese_5050_75_15	3	82.776231492849	77.7222928859932	87.8301700997048	-584.560463619286	-8.92329554193782	2	FALSE	76.929	0	0	0
3	spanishjapanese_5050_75_16	3	82.776231492849	77.7222928859932	87.8301700997048	-584.560463619286	-7.83207251157063	2	FALSE	81.536	0	0	0
3	spanishjapanese_5050_75_17	3	82.776231492849	77.7222928859932	87.8301700997048	-584.560463619286	-28.682885554658	2	FALSE	106.936	0	0	0
3	spanishjapanese_5050_75_18	3	82.776231492849	77.7222928859932	87.8301700997048	-584.560463619286	-11.9723263395972	2	FALSE	72.304	0	0	0
3	spanishjapanese_5050_75_19	3	82.776231492849	77.7222928859932	87.8301700997048	-584.560463619286	-12.1301859702619	2	FALSE	95.929	0	0	0
3	spanishjapanese_5050_75_2	3	82.776231492849	77.7222928859932	87.8301700997048	-584.560463619286	-10.1547402806408	2	FALSE	74.132	0	0	0
3	spanishjapanese_5050_75_20	1	45.9189628939867	41.2140216053077	50.6239041826656	-584.560463619286	-6.67149606401217	2	FALSE	48.019	0	0	0
3	spanishjapanese_5050_75_21	3	82.776231492849	77.7222928859932	87.8301700997048	-584.560463619286	-7.59651235449543	2	FALSE	81.863	0	0	0
3	spanishjapanese_5050_75_22	3	82.776231492849	77.7222928859932	87.8301700997048	-584.560463619286	-13.3804036936582	2	FALSE	94.281	0	0	0
3	spanishjapanese_5050_75_23	2	61.2521155250065	57.7962081133584	64.7080229366547	-584.560463619286	-11.372020515664	2	FALSE	57.849	0	0	0
3	spanishjapanese_5050_75_24	3	82.776231492849	77.7222928859932	87.8301700997048	-584.560463619286	-16.4280522221166	2	FALSE	105.494	0	0	0
3	spanishjapanese_5050_75_25	3	82.776231492849	77.7222928859932	87.8301700997048	-584.560463619286	-7.68428111814294	2	FALSE	84.062	0	0	0
3	spanishjapanese_5050_75_26	3	82.776231492849	77.7222928859932	87.8301700997048	-584.560463619286	-8.53149373536675	2	FALSE	87.823	0	0	0
3	spanishjapanese_5050_75_27	3	82.776231492849	77.7222928859932	87.8301700997048	-584.560463619286	-9.9931042311402	2	FALSE	86.055	0	0	0
3	spanishjapanese_5050_75_28	3	82.776231492849	77.7222928859932	87.8301700997048	-584.560463619286	-8.40483589497408	2	FALSE	87.621	0	0	0
3	spanishjapanese_5050_75_29	3	82.776231492849	77.7222928859932	87.8301700997048	-584.560463619286	-10.4851983067616	2	FALSE	72.99	0	0	0
3	spanishjapanese_5050_75_3	3	82.776231492849	77.7222928859932	87.8301700997048	-584.560463619286	-8.44699617007278	2	FALSE	81.356	0	0	0
3	spanishjapanese_5050_75_30	3	82.776231492849	77.7222928859932	87.8301700997048	-584.560463619286	-7.56855368548861	2	FALSE	82.455	0	0	0
3	spanishjapanese_5050_75_4	3	82.776231492849	77.7222928859932	87.8301700997048	-584.560463619286	-8.96882923423249	2	FALSE	88.338	0	0	0
3	spanishjapanese_5050_75_5	3	82.776231492849	77.7222928859932	87.8301700997048	-584.560463619286	-9.64637411364436	2	FALSE	78.12	0	0	0
3	spanishjapanese_5050_75_6	3	82.776231492849	77.7222928859932	87.8301700997048	-584.560463619286	-9.49711645652435	2	FALSE	76.764	0	0	0
3	spanishjapanese_5050_75_7	3	82.776231492849	77.7222928859932	87.8301700997048	-584.560463619286	-10.1838421158592	2	FALSE	90.582	0	0	0
3	spanishjapanese_5050_75_8	3	82.776231492849	77.7222928859932	87.8301700997048	-584.560463619286	-10.3706633170697	2	FALSE	73.474	0	0	0
3	spanishjapanese_5050_75_9	3	82.776231492849	77.7222928859932	87.8301700997048	-584.560463619286	-13.7635675919072	2	FALSE	74.145	0	0	0
3	spanishjapanese_5050_50_1	2	61.2521155250065	57.7962081133584	64.7080229366547	-584.560463619286	-7.37898069811955	2	FALSE	60.82	0	0	0
3	spanishjapanese_5050_50_10	2	61.2521155250065	57.7962081133584	64.7080229366547	-584.560463619286	-12.867087789043	2	FALSE	56.865	0	0	0
3	spanishjapanese_5050_50_11	2	61.2521155250065	57.7962081133584	64.7080229366547	-584.560463619286	-19.1040240804084	2	FALSE	70.854	0	0	0
3	spanishjapanese_5050_50_12	2	61.2521155250065	57.7962081133584	64.7080229366547	-584.560463619286	-6.65456437698637	2	FALSE	60.982	0	0	0
3	spanishjapanese_5050_50_13	2	61.2521155250065	57.7962081133584	64.7080229366547	-584.560463619286	-8.09436196876855	2	FALSE	56.406	0	0	0
3	spanishjapanese_5050_50_14	2	61.2521155250065	57.7962081133584	64.7080229366547	-584.560463619286	-9.93760304158002	2	FALSE	67.414	0	0	0
3	spanishjapanese_5050_50_15	1	45.9189628939867	41.2140216053077	50.6239041826656	-584.560463619286	-10.5501076182364	2	FALSE	41.796	0	0	0
3	spanishjapanese_5050_50_16	2	61.2521155250065	57.7962081133584	64.7080229366547	-584.560463619286	-9.31897871131627	2	FALSE	67.979	0	0	0
3	spanishjapanese_5050_50_17	1	45.9189628939867	41.2140216053077	50.6239041826656	-584.560463619286	-8.32021963215852	2	FALSE	51.293	0	0	0
3	spanishjapanese_5050_50_18	2	61.2521155250065	57.7962081133584	64.7080229366547	-584.560463619286	-9.46167611812874	2	FALSE	55.153	0	0	0
3	spanishjapanese_5050_50_19	1	45.9189628939867	41.2140216053077	50.6239041826656	-584.560463619286	-6.94240496559138	2	FALSE	43.862	0	0	0
3	spanishjapanese_5050_50_2	2	61.2521155250065	57.7962081133584	64.7080229366547	-584.560463619286	-8.27781929241406	2	FALSE	56.118	0	0	0
3	spanishjapanese_5050_50_20	2	61.2521155250065	57.7962081133584	64.7080229366547	-584.560463619286	-6.69270823618748	2	FALSE	60.584	0	0	0
3	spanishjapanese_5050_50_21	1	45.9189628939867	41.2140216053077	50.6239041826656	-584.560463619286	-6.23176256548847	2	FALSE	47.339	0	0	0
3	spanishjapanese_5050_50_22	2	61.2521155250065	57.7962081133584	64.7080229366547	-584.560463619286	-10.8876263539174	2	FALSE	70.269	0	0	0
3	spanishjapanese_5050_50_23	2	61.2521155250065	57.7962081133584	64.7080229366547	-584.560463619286	-7.17033146075755	2	FALSE	59.219	0	0	0
3	spanishjapanese_5050_50_24	2	61.2521155250065	57.7962081133584	64.7080229366547	-584.560463619286	-6.3561421446498	2	FALSE	61.446	0	0	0
3	spanishjapanese_5050_50_25	2	61.2521155250065	57.7962081133584	64.7080229366547	-584.560463619286	-10.764125113014	2	FALSE	54.256	0	0	0
3	spanishjapanese_5050_50_26	1	45.9189628939867	41.2140216053077	50.6239041826656	-584.560463619286	-7.86299022144721	2	FALSE	44.598	0	0	0
3	spanishjapanese_5050_50_27	1	45.9189628939867	41.2140216053077	50.6239041826656	-584.560463619286	-6.58232212063481	2	FALSE	46.56	0	0	0
3	spanishjapanese_5050_50_28	2	61.2521155250065	57.7962081133584	64.7080229366547	-584.560463619286	-7.71885040251971	2	FALSE	58.982	0	0	0
3	spanishjapanese_5050_50_29	1	45.9189628939867	41.2140216053077	50.6239041826656	-584.560463619286	-6.39261235245823	2	FALSE	45.524	0	0	0
3	spanishjapanese_5050_50_3	3	82.776231492849	77.7222928859932	87.8301700997048	-584.560463619286	-7.66831728835755	2	FALSE	81.813	0	0	0
3	spanishjapanese_5050_50_30	1	45.9189628939867	41.2140216053077	50.6239041826656	-584.560463619286	-8.96386738289828	2	FALSE	39.417	0	0	0
3	spanishjapanese_5050_50_4	2	61.2521155250065	57.7962081133584	64.7080229366547	-584.560463619286	-7.76802491040754	2	FALSE	64.262	0	0	0
3	spanishjapanese_5050_50_5	1	45.9189628939867	41.2140216053077	50.6239041826656	-584.560463619286	-8.34839261560561	2	FALSE	48.075	0	0	0
3	spanishjapanese_5050_50_6	2	61.2521155250065	57.7962081133584	64.7080229366547	-584.560463619286	-8.09492182557626	2	FALSE	56.407	0	0	0
3	spanishjapanese_5050_50_7	1	45.9189628939867	41.2140216053077	50.6239041826656	-584.560463619286	-5.89947018205382	2	FALSE	46.5	0	0	0
3	spanishjapanese_5050_50_8	2	61.2521155250065	57.7962081133584	64.7080229366547	-584.560463619286	-8.14477913704691	2	FALSE	66.052	0	0	0
3	spanishjapanese_5050_50_9	1	45.9189628939867	41.2140216053077	50.6239041826656	-584.560463619286	-6.96299767472784	2	FALSE	48.135	0	0	0
4	spanishjapanese_5050_75_1	3	70.9615522200645	65.8818525110756	76.0412519290534	-521.33825746095	-7.19542640631837	2	FALSE	71.671	0	0	0
4	spanishjapanese_5050_75_10	3	70.9615522200645	65.8818525110756	76.0412519290534	-521.33825746095	-9.70997999579351	2	FALSE	65.488	0	0	0
4	spanishjapanese_5050_75_11	3	70.9615522200645	65.8818525110756	76.0412519290534	-521.33825746095	-9.08832921812508	2	FALSE	68.856	0	0	0
4	spanishjapanese_5050_75_12	3	70.9615522200645	65.8818525110756	76.0412519290534	-521.33825746095	-15.1287942668295	2	FALSE	88.121	0	0	0
4	spanishjapanese_5050_75_13	3	70.9615522200645	65.8818525110756	76.0412519290534	-521.33825746095	-8.1648897446007	2	FALSE	75.138	0	0	0
4	spanishjapanese_5050_75_14	4	87.9164733071777	81.4688124524312	94.3641341619241	-521.33825746095	-9.32039209233304	2	FALSE	94.681	0	0	0
4	spanishjapanese_5050_75_15	3	70.9615522200645	65.8818525110756	76.0412519290534	-521.33825746095	-9.27968889689451	2	FALSE	76.929	0	0	0
4	spanishjapanese_5050_75_16	4	87.9164733071777	81.4688124524312	94.3641341619241	-521.33825746095	-8.90018307844653	2	FALSE	81.536	0	0	0
4	spanishjapanese_5050_75_17	4	87.9164733071777	81.4688124524312	94.3641341619241	-521.33825746095	-20.6589392724678	2	FALSE	106.936	0	0	0
4	spanishjapanese_5050_75_18	3	70.9615522200645	65.8818525110756	76.0412519290534	-521.33825746095	-7.43967717355704	2	FALSE	72.304	0	0	0
4	spanishjapanese_5050_75_19	4	87.9164733071777	81.4688124524312	94.3641341619241	-521.33825746095	-9.59371893584162	2	FALSE	95.929	0	0	0
4	spanishjapanese_5050_75_2	3	70.9615522200645	65.8818525110756	76.0412519290534	-521.33825746095	-9.45876946279664	2	FALSE	74.132	0	0	0
4	spanishjapanese_5050_75_20	1	45.9189628939867	41.2140216053077	50.6239041826656	-521.33825746095	-6.67149606401217	2	FALSE	48.019	0	0	0
4	spanishjapanese_5050_75_21	4	87.9164733071777	81.4688124524312	94.3641341619241	-521.33825746095	-9.03450569251843	2	FALSE	81.863	0	0	0
4	spanishjapanese_5050_75_22	4	87.9164733071777	81.4688124524312	94.3641341619241	-521.33825746095	-12.9031283738342	2	FALSE	94.281	0	0	0
4	spanishjapanese_5050_75_23	2	58.3389205346075	54.2588376936547	62.4190033755603	-521.33825746095	-11.6929542054385	2	FALSE	57.849	0	0	0
4	spanishjapanese_5050_75_24	4	87.9164733071777	81.4688124524312	94.3641341619241	-521.33825746095	-13.8203361212329	2	FALSE	105.494	0	0	0
4	spanishjapanese_5050_75_25	4	87.9164733071777	81.4688124524312	94.3641341619241	-521.33825746095	-8.3504131484267	2	FALSE	84.062	0	0	0
4	spanishjapanese_5050_75_26	4	87.9164733071777	81.4688124524312	94.3641341619241	-521.33825746095	-7.58289872994863	2	FALSE	87.823	0	0	0
4	spanishjapanese_5050_75_27	4	87.9164733071777	81.4688124524312	94.3641341619241	-521.33825746095	-9.87310938664257	2	FALSE	86.055	0	0	0
4	spanishjapanese_5050_75_28	4	87.9164733071777	81.4688124524312	94.3641341619241	-521.33825746095	-7.61479087487433	2	FALSE	87.621	0	0	0
4	spanishjapanese_5050_75_29	3	70.9615522200645	65.8818525110756	76.0412519290534	-521.33825746095	-8.16418277904469	2	FALSE	72.99	0	0	0
4	spanishjapanese_5050_75_3	4	87.9164733071777	81.4688124524312	94.3641341619241	-521.33825746095	-9.2293000943308	2	FALSE	81.356	0	0	0
4	spanishjapanese_5050_75_30	4	87.9164733071777	81.4688124524312	94.3641341619241	-521.33825746095	-8.78032349797088	2	FALSE	82.455	0	0	0
4	spanishjapanese_5050_75_4	4	87.9164733071777	81.4688124524312	94.3641341619241	-521.33825746095	-7.69366028361563	2	FALSE	88.338	0	0	0
4	spanishjapanese_5050_75_5	4	87.9164733071777	81.4688124524312	94.3641341619241	-521.33825746095	-10.7227674238324	2	FALSE	78.12	0	0	0
4	spanishjapanese_5050_75_6	3	70.9615522200645	65.8818525110756	76.0412519290534	-521.33825746095	-9.91499146770214	2	FALSE	76.764	0	0	0
4	spanishjapanese_5050_75_7	4	87.9164733071777	81.4688124524312	94.3641341619241	-521.33825746095	-9.29367870531481	2	FALSE	90.582	0	0	0
4	spanishjapanese_5050_75_8	3	70.9615522200645	65.8818525110756	76.0412519290534	-521.33825746095	-7.99485230651508	2	FALSE	73.474	0	0	0
4	spanishjapanese_5050_75_9	3	70.9615522200645	65.8818525110756	76.0412519290534	-521.33825746095	-8.00818344512457	2	FALSE	74.145	0	0	0
4	spanishjapanese_5050_50_1	2	58.3389205346075	54.2588376936547	62.4190033755603	-521.33825746095	-7.00520736261284	2	FALSE	60.82	0	0	0
4	spanishjapanese_5050_50_10	2	58.3389205346075	54.2588376936547	62.4190033755603	-521.33825746095	-7.07718916217463	2	FALSE	56.865	0	0	0
4	spanishjapanese_5050_50_11	3	70.9615522200645	65.8818525110756	76.0412519290534	-521.33825746095	-9.78378156665492	2	FALSE	70.854	0	0	0
4	spanishjapanese_5050_50_12	2	58.3389205346075	54.2588376936547	62.4190033755603	-521.33825746095	-6.78542427281983	2	FALSE	60.982	0	0	0
4	spanishjapanese_5050_50_13	2	58.3389205346075	54.2588376936547	62.4190033755603	-521.33825746095	-7.12447255489513	2	FALSE	56.406	0	0	0
4	spanishjapanese_5050_50_14	3	70.9615522200645	65.8818525110756	76.0412519290534	-521.33825746095	-8.43968085353222	2	FALSE	67.414	0	0	0
4	spanishjapanese_5050_50_15	1	45.9189628939867	41.2140216053077	50.6239041826656	-521.33825746095	-10.5501076182364	2	FALSE	41.796	0	0	0
4	spanishjapanese_5050_50_16	3	70.9615522200645	65.8818525110756	76.0412519290534	-521.33825746095	-7.62958656618434	2	FALSE	67.979	0	0	0
4	spanishjapanese_5050_50_17	1	45.9189628939867	41.2140216053077	50.6239041826656	-521.33825746095	-8.32021963215852	2	FALSE	51.293	0	0	0
4	spanishjapanese_5050_50_18	2	58.3389205346075	54.2588376936547	62.4190033755603	-521.33825746095	-7.11494053706257	2	FALSE	55.153	0	0	0
4	spanishjapanese_5050_50_19	1	45.9189628939867	41.2140216053077	50.6239041826656	-521.33825746095	-6.94240496559138	2	FALSE	43.862	0	0	0
4	spanishjapanese_5050_50_2	2	58.3389205346075	54.2588376936547	62.4190033755603	-521.33825746095	-7.31173573082426	2	FALSE	56.118	0	0	0
4	spanishjapanese_5050_50_20	2	58.3389205346075	54.2588376936547	62.4190033755603	-521.33825746095	-6.54470072148647	2	FALSE	60.584	0	0	0
4	spanishjapanese_5050_50_21	1	45.9189628939867	41.2140216053077	50.6239041826656	-521.33825746095	-6.23176256548847	2	FALSE	47.339	0	0	0
4	spanishjapanese_5050_50_22	3	70.9615522200645	65.8818525110756	76.0412519290534	-521.33825746095	-7.61844727192349	2	FALSE	70.269	0	0	0
4	spanishjapanese_5050_50_23	2	58.3389205346075	54.2588376936547	62.4190033755603	-521.33825746095	-7.34164924220227	2	FALSE	59.219	0	0	0
4	spanishjapanese_5050_50_24	2	58.3389205346075	54.2588376936547	62.4190033755603	-521.33825746095	-7.09045169315029	2	FALSE	61.446	0	0	0
4	spanishjapanese_5050_50_25	2	58.3389205346075	54.2588376936547	62.4190033755603	-521.33825746095	-7.66177534897706	2	FALSE	54.256	0	0	0
4	spanishjapanese_5050_50_26	1	45.9189628939867	41.2140216053077	50.6239041826656	-521.33825746095	-7.86299022144721	2	FALSE	44.598	0	0	0
4	spanishjapanese_5050_50_27	1	45.9189628939867	41.2140216053077	50.6239041826656	-521.33825746095	-6.58232212063481	2	FALSE	46.56	0	0	0
4	spanishjapanese_5050_50_28	2	58.3389205346075	54.2588376936547	62.4190033755603	-521.33825746095	-7.97444904060747	2	FALSE	58.982	0	0	0
4	spanishjapanese_5050_50_29	1	45.9189628939867	41.2140216053077	50.6239041826656	-521.33825746095	-6.39261235245823	2	FALSE	45.524	0	0	0
4	spanishjapanese_5050_50_3	4	87.9164733071777	81.4688124524312	94.3641341619241	-521.33825746095	-8.82910246249399	2	FALSE	81.813	0	0	0
4	spanishjapanese_5050_50_30	1	45.9189628939867	41.2140216053077	50.6239041826656	-521.33825746095	-8.96386738289828	2	FALSE	39.417	0	0	0
4	spanishjapanese_5050_50_4	3	70.9615522200645	65.8818525110756	76.0412519290534	-521.33825746095	-9.24339768651065	2	FALSE	64.262	0	0	0
4	spanishjapanese_5050_50_5	1	45.9189628939867	41.2140216053077	50.6239041826656	-521.33825746095	-8.34839261560561	2	FALSE	48.075	0	0	0
4	spanishjapanese_5050_50_6	2	58.3389205346075	54.2588376936547	62.4190033755603	-521.33825746095	-7.13681666800515	2	FALSE	56.407	0	0	0
4	spanishjapanese_5050_50_7	1	45.9189628939867	41.2140216053077	50.6239041826656	-521.33825746095	-5.89947018205382	2	FALSE	46.5	0	0	0
4	spanishjapanese_5050_50_8	3	70.9615522200645	65.8818525110756	76.0412519290534	-521.33825746095	-9.28394024314809	2	FALSE	66.052	0	0	0
4	spanishjapanese_5050_50_9	1	45.9189628939867	41.2140216053077	50.6239041826656	-521.33825746095	-6.96299767472784	2	FALSE	48.135	0	0	0
