# CLUSTERING STRENGTH + LIKELIHOOD K SELECTION RESULTS (DATES)
# Recommended K: 1
# Method: DATES
# Clustering strength threshold: 0.983
# Likelihood thresholds: k1 to k2(k=2):1.2 k1 to k2(k=3):2.59 k2 to k3:0.71 k3 to k4:0.49
#
model_k	pop	cluster	joint_date_est_best	joint_date_lowerci	joint_date_upperci	likelihood_mean	likelihood_per_ind	recommended_k	is_recommended	ind_date_est	sample_age_est_best	sample_age_lowerci_mean	sample_age_upperci_mean
1	spanishjapanese_5050_20_72	1	20.034839656576	18.8461017269188	21.2235775862332	-367.857769149004	-7.97489077901287	1	TRUE	23.458	0	NA	NA
1	spanishjapanese_5050_20_73	1	20.034839656576	18.8461017269188	21.2235775862332	-367.857769149004	-4.8118095372675	1	TRUE	18.713	0	NA	NA
1	spanishjapanese_5050_20_74	1	20.034839656576	18.8461017269188	21.2235775862332	-367.857769149004	-11.9610944012945	1	TRUE	15.152	0	NA	NA
1	spanishjapanese_5050_20_75	1	20.034839656576	18.8461017269188	21.2235775862332	-367.857769149004	-11.7476828200739	1	TRUE	15.375	0	NA	NA
1	spanishjapanese_5050_20_76	1	20.034839656576	18.8461017269188	21.2235775862332	-367.857769149004	-12.6145901581453	1	TRUE	23.244	0	NA	NA
1	spanishjapanese_5050_20_77	1	20.034839656576	18.8461017269188	21.2235775862332	-367.857769149004	-7.90772805729382	1	TRUE	22.507	0	NA	NA
1	spanishjapanese_5050_20_78	1	20.034839656576	18.8461017269188	21.2235775862332	-367.857769149004	-32.6560186857619	1	TRUE	12.035	0	NA	NA
1	spanishjapanese_5050_20_79	1	20.034839656576	18.8461017269188	21.2235775862332	-367.857769149004	-27.7189765884006	1	TRUE	11.351	0	NA	NA
1	spanishjapanese_5050_20_8	1	20.034839656576	18.8461017269188	21.2235775862332	-367.857769149004	-25.3821519436165	1	TRUE	10.042	0	NA	NA
1	spanishjapanese_5050_20_80	1	20.034839656576	18.8461017269188	21.2235775862332	-367.857769149004	-9.11294642391458	1	TRUE	24.092	0	NA	NA
1	spanishjapanese_5050_20_81	1	20.034839656576	18.8461017269188	21.2235775862332	-367.857769149004	-35.8764807980754	1	TRUE	11.659	0	NA	NA
1	spanishjapanese_5050_20_82	1	20.034839656576	18.8461017269188	21.2235775862332	-367.857769149004	-5.33364240289593	1	TRUE	21.83	0	NA	NA
1	spanishjapanese_5050_20_83	1	20.034839656576	18.8461017269188	21.2235775862332	-367.857769149004	-4.99407872985932	1	TRUE	20.634	0	NA	NA
1	spanishjapanese_5050_20_84	1	20.034839656576	18.8461017269188	21.2235775862332	-367.857769149004	-16.3863559377055	1	TRUE	14.116	0	NA	NA
1	spanishjapanese_5050_20_85	1	20.034839656576	18.8461017269188	21.2235775862332	-367.857769149004	-3.66894364354587	1	TRUE	19.606	0	NA	NA
1	spanishjapanese_5050_20_86	1	20.034839656576	18.8461017269188	21.2235775862332	-367.857769149004	-13.4900552893309	1	TRUE	27.2	0	NA	NA
1	spanishjapanese_5050_20_87	1	20.034839656576	18.8461017269188	21.2235775862332	-367.857769149004	-4.59128844163838	1	TRUE	19.033	0	NA	NA
1	spanishjapanese_5050_20_88	1	20.034839656576	18.8461017269188	21.2235775862332	-367.857769149004	-5.12403297052761	1	TRUE	21.661	0	NA	NA
1	spanishjapanese_5050_20_89	1	20.034839656576	18.8461017269188	21.2235775862332	-367.857769149004	-19.7454486091976	1	TRUE	22.893	0	NA	NA
1	spanishjapanese_5050_20_9	1	20.034839656576	18.8461017269188	21.2235775862332	-367.857769149004	-32.4362789352592	1	TRUE	28.134	0	NA	NA
1	spanishjapanese_5050_20_90	1	20.034839656576	18.8461017269188	21.2235775862332	-367.857769149004	-11.1884335177057	1	TRUE	24.567	0	NA	NA
1	spanishjapanese_5050_20_91	1	20.034839656576	18.8461017269188	21.2235775862332	-367.857769149004	-10.6207888994439	1	TRUE	23.451	0	NA	NA
1	spanishjapanese_5050_20_92	1	20.034839656576	18.8461017269188	21.2235775862332	-367.857769149004	-4.11360934596656	1	TRUE	21.016	0	NA	NA
1	spanishjapanese_5050_20_93	1	20.034839656576	18.8461017269188	21.2235775862332	-367.857769149004	-6.40890224632024	1	TRUE	17.652	0	NA	NA
1	spanishjapanese_5050_20_94	1	20.034839656576	18.8461017269188	21.2235775862332	-367.857769149004	-6.26812912603842	1	TRUE	18.103	0	NA	NA
1	spanishjapanese_5050_20_95	1	20.034839656576	18.8461017269188	21.2235775862332	-367.857769149004	-11.1468996585252	1	TRUE	14.446	0	NA	NA
1	spanishjapanese_5050_20_96	1	20.034839656576	18.8461017269188	21.2235775862332	-367.857769149004	-4.99039743582612	1	TRUE	18.454	0	NA	NA
1	spanishjapanese_5050_20_97	1	20.034839656576	18.8461017269188	21.2235775862332	-367.857769149004	-6.26705802438324	1	TRUE	22.449	0	NA	NA
1	spanishjapanese_5050_20_98	1	20.034839656576	18.8461017269188	21.2235775862332	-367.857769149004	-8.47299618702441	1	TRUE	17.366	0	NA	NA
1	spanishjapanese_5050_20_99	1	20.034839656576	18.8461017269188	21.2235775862332	-367.857769149004	-4.84605955495346	1	TRUE	21.31	0	NA	NA
2	spanishjapanese_5050_20_72	2	22.4069370241991	20.9475651989869	23.8663088494113	-216.058751200315	-6.04397479429591	1	FALSE	23.458	0	0	0
2	spanishjapanese_5050_20_73	1	15.3576327543843	13.3083919609146	17.4068735478539	-216.058751200315	-8.14300974095546	1	FALSE	18.713	0	0	0
2	spanishjapanese_5050_20_74	1	15.3576327543843	13.3083919609146	17.4068735478539	-216.058751200315	-10.0329416684281	1	FALSE	15.152	0	0	0
2	spanishjapanese_5050_20_75	1	15.3576327543843	13.3083919609146	17.4068735478539	-216.058751200315	-4.1958969000464	1	FALSE	15.375	0	0	0
2	spanishjapanese_5050_20_76	2	22.4069370241991	20.9475651989869	23.8663088494113	-216.058751200315	-4.06569458448541	1	FALSE	23.244	0	0	0
2	spanishjapanese_5050_20_77	2	22.4069370241991	20.9475651989869	23.8663088494113	-216.058751200315	-3.2743673531391	1	FALSE	22.507	0	0	0
2	spanishjapanese_5050_20_78	1	15.3576327543843	13.3083919609146	17.4068735478539	-216.058751200315	-8.92028218138139	1	FALSE	12.035	0	0	0
2	spanishjapanese_5050_20_79	1	15.3576327543843	13.3083919609146	17.4068735478539	-216.058751200315	-9.32183997897976	1	FALSE	11.351	0	0	0
2	spanishjapanese_5050_20_8	1	15.3576327543843	13.3083919609146	17.4068735478539	-216.058751200315	-10.9423078376854	1	FALSE	10.042	0	0	0
2	spanishjapanese_5050_20_80	2	22.4069370241991	20.9475651989869	23.8663088494113	-216.058751200315	-5.98634274514527	1	FALSE	24.092	0	0	0
2	spanishjapanese_5050_20_81	1	15.3576327543843	13.3083919609146	17.4068735478539	-216.058751200315	-10.1946294359004	1	FALSE	11.659	0	0	0
2	spanishjapanese_5050_20_82	2	22.4069370241991	20.9475651989869	23.8663088494113	-216.058751200315	-3.5460319532348	1	FALSE	21.83	0	0	0
2	spanishjapanese_5050_20_83	2	22.4069370241991	20.9475651989869	23.8663088494113	-216.058751200315	-5.89531419299133	1	FALSE	20.634	0	0	0
2	spanishjapanese_5050_20_84	1	15.3576327543843	13.3083919609146	17.4068735478539	-216.058751200315	-4.72633023755779	1	FALSE	14.116	0	0	0
2	spanishjapanese_5050_20_85	2	22.4069370241991	20.9475651989869	23.8663088494113	-216.058751200315	-7.792092935707	1	FALSE	19.606	0	0	0
2	spanishjapanese_5050_20_86	2	22.4069370241991	20.9475651989869	23.8663088494113	-216.058751200315	-11.0552302125735	1	FALSE	27.2	0	0	0
2	spanishjapanese_5050_20_87	2	22.4069370241991	20.9475651989869	23.8663088494113	-216.058751200315	-13.1583237553462	1	FALSE	19.033	0	0	0
2	spanishjapanese_5050_20_88	2	22.4069370241991	20.9475651989869	23.8663088494113	-216.058751200315	-4.34995110861402	1	FALSE	21.661	0	0	0
2	spanishjapanese_5050_20_89	2	22.4069370241991	20.9475651989869	23.8663088494113	-216.058751200315	-6.84935907755589	1	FALSE	22.893	0	0	0
2	spanishjapanese_5050_20_9	2	22.4069370241991	20.9475651989869	23.8663088494113	-216.058751200315	-17.9861310156731	1	FALSE	28.134	0	0	0
2	spanishjapanese_5050_20_90	2	22.4069370241991	20.9475651989869	23.8663088494113	-216.058751200315	-5.86797560539598	1	FALSE	24.567	0	0	0
2	spanishjapanese_5050_20_91	2	22.4069370241991	20.9475651989869	23.8663088494113	-216.058751200315	-3.93537592896065	1	FALSE	23.451	0	0	0
2	spanishjapanese_5050_20_92	2	22.4069370241991	20.9475651989869	23.8663088494113	-216.058751200315	-4.4104765606114	1	FALSE	21.016	0	0	0
2	spanishjapanese_5050_20_93	1	15.3576327543843	13.3083919609146	17.4068735478539	-216.058751200315	-6.41085971644303	1	FALSE	17.652	0	0	0
2	spanishjapanese_5050_20_94	1	15.3576327543843	13.3083919609146	17.4068735478539	-216.058751200315	-6.77587750442077	1	FALSE	18.103	0	0	0
2	spanishjapanese_5050_20_95	1	15.3576327543843	13.3083919609146	17.4068735478539	-216.058751200315	-7.14299152206939	1	FALSE	14.446	0	0	0
2	spanishjapanese_5050_20_96	1	15.3576327543843	13.3083919609146	17.4068735478539	-216.058751200315	-9.41122581692684	1	FALSE	18.454	0	0	0
2	spanishjapanese_5050_20_97	2	22.4069370241991	20.9475651989869	23.8663088494113	-216.058751200315	-3.99038693637919	1	FALSE	22.449	0	0	0
2	spanishjapanese_5050_20_98	1	15.3576327543843	13.3083919609146	17.4068735478539	-216.058751200315	-6.92878085540194	1	FALSE	17.366	0	0	0
2	spanishjapanese_5050_20_99	2	22.4069370241991	20.9475651989869	23.8663088494113	-216.058751200315	-4.70474904400953	1	FALSE	21.31	0	0	0
3	spanishjapanese_5050_20_72	3	23.0807492005798	21.4623230154498	24.6991753857099	-167.317577627981	-5.76183605012345	1	FALSE	23.458	0	0	0
3	spanishjapanese_5050_20_73	2	18.6060954557527	16.4113310983273	20.8008598131782	-167.317577627981	-4.08476169344729	1	FALSE	18.713	0	0	0
3	spanishjapanese_5050_20_74	1	12.7113405593829	9.80374537561116	15.6189357431547	-167.317577627981	-9.77567121116729	1	FALSE	15.152	0	0	0
3	spanishjapanese_5050_20_75	1	12.7113405593829	9.80374537561116	15.6189357431547	-167.317577627981	-6.77401413230493	1	FALSE	15.375	0	0	0
3	spanishjapanese_5050_20_76	3	23.0807492005798	21.4623230154498	24.6991753857099	-167.317577627981	-3.57051966662271	1	FALSE	23.244	0	0	0
3	spanishjapanese_5050_20_77	3	23.0807492005798	21.4623230154498	24.6991753857099	-167.317577627981	-3.56190687556695	1	FALSE	22.507	0	0	0
3	spanishjapanese_5050_20_78	1	12.7113405593829	9.80374537561116	15.6189357431547	-167.317577627981	-4.55093916429224	1	FALSE	12.035	0	0	0
3	spanishjapanese_5050_20_79	1	12.7113405593829	9.80374537561116	15.6189357431547	-167.317577627981	-4.97192939839162	1	FALSE	11.351	0	0	0
3	spanishjapanese_5050_20_8	1	12.7113405593829	9.80374537561116	15.6189357431547	-167.317577627981	-6.52431011259159	1	FALSE	10.042	0	0	0
3	spanishjapanese_5050_20_80	3	23.0807492005798	21.4623230154498	24.6991753857099	-167.317577627981	-5.47812347224507	1	FALSE	24.092	0	0	0
3	spanishjapanese_5050_20_81	1	12.7113405593829	9.80374537561116	15.6189357431547	-167.317577627981	-4.86251680196473	1	FALSE	11.659	0	0	0
3	spanishjapanese_5050_20_82	3	23.0807492005798	21.4623230154498	24.6991753857099	-167.317577627981	-4.23459705733071	1	FALSE	21.83	0	0	0
3	spanishjapanese_5050_20_83	2	18.6060954557527	16.4113310983273	20.8008598131782	-167.317577627981	-6.28082289362426	1	FALSE	20.634	0	0	0
3	spanishjapanese_5050_20_84	1	12.7113405593829	9.80374537561116	15.6189357431547	-167.317577627981	-5.0029741100734	1	FALSE	14.116	0	0	0
3	spanishjapanese_5050_20_85	2	18.6060954557527	16.4113310983273	20.8008598131782	-167.317577627981	-3.707328099123	1	FALSE	19.606	0	0	0
3	spanishjapanese_5050_20_86	3	23.0807492005798	21.4623230154498	24.6991753857099	-167.317577627981	-10.2154667568705	1	FALSE	27.2	0	0	0
3	spanishjapanese_5050_20_87	2	18.6060954557527	16.4113310983273	20.8008598131782	-167.317577627981	-3.70303694054881	1	FALSE	19.033	0	0	0
3	spanishjapanese_5050_20_88	3	23.0807492005798	21.4623230154498	24.6991753857099	-167.317577627981	-4.84568742019982	1	FALSE	21.661	0	0	0
3	spanishjapanese_5050_20_89	3	23.0807492005798	21.4623230154498	24.6991753857099	-167.317577627981	-6.69877095797403	1	FALSE	22.893	0	0	0
3	spanishjapanese_5050_20_9	3	23.0807492005798	21.4623230154498	24.6991753857099	-167.317577627981	-14.819954857606	1	FALSE	28.134	0	0	0
3	spanishjapanese_5050_20_90	3	23.0807492005798	21.4623230154498	24.6991753857099	-167.317577627981	-5.01635220022834	1	FALSE	24.567	0	0	0
3	spanishjapanese_5050_20_91	3	23.0807492005798	21.4623230154498	24.6991753857099	-167.317577627981	-3.39798905619995	1	FALSE	23.451	0	0	0
3	spanishjapanese_5050_20_92	3	23.0807492005798	21.4623230154498	24.6991753857099	-167.317577627981	-5.73792747226365	1	FALSE	21.016	0	0	0
3	spanishjapanese_5050_20_93	2	18.6060954557527	16.4113310983273	20.8008598131782	-167.317577627981	-3.78521351327728	1	FALSE	17.652	0	0	0
3	spanishjapanese_5050_20_94	2	18.6060954557527	16.4113310983273	20.8008598131782	-167.317577627981	-6.18167996029219	1	FALSE	18.103	0	0	0
3	spanishjapanese_5050_20_95	1	12.7113405593829	9.80374537561116	15.6189357431547	-167.317577627981	-6.94402727468942	1	FALSE	14.446	0	0	0
3	spanishjapanese_5050_20_96	2	18.6060954557527	16.4113310983273	20.8008598131782	-167.317577627981	-3.14995621629474	1	FALSE	18.454	0	0	0
3	spanishjapanese_5050_20_97	3	23.0807492005798	21.4623230154498	24.6991753857099	-167.317577627981	-4.12629060680336	1	FALSE	22.449	0	0	0
3	spanishjapanese_5050_20_98	2	18.6060954557527	16.4113310983273	20.8008598131782	-167.317577627981	-4.2276572998413	1	FALSE	17.366	0	0	0
3	spanishjapanese_5050_20_99	3	23.0807492005798	21.4623230154498	24.6991753857099	-167.317577627981	-5.32531635602213	1	FALSE	21.31	0	0	0
4	spanishjapanese_5050_20_72	4	25.6876398310033	21.9113258155436	29.463953846463	-152.240399418563	-5.79501610179078	1	FALSE	23.458	0	0	0
4	spanishjapanese_5050_20_73	2	18.6060954557527	16.4113310983273	20.8008598131782	-152.240399418563	-4.08476169344729	1	FALSE	18.713	0	0	0
4	spanishjapanese_5050_20_74	1	12.7113405593829	9.80374537561116	15.6189357431547	-152.240399418563	-9.77567121116729	1	FALSE	15.152	0	0	0
4	spanishjapanese_5050_20_75	1	12.7113405593829	9.80374537561116	15.6189357431547	-152.240399418563	-6.77401413230493	1	FALSE	15.375	0	0	0
4	spanishjapanese_5050_20_76	3	22.4941935763149	20.7029225693734	24.2854645832563	-152.240399418563	-3.2983854948956	1	FALSE	23.244	0	0	0
4	spanishjapanese_5050_20_77	3	22.4941935763149	20.7029225693734	24.2854645832563	-152.240399418563	-2.69965561678548	1	FALSE	22.507	0	0	0
4	spanishjapanese_5050_20_78	1	12.7113405593829	9.80374537561116	15.6189357431547	-152.240399418563	-4.55093916429224	1	FALSE	12.035	0	0	0
4	spanishjapanese_5050_20_79	1	12.7113405593829	9.80374537561116	15.6189357431547	-152.240399418563	-4.97192939839162	1	FALSE	11.351	0	0	0
4	spanishjapanese_5050_20_8	1	12.7113405593829	9.80374537561116	15.6189357431547	-152.240399418563	-6.52431011259159	1	FALSE	10.042	0	0	0
4	spanishjapanese_5050_20_80	4	25.6876398310033	21.9113258155436	29.463953846463	-152.240399418563	-5.02884863064687	1	FALSE	24.092	0	0	0
4	spanishjapanese_5050_20_81	1	12.7113405593829	9.80374537561116	15.6189357431547	-152.240399418563	-4.86251680196473	1	FALSE	11.659	0	0	0
4	spanishjapanese_5050_20_82	3	22.4941935763149	20.7029225693734	24.2854645832563	-152.240399418563	-3.3304842403464	1	FALSE	21.83	0	0	0
4	spanishjapanese_5050_20_83	2	18.6060954557527	16.4113310983273	20.8008598131782	-152.240399418563	-6.28082289362426	1	FALSE	20.634	0	0	0
4	spanishjapanese_5050_20_84	1	12.7113405593829	9.80374537561116	15.6189357431547	-152.240399418563	-5.0029741100734	1	FALSE	14.116	0	0	0
4	spanishjapanese_5050_20_85	2	18.6060954557527	16.4113310983273	20.8008598131782	-152.240399418563	-3.707328099123	1	FALSE	19.606	0	0	0
4	spanishjapanese_5050_20_86	4	25.6876398310033	21.9113258155436	29.463953846463	-152.240399418563	-7.24515681626972	1	FALSE	27.2	0	0	0
4	spanishjapanese_5050_20_87	2	18.6060954557527	16.4113310983273	20.8008598131782	-152.240399418563	-3.70303694054881	1	FALSE	19.033	0	0	0
4	spanishjapanese_5050_20_88	3	22.4941935763149	20.7029225693734	24.2854645832563	-152.240399418563	-4.85273195825841	1	FALSE	21.661	0	0	0
4	spanishjapanese_5050_20_89	3	22.4941935763149	20.7029225693734	24.2854645832563	-152.240399418563	-6.86503488869881	1	FALSE	22.893	0	0	0
4	spanishjapanese_5050_20_9	4	25.6876398310033	21.9113258155436	29.463953846463	-152.240399418563	-6.84518119311018	1	FALSE	28.134	0	0	0
4	spanishjapanese_5050_20_90	4	25.6876398310033	21.9113258155436	29.463953846463	-152.240399418563	-4.46262145754644	1	FALSE	24.567	0	0	0
4	spanishjapanese_5050_20_91	3	22.4941935763149	20.7029225693734	24.2854645832563	-152.240399418563	-3.40653000038901	1	FALSE	23.451	0	0	0
4	spanishjapanese_5050_20_92	3	22.4941935763149	20.7029225693734	24.2854645832563	-152.240399418563	-4.22939582014737	1	FALSE	21.016	0	0	0
4	spanishjapanese_5050_20_93	2	18.6060954557527	16.4113310983273	20.8008598131782	-152.240399418563	-3.78521351327728	1	FALSE	17.652	0	0	0
4	spanishjapanese_5050_20_94	2	18.6060954557527	16.4113310983273	20.8008598131782	-152.240399418563	-6.18167996029219	1	FALSE	18.103	0	0	0
4	spanishjapanese_5050_20_95	1	12.7113405593829	9.80374537561116	15.6189357431547	-152.240399418563	-6.94402727468942	1	FALSE	14.446	0	0	0
4	spanishjapanese_5050_20_96	2	18.6060954557527	16.4113310983273	20.8008598131782	-152.240399418563	-3.14995621629474	1	FALSE	18.454	0	0	0
4	spanishjapanese_5050_20_97	3	22.4941935763149	20.7029225693734	24.2854645832563	-152.240399418563	-4.31252860756858	1	FALSE	22.449	0	0	0
4	spanishjapanese_5050_20_98	2	18.6060954557527	16.4113310983273	20.8008598131782	-152.240399418563	-4.2276572998413	1	FALSE	17.366	0	0	0
4	spanishjapanese_5050_20_99	3	22.4941935763149	20.7029225693734	24.2854645832563	-152.240399418563	-5.34198977018563	1	FALSE	21.31	0	0	0
